0 0 0
1 0.377562 0.138172
2 0.0596511 0.14582
3 0.0418435 0.168296
4 0.103938 0.170822
5 -0.0223957 0.173426
6 0.233169 0.153276
7 0.328331 0.179843
8 0.275746 0.180201
9 0.28606 0.132044
10 0.522941 0.173461
11 0.146046 0.17163
12 0.288632 0.170284
13 0.439457 0.174836
14 -0.0569242 0.172191
15 0.278678 0.155978
16 0.119889 0.148833
17 0.713183 0.155121
18 0.744476 0.144903
19 0.141016 0.143918
20 0.19444 0.138252
21 0.495008 0.150143
22 0.365149 0.140309
23 0.468079 0.160082
24 0.321874 0.136282
25 0.113274 0.135549
26 0.137431 0.123756
27 0.0546188 0.148041
28 0.283084 0.11472
29 0.26627 0.148183
30 0.229747 0.153776
31 0.585098 0.133126
32 0.360734 0.148758
33 0.442227 0.147404
34 0.301637 0.161548
35 0.253023 0.121613
36 0.30329 0.13185
37 0.307921 0.140597
38 0.463975 0.141554
39 0.433143 0.084587
40 0.231618 0.141438
41 0.485497 0.100986
42 0.473545 0.140072
43 0.245813 0.12881
44 0.270971 0.115588
45 0.300321 0.131353
46 0.275873 0.103677
47 0.142407 0.159128
48 0.33178 0.117438
49 0.605049 0.0972439
50 0.260522 0.136073
51 0.246068 0.0890297
52 0.210095 0.142365
53 0.522899 0.113923
54 0.224702 0.0945114
55 0.11617 0.130296
56 0.136743 0.132377
57 0.598346 0.127012
58 0.0370825 0.127796
59 0.212253 0.147265
60 0.423787 0.100054
61 0.411433 0.0945432
62 0.0937678 0.143927
63 0.313291 0.101713
64 0.129628 0.135787
65 0.281185 0.128036
66 0.23487 0.120462
67 0.48209 0.103385
68 0.386097 0.115301
69 0.401301 0.118142
70 0.185203 0.11872
71 0.355742 0.12047
72 0.304271 0.094032
73 0.080835 0.137974
74 0.231627 0.0913727
75 0.373243 0.151586
76 0.460981 0.156057
77 0.626214 0.143255
78 0.565454 0.086222
79 0.244698 0.15899
80 0.379672 0.125822
81 0.384027 0.129507
82 0.345386 0.12924
83 0.623246 0.0779166
84 0.306701 0.163421
85 0.13798 0.146772
86 0.165432 0.145033
87 0.518057 0.157653
88 0.573197 0.136995
89 0.272423 0.147224
90 0.318057 0.0988416
91 0.210143 0.132717
92 0.24844 0.149881
93 0.337757 0.155064
94 0.211771 0.156422
95 0.239401 0.157651
96 0.331842 0.123447
97 0.368956 0.138744
98 0.536759 0.138717
99 0.373856 0.129584
100 0.427487 0.098807
101 0.249561 0.121209
102 0.602775 0.138606
103 0.370854 0.119199
104 0.357375 0.133451
105 0.396367 0.111727
106 0.467534 0.12799
107 0.381656 0.0976242
108 0.305391 0.094431
109 0.276058 0.12337
110 0.317658 0.079193
111 0.18162 0.112732
112 0.489658 0.106321
113 0.44531 0.117001
114 0.261957 0.129124
115 0.292139 0.125516
116 0.187115 0.0984759
117 0.138907 0.103616
118 0.306227 0.10081
119 0.206165 0.0978185
120 0.609279 0.104911
121 0.351676 0.137516
122 0.351566 0.102564
123 0.224549 0.114066
124 0.0400625 0.111873
125 0.179822 0.117844
126 0.263733 0.127103
127 0.200486 0.0835993
128 0.453348 0.135942
129 0.216233 0.090106
130 0.451748 0.118293
131 0.392227 0.115743
132 0.478116 0.124353
133 0.438719 0.0913791
134 0.309677 0.133513
135 0.321688 0.10812
136 0.232097 0.0960388
137 0.268124 0.10052
138 0.232656 0.103593
139 0.316113 0.130456
140 0.340534 0.110826
141 0.368811 0.147058
142 0.429668 0.0994818
143 0.249989 0.121577
144 0.43795 0.1073
145 0.455398 0.13553
146 0.379236 0.101526
147 0.377438 0.0880428
148 0.35014 0.0866551
149 0.519431 0.10827
150 0.197063 0.132369
151 0.287625 0.119283
152 0.249139 0.117115
153 0.160133 0.100793
154 0.176272 0.129659
155 0.319841 0.12274
156 0.505697 0.111254
157 0.461623 0.118092
158 0.4002 0.0919286
159 0.561719 0.118936
160 0.270047 0.115056
161 0.271251 0.151142
162 0.679906 0.0821779
163 0.453161 0.0906505
164 0.448769 0.0948345
165 0.210095 0.116154
166 0.349805 0.094688
167 0.168173 0.107974
168 0.447096 0.148297
169 0.34972 0.0874109
170 0.513125 0.134905
171 0.27263 0.106719
172 0.260365 0.116338
173 0.205323 0.0902983
174 0.276246 0.10577
175 0.142885 0.111587
176 0.337432 0.140261
177 0.271775 0.0921889
178 0.275908 0.117686
179 0.197784 0.153295
180 0.366246 0.114101
181 0.292303 0.103528
182 0.221428 0.11524
183 0.367061 0.10999
184 0.173948 0.100402
185 0.169406 0.10895
186 0.282386 0.105656
187 0.341825 0.141732
188 0.508724 0.0971907
189 0.178298 0.141629
190 0.283191 0.126731
191 0.313791 0.163022
192 0.279788 0.110433
193 0.195238 0.134928
194 0.169921 0.103637
195 0.421267 0.134339
196 0.406373 0.12502
197 0.306322 0.0978162
198 0.0567899 0.143273
199 0.199632 0.139048
200 0.472372 0.135721
201 0.226228 0.140131
202 0.448526 0.140515
203 0.171777 0.168632
204 0.210939 0.120071
205 0.0350074 0.111379
206 0.275196 0.112186
207 0.22863 0.133869
208 0.30391 0.114066
209 0.458241 0.12434
210 0.334569 0.121506
211 0.218488 0.142617
212 0.257294 0.125935
213 0.33131 0.145379
214 0.250515 0.152761
215 0.457394 0.118676
216 0.210244 0.142114
217 0.246755 0.139956
218 0.310776 0.120179
219 0.296777 0.152823
220 0.319816 0.107823
221 0.69307 0.148747
222 0.0868801 0.131148
223 0.209047 0.117096
224 0.193116 0.127956
225 0.356953 0.10421
226 0.293005 0.114078
227 0.507311 0.0890964
228 0.0927077 0.14044
229 0.456219 0.103741
230 0.280005 0.111889
231 0.54539 0.0924297
232 0.24878 0.0952305
233 0.298258 0.13137
234 0.327005 0.141664
235 0.389941 0.0937137
236 0.329593 0.135455
237 0.18345 0.112518
238 0.196607 0.121852
239 0.23905 0.16665
240 0.2548 0.135119
241 0.155834 0.12917
242 0.443309 0.125714
243 0.25876 0.094216
244 0.616514 0.121536
245 0.308608 0.0962
246 0.443559 0.12438
247 0.489447 0.113032
248 0.214213 0.129722
249 0.268033 0.123023
250 0.371479 0.111046
251 0.333652 0.111958
252 0.545428 0.153474
253 0.00707271 0.125095
254 0.477935 0.178094
255 0.278245 0.150578
256 0.260162 0.139232
257 0.323672 0.126629
258 0.390355 0.126226
259 0.447377 0.125903
260 0.0513963 0.18057
261 0.290698 0.134653
262 0.211489 0.177811
263 0.41847 0.154519
264 0.296759 0.160953
265 0.23909 0.153162
266 0.366743 0.149435
267 0.1938 0.133936
268 0.409463 0.140637
269 0.31492 0.138526
270 0.656241 0.169069
271 0.328388 0.151035
272 0.349283 0.111155
273 0.0945457 0.109886
274 0.44301 0.124081
275 0.345985 0.167173
276 0.190902 0.175126
277 0.37265 0.134395
278 0.296376 0.0826936
279 0.238826 0.161309
280 0.158057 0.147105
281 0.19247 0.142328
282 0.497252 0.141107
283 0.382575 0.138115
284 0.262961 0.165442
285 0.524924 0.147178
286 0.347615 0.179176
287 0.103544 0.195353
288 0.514994 0.126574
289 0.111809 0.166297
290 0.3182 0.193707
291 0.372508 0.166388
292 0.41994 0.124726
293 0.286631 0.126086
294 0.283363 0.125221
295 0.290598 0.198905
296 0.088578 0.137668
297 -0.0276369 0.183447
298 0.487146 0.193755
299 0 0
