0 -0.47604 0.00947613
1 -0.5532 0.00902191
2 -0.608317 0.00713164
3 -0.648294 0.00617494
4 -0.67226 0.0068308
5 -0.700988 0.0065824
6 -0.725086 0.00611414
7 -0.740993 0.00505391
8 -0.756857 0.00540824
9 -0.763553 0.00485366
10 -0.769023 0.00422204
11 -0.773235 0.00429788
12 -0.777619 0.00407855
13 -0.778921 0.0042134
14 -0.780595 0.00387591
15 -0.785373 0.00378764
16 -0.787178 0.00442301
17 -0.790068 0.0032164
18 -0.793976 0.00328105
19 -0.795502 0.00448221
20 -0.794199 0.00388617
21 -0.79644 0.00375179
22 -0.799205 0.00438106
23 -0.793718 0.00386255
24 -0.790532 0.00313792
25 -0.788041 0.00359425
26 -0.785412 0.00364317
27 -0.780173 0.0037231
28 -0.78052 0.00406286
29 -0.777623 0.00310664
30 -0.775858 0.00402979
31 -0.775192 0.0045156
32 -0.776278 0.00447843
33 -0.776663 0.00420149
34 -0.778721 0.00330206
35 -0.780233 0.00293366
36 -0.781576 0.00300928
37 -0.787129 0.00348467
38 -0.786319 0.00396163
39 -0.786069 0.0047849
40 -0.786095 0.00357192
41 -0.784317 0.00377091
42 -0.781351 0.00432522
43 -0.781291 0.0038005
44 -0.783085 0.00345918
45 -0.786088 0.00288162
46 -0.784951 0.00280951
47 -0.785426 0.00326664
48 -0.78594 0.0038421
49 -0.786492 0.00334509
50 -0.784087 0.00408704
51 -0.781297 0.0044665
52 -0.784325 0.0035521
53 -0.782749 0.00494798
54 -0.782974 0.00397045
55 -0.786451 0.0040874
56 -0.783758 0.00384042
57 -0.781612 0.00334629
58 -0.782084 0.00323165
59 -0.786333 0.00326102
60 -0.78493 0.00369012
61 -0.78158 0.00404697
62 -0.783229 0.00317078
63 -0.782132 0.00318044
64 -0.784313 0.00314654
65 -0.781059 0.00389224
66 -0.784719 0.002711
67 -0.782264 0.00357306
68 -0.780421 0.00377416
69 -0.779892 0.00397861
70 -0.77981 0.00399311
71 -0.782068 0.00415115
72 -0.783116 0.00381652
73 -0.780954 0.00337451
74 -0.780163 0.00230044
75 -0.78109 0.00261626
76 -0.778269 0.00288541
77 -0.78115 0.00334227
78 -0.781807 0.00342828
79 -0.782208 0.00422812
80 -0.776255 0.00333884
81 -0.775932 0.00283252
82 -0.77338 0.0029612
83 -0.777164 0.00305125
84 -0.778715 0.00329024
85 -0.776505 0.00360525
86 -0.778675 0.00386563
87 -0.776373 0.00350198
88 -0.777648 0.00362377
89 -0.780774 0.00310279
90 -0.783431 0.00282503
91 -0.781535 0.00341836
92 -0.783594 0.0031071
93 -0.779623 0.00396174
94 -0.779511 0.0038176
95 -0.783603 0.00431513
96 -0.783307 0.00396087
97 -0.781569 0.0029642
98 -0.781377 0.00333147
99 -0.785679 0.00292954
100 -0.785167 0.00301734
101 -0.7852 0.00311381
102 -0.785371 0.00385344
103 -0.786407 0.0030693
104 -0.783696 0.00334265
105 -0.782398 0.0029862
106 -0.780251 0.00312057
107 -0.778545 0.00352303
108 -0.779963 0.00323156
109 -0.779278 0.0036555
110 -0.778791 0.00339589
111 -0.779489 0.00335346
112 -0.780365 0.00344011
113 -0.781029 0.00399059
114 -0.780405 0.00394421
115 -0.777668 0.00444057
116 -0.778309 0.00453966
117 -0.776657 0.00343344
118 -0.777455 0.0036127
119 -0.77595 0.0034431
120 -0.774795 0.0034487
121 -0.776986 0.00344958
122 -0.775886 0.00354527
123 -0.779274 0.00392071
124 -0.779933 0.0034121
125 -0.775726 0.00256998
126 -0.775423 0.00250604
127 -0.777481 0.0031256
128 -0.778966 0.00352575
129 -0.780873 0.00375233
130 -0.782004 0.00331268
131 -0.784061 0.00347791
132 -0.78017 0.00409152
133 -0.784189 0.00412815
134 -0.783478 0.00484425
135 -0.782746 0.00429549
136 -0.783079 0.0036041
137 -0.781094 0.00375681
138 -0.780751 0.00391915
139 -0.782952 0.00381005
140 -0.778115 0.00415151
141 -0.77882 0.00371409
142 -0.779524 0.00309796
143 -0.780882 0.00351829
144 -0.779157 0.00365956
145 -0.781758 0.0034118
146 -0.781809 0.00353165
147 -0.781308 0.00394807
148 -0.780341 0.00367224
149 -0.781544 0.00407782
150 -0.779563 0.00376066
151 -0.775512 0.00356987
152 -0.781402 0.00354951
153 -0.786525 0.00319372
154 -0.786344 0.00326585
155 -0.783265 0.0036051
156 -0.783371 0.00393266
157 -0.784943 0.00319817
158 -0.788514 0.00262481
159 -0.784451 0.00247068
160 -0.784582 0.00297116
161 -0.783688 0.00356815
162 -0.782268 0.00254197
163 -0.781741 0.00297565
164 -0.780255 0.00362776
165 -0.778177 0.00371224
166 -0.777847 0.00365178
167 -0.778492 0.00315133
168 -0.776204 0.00308898
169 -0.774522 0.00280683
170 -0.776042 0.00330279
171 -0.777141 0.00401622
172 -0.778127 0.00334795
173 -0.776891 0.00338689
174 -0.774859 0.00328798
175 -0.776977 0.00306929
176 -0.778034 0.00275591
177 -0.779363 0.00254855
178 -0.779621 0.00385839
179 -0.781481 0.00409305
180 -0.781057 0.00435227
181 -0.77871 0.00395168
182 -0.780277 0.00333689
183 -0.780969 0.00343257
184 -0.780166 0.00299305
185 -0.778093 0.00286739
186 -0.778495 0.00326405
187 -0.77761 0.00335517
188 -0.778775 0.00317919
189 -0.777014 0.00293233
190 -0.78028 0.00332169
191 -0.780371 0.00291004
192 -0.783582 0.00318315
193 -0.784785 0.0033731
194 -0.783885 0.00327539
195 -0.785954 0.00289505
196 -0.787957 0.0029582
197 -0.788052 0.00303685
198 -0.7899 0.00294216
199 -0.788568 0.00282217
200 -0.783101 0.00340522
201 -0.784594 0.00341796
202 -0.783908 0.00397113
203 -0.787246 0.00429789
204 -0.787162 0.0039148
205 -0.784566 0.00340624
206 -0.785102 0.00336394
207 -0.789514 0.00356208
208 -0.786456 0.00251579
209 -0.785494 0.00351151
210 -0.783146 0.00334295
211 -0.780378 0.00370719
212 -0.781317 0.00380627
213 -0.782301 0.00406251
214 -0.781529 0.00395277
215 -0.779687 0.00326127
216 -0.78248 0.00273686
217 -0.778171 0.00281163
218 -0.778683 0.00389132
219 -0.779516 0.00342254
220 -0.78034 0.00292085
221 -0.783392 0.00377535
222 -0.78572 0.00362357
223 -0.780415 0.00344073
224 -0.780954 0.00273613
225 -0.779292 0.00280534
226 -0.777904 0.00208017
227 -0.778684 0.00314073
228 -0.78045 0.00263456
229 -0.777116 0.0028295
230 -0.776024 0.00263664
231 -0.776956 0.00298186
232 -0.777453 0.00223857
233 -0.77634 0.00270304
234 -0.775474 0.00338668
235 -0.774546 0.00316664
236 -0.7782 0.00369398
237 -0.77602 0.00448058
238 -0.776878 0.0031943
239 -0.778934 0.00311114
240 -0.779332 0.00334541
241 -0.779836 0.00390416
242 -0.779533 0.00371839
243 -0.783229 0.00364104
244 -0.782067 0.00364352
245 -0.780341 0.00307992
246 -0.783251 0.00298626
247 -0.780793 0.00272156
248 -0.78162 0.00270559
249 -0.781227 0.00356009
250 -0.783783 0.00396286
251 -0.784462 0.00398778
252 -0.786727 0.00288305
253 -0.785829 0.00330422
254 -0.790809 0.00291876
255 -0.786476 0.00377033
256 -0.784894 0.003632
257 -0.784154 0.00298725
258 -0.783303 0.00258472
259 -0.781912 0.00270499
260 -0.785177 0.00241339
261 -0.784904 0.00324578
262 -0.783715 0.00329516
263 -0.786805 0.00294329
264 -0.788386 0.00330652
265 -0.785869 0.00327837
266 -0.787364 0.00356866
267 -0.787864 0.00317901
268 -0.790142 0.00337342
269 -0.790815 0.0032342
270 -0.79159 0.00445211
271 -0.791718 0.00419387
272 -0.789427 0.00429689
273 -0.791482 0.00406625
274 -0.790764 0.00376827
275 -0.786566 0.00435723
276 -0.786808 0.00393689
277 -0.788666 0.00358557
278 -0.788886 0.00471857
279 -0.789591 0.00455782
280 -0.793372 0.00426842
281 -0.792185 0.00391371
282 -0.794846 0.00389189
283 -0.788522 0.00377953
284 -0.787025 0.00358373
285 -0.786144 0.00401488
286 -0.781511 0.00346332
287 -0.780138 0.00439121
288 -0.776821 0.00418882
289 -0.767051 0.00393473
290 -0.75742 0.00312917
291 -0.752745 0.00379724
292 -0.743687 0.00397808
293 -0.732348 0.00356977
294 -0.708869 0.00374999
295 -0.686039 0.00415806
296 -0.655447 0.00487445
297 -0.619728 0.00533564
298 -0.555739 0.00777461
299 -0.475108 0.0101891
