r_min,	r_max,	g(r),	error
0,	0.0323165,	0,	0
0.0323165,	0.064633,	0,	0
0.064633,	0.0969496,	0,	0
0.0969496,	0.129266,	0,	0
0.129266,	0.161583,	0,	0
0.161583,	0.193899,	0,	0
0.193899,	0.226216,	0,	0
0.226216,	0.258532,	0,	0
0.258532,	0.290849,	0,	0
0.290849,	0.323165,	0,	0
0.323165,	0.355482,	0,	0
0.355482,	0.387798,	0,	0
0.387798,	0.420115,	0,	0
0.420115,	0.452431,	0,	0
0.452431,	0.484748,	0,	0
0.484748,	0.517064,	0,	0
0.517064,	0.549381,	0,	0
0.549381,	0.581697,	0,	0
0.581697,	0.614014,	0,	0
0.614014,	0.64633,	0,	0
0.64633,	0.678647,	0,	0
0.678647,	0.710963,	0,	0
0.710963,	0.74328,	0,	0
0.74328,	0.775596,	0,	0
0.775596,	0.807913,	0,	0
0.807913,	0.84023,	0,	0
0.84023,	0.872546,	1.24315e-05,	1.24315e-05
0.872546,	0.904863,	0.00204366,	0.00012679
0.904863,	0.937179,	0.0397433,	0.000794981
0.937179,	0.969496,	0.252659,	0.00177783
0.969496,	1.00181,	0.74099,	0.00256967
1.00181,	1.03413,	1.36577,	0.00637479
1.03413,	1.06645,	1.8959,	0.00601375
1.06645,	1.09876,	2.18346,	0.00590916
1.09876,	1.13108,	2.27033,	0.00903136
1.13108,	1.16339,	2.24539,	0.0077877
1.16339,	1.19571,	2.15246,	0.00692957
1.19571,	1.22803,	2.01537,	0.00495756
1.22803,	1.26034,	1.88456,	0.0069457
1.26034,	1.29266,	1.7776,	0.00422857
1.29266,	1.32498,	1.66588,	0.00401846
1.32498,	1.35729,	1.5661,	0.0040648
1.35729,	1.38961,	1.48536,	0.00280206
1.38961,	1.42193,	1.41349,	0.00448353
1.42193,	1.45424,	1.35767,	0.00279976
1.45424,	1.48656,	1.31256,	0.00348954
1.48656,	1.51888,	1.27034,	0.00461813
1.51888,	1.55119,	1.24455,	0.00244147
1.55119,	1.58351,	1.1941,	0.00328327
1.58351,	1.61583,	1.17496,	0.00291178
1.61583,	1.64814,	1.15081,	0.00350107
1.64814,	1.68046,	1.12841,	0.00305007
1.68046,	1.71278,	1.12198,	0.0028429
1.71278,	1.74509,	1.10146,	0.00344957
1.74509,	1.77741,	1.09399,	0.00198508
1.77741,	1.80973,	1.08706,	0.00288499
1.80973,	1.84204,	1.07496,	0.00240825
1.84204,	1.87436,	1.07145,	0.00199281
1.87436,	1.90667,	1.07159,	0.00272355
1.90667,	1.93899,	1.06301,	0.00279689
1.93899,	1.97131,	1.0639,	0.00235011
1.97131,	2.00362,	1.05723,	0.00189547
2.00362,	2.03594,	1.0578,	0.00318641
2.03594,	2.06826,	1.05516,	0.00172057
2.06826,	2.10057,	1.05515,	0.00214226
2.10057,	2.13289,	1.05415,	0.00218684
2.13289,	2.16521,	1.0504,	0.0021628
2.16521,	2.19752,	1.05044,	0.00211954
2.19752,	2.22984,	1.04817,	0.00168626
2.22984,	2.26216,	1.04907,	0.00215058
2.26216,	2.29447,	1.04347,	0.00206937
2.29447,	2.32679,	1.041,	0.00241522
2.32679,	2.35911,	1.04,	0.00185939
2.35911,	2.39142,	1.03617,	0.0014877
2.39142,	2.42374,	1.03148,	0.00202932
2.42374,	2.45606,	1.02698,	0.00208717
2.45606,	2.48837,	1.02828,	0.00173377
2.48837,	2.52069,	1.0234,	0.00172888
2.52069,	2.55301,	1.02195,	0.00159426
2.55301,	2.58532,	1.02252,	0.00215641
2.58532,	2.61764,	1.0171,	0.00174615
2.61764,	2.64995,	1.01585,	0.00240035
2.64995,	2.68227,	1.01298,	0.00119537
2.68227,	2.71459,	1.01291,	0.00159586
2.71459,	2.7469,	1.01084,	0.0015817
2.7469,	2.77922,	1.00628,	0.00171651
2.77922,	2.81154,	1.00675,	0.00135337
2.81154,	2.84385,	1.00614,	0.00145723
2.84385,	2.87617,	1.00541,	0.00168695
2.87617,	2.90849,	1.00404,	0.00129668
2.90849,	2.9408,	1.00426,	0.00145764
2.9408,	2.97312,	1.00385,	0.000954562
2.97312,	3.00544,	1.00154,	0.00149541
3.00544,	3.03775,	1.00054,	0.00107977
3.03775,	3.07007,	1.00059,	0.00147252
3.07007,	3.10239,	1.00053,	0.00100828
3.10239,	3.1347,	0.999103,	0.00160862
3.1347,	3.16702,	0.99692,	0.00126902
3.16702,	3.19934,	0.998461,	0.00163603
3.19934,	3.23165,	0.998328,	0.00120711
3.23165,	3.26397,	0.996112,	0.00125429
3.26397,	3.29629,	0.995938,	0.00134431
3.29629,	3.3286,	0.99547,	0.000936023
3.3286,	3.36092,	0.995816,	0.00143615
3.36092,	3.39323,	0.993476,	0.00114914
3.39323,	3.42555,	0.995384,	0.00102694
3.42555,	3.45787,	0.992136,	0.000943442
3.45787,	3.49018,	0.993108,	0.000994951
3.49018,	3.5225,	0.990329,	0.000979895
3.5225,	3.55482,	0.991835,	0.000969512
3.55482,	3.58713,	0.99143,	0.00132391
3.58713,	3.61945,	0.990819,	0.000872473
3.61945,	3.65177,	0.991469,	0.00126446
3.65177,	3.68408,	0.991911,	0.00119294
3.68408,	3.7164,	0.988249,	0.00123165
3.7164,	3.74872,	0.991988,	0.00153263
3.74872,	3.78103,	0.990553,	0.00128396
3.78103,	3.81335,	0.988535,	0.0010086
3.81335,	3.84567,	0.988683,	0.00104359
3.84567,	3.87798,	0.99029,	0.00126333
3.87798,	3.9103,	0.989075,	0.00110955
3.9103,	3.94262,	0.990326,	0.00117337
3.94262,	3.97493,	0.989783,	0.00115495
3.97493,	4.00725,	0.989189,	0.000834343
4.00725,	4.03957,	0.989531,	0.000899114
4.03957,	4.07188,	0.98847,	0.00102909
4.07188,	4.1042,	0.989171,	0.00118136
4.1042,	4.13651,	0.987936,	0.00119959
4.13651,	4.16883,	0.987315,	0.000928759
4.16883,	4.20115,	0.987788,	0.00117084
4.20115,	4.23346,	0.988263,	0.00088464
4.23346,	4.26578,	0.987695,	0.00114937
4.26578,	4.2981,	0.986802,	0.000803358
4.2981,	4.33041,	0.987104,	0.00106003
4.33041,	4.36273,	0.989097,	0.000728247
4.36273,	4.39505,	0.987556,	0.00121725
4.39505,	4.42736,	0.986901,	0.000706556
4.42736,	4.45968,	0.987956,	0.000824186
4.45968,	4.492,	0.985669,	0.00094765
4.492,	4.52431,	0.985747,	0.000810603
4.52431,	4.55663,	0.987815,	0.000807775
4.55663,	4.58895,	0.986366,	0.000939888
4.58895,	4.62126,	0.986073,	0.000641823
4.62126,	4.65358,	0.987254,	0.000776746
4.65358,	4.6859,	0.986651,	0.000983124
4.6859,	4.71821,	0.985438,	0.000630983
4.71821,	4.75053,	0.987306,	0.000880126
4.75053,	4.78285,	0.987727,	0.000656451
4.78285,	4.81516,	0.987381,	0.000633524
4.81516,	4.84748,	0.986439,	0.000836961
4.84748,	4.87979,	0.986643,	0.000754021
4.87979,	4.91211,	0.986838,	0.000624468
4.91211,	4.94443,	0.986647,	0.000806217
4.94443,	4.97674,	0.986012,	0.000825763
4.97674,	5.00906,	0.98758,	0.000828293
5.00906,	5.04138,	0.986811,	0.000787
5.04138,	5.07369,	0.98546,	0.000774707
5.07369,	5.10601,	0.985966,	0.00081742
5.10601,	5.13833,	0.985663,	0.00073781
5.13833,	5.17064,	0.985022,	0.000775595
5.17064,	5.20296,	0.983036,	0.000667567
5.20296,	5.23528,	0.985013,	0.000654317
5.23528,	5.26759,	0.984617,	0.000843774
5.26759,	5.29991,	0.986128,	0.000552243
5.29991,	5.33223,	0.987044,	0.000767509
5.33223,	5.36454,	0.986915,	0.000817693
5.36454,	5.39686,	0.985023,	0.00056134
5.39686,	5.42918,	0.985068,	0.000698228
5.42918,	5.46149,	0.986495,	0.000725206
5.46149,	5.49381,	0.985992,	0.000784224
5.49381,	5.52612,	0.98682,	0.000627097
5.52612,	5.55844,	0.986495,	0.000844898
5.55844,	5.59076,	0.985669,	0.000686784
5.59076,	5.62307,	0.98568,	0.000664249
5.62307,	5.65539,	0.985673,	0.000955455
5.65539,	5.68771,	0.9853,	0.000687845
5.68771,	5.72002,	0.985188,	0.000738519
5.72002,	5.75234,	0.985476,	0.000824623
5.75234,	5.78466,	0.98662,	0.000688337
5.78466,	5.81697,	0.986531,	0.000635751
5.81697,	5.84929,	0.986694,	0.000687851
5.84929,	5.88161,	0.986867,	0.000642731
5.88161,	5.91392,	0.985175,	0.000745101
5.91392,	5.94624,	0.985527,	0.00057647
5.94624,	5.97856,	0.985113,	0.000647192
5.97856,	6.01087,	0.984637,	0.000665342
6.01087,	6.04319,	0.985517,	0.00056192
6.04319,	6.07551,	0.986008,	0.000805772
6.07551,	6.10782,	0.98545,	0.000620698
6.10782,	6.14014,	0.987394,	0.000465451
6.14014,	6.17246,	0.985871,	0.000608182
6.17246,	6.20477,	0.984925,	0.000777904
6.20477,	6.23709,	0.986002,	0.000610555
6.23709,	6.2694,	0.985448,	0.000798327
6.2694,	6.30172,	0.985747,	0.000649529
6.30172,	6.33404,	0.984221,	0.000704735
6.33404,	6.36635,	0.985443,	0.000585081
6.36635,	6.39867,	0.986164,	0.000680762
6.39867,	6.43099,	0.985596,	0.000537178
6.43099,	6.4633,	0.985874,	0.000680744
