1,	-0.414317,	0
2,	-0.414926,	0.000609114
3,	-0.413868,	0.00111487
4,	-0.413544,	0.000852338
5,	-0.413836,	0.00072212
6,	-0.413311,	0.00078935
7,	-0.413581,	0.000719703
8,	-0.413969,	0.000733743
9,	-0.413887,	0.000652253
10,	-0.413544,	0.000676824
11,	-0.413318,	0.000652556
12,	-0.413349,	0.00059652
13,	-0.41337,	0.000549116
14,	-0.413373,	0.000508389
15,	-0.413504,	0.000491101
16,	-0.413536,	0.000460506
17,	-0.413566,	0.000433648
18,	-0.413736,	0.000442688
19,	-0.413627,	0.000432764
20,	-0.413618,	0.000410648
