1,	0.0491076,	0
2,	0.0492055,	9.78675e-05
3,	0.0491761,	6.36762e-05
4,	0.0492746,	0.000108333
5,	0.04924,	9.07957e-05
6,	0.0492511,	7.49723e-05
7,	0.0492419,	6.40286e-05
8,	0.0492662,	6.05306e-05
9,	0.0492894,	5.82199e-05
10,	0.0492923,	5.215e-05
11,	0.0493157,	5.26746e-05
12,	0.049317,	4.81028e-05
13,	0.0493283,	4.56682e-05
14,	0.0493397,	4.3796e-05
15,	0.0493233,	4.39434e-05
16,	0.0493188,	4.13506e-05
17,	0.0493259,	3.94717e-05
18,	0.0493165,	3.83781e-05
19,	0.0493244,	3.71617e-05
20,	0.0493308,	3.58228e-05
