r_min,	r_max,	g(r),	error
0,	0.0115332,	0,	0
0.0115332,	0.0230664,	0,	0
0.0230664,	0.0345996,	0,	0
0.0345996,	0.0461329,	0,	0
0.0461329,	0.0576661,	0,	0
0.0576661,	0.0691993,	0,	0
0.0691993,	0.0807325,	0,	0
0.0807325,	0.0922657,	0,	0
0.0922657,	0.103799,	0,	0
0.103799,	0.115332,	0,	0
0.115332,	0.126865,	0,	0
0.126865,	0.138399,	0,	0
0.138399,	0.149932,	0,	0
0.149932,	0.161465,	0,	0
0.161465,	0.172998,	0,	0
0.172998,	0.184531,	0,	0
0.184531,	0.196065,	0,	0
0.196065,	0.207598,	0,	0
0.207598,	0.219131,	0,	0
0.219131,	0.230664,	0,	0
0.230664,	0.242198,	0,	0
0.242198,	0.253731,	0,	0
0.253731,	0.265264,	0,	0
0.265264,	0.276797,	0,	0
0.276797,	0.28833,	0,	0
0.28833,	0.299864,	0,	0
0.299864,	0.311397,	0,	0
0.311397,	0.32293,	0,	0
0.32293,	0.334463,	0,	0
0.334463,	0.345996,	0,	0
0.345996,	0.35753,	0,	0
0.35753,	0.369063,	0,	0
0.369063,	0.380596,	0,	0
0.380596,	0.392129,	0,	0
0.392129,	0.403663,	0,	0
0.403663,	0.415196,	0,	0
0.415196,	0.426729,	0,	0
0.426729,	0.438262,	0,	0
0.438262,	0.449795,	0,	0
0.449795,	0.461329,	0,	0
0.461329,	0.472862,	0,	0
0.472862,	0.484395,	0,	0
0.484395,	0.495928,	0,	0
0.495928,	0.507461,	0,	0
0.507461,	0.518995,	0,	0
0.518995,	0.530528,	0,	0
0.530528,	0.542061,	0,	0
0.542061,	0.553594,	0,	0
0.553594,	0.565128,	0,	0
0.565128,	0.576661,	0,	0
0.576661,	0.588194,	0,	0
0.588194,	0.599727,	0,	0
0.599727,	0.61126,	0,	0
0.61126,	0.622794,	0,	0
0.622794,	0.634327,	0,	0
0.634327,	0.64586,	0,	0
0.64586,	0.657393,	0,	0
0.657393,	0.668926,	0,	0
0.668926,	0.68046,	0,	0
0.68046,	0.691993,	0,	0
0.691993,	0.703526,	0,	0
0.703526,	0.715059,	0,	0
0.715059,	0.726593,	0,	0
0.726593,	0.738126,	0,	0
0.738126,	0.749659,	0,	0
0.749659,	0.761192,	0,	0
0.761192,	0.772725,	0,	0
0.772725,	0.784259,	0,	0
0.784259,	0.795792,	0,	0
0.795792,	0.807325,	0,	0
0.807325,	0.818858,	0,	0
0.818858,	0.830391,	0,	0
0.830391,	0.841925,	0,	0
0.841925,	0.853458,	0,	0
0.853458,	0.864991,	0,	0
0.864991,	0.876524,	0,	0
0.876524,	0.888058,	1.34297e-05,	8.17027e-06
0.888058,	0.899591,	0.00015557,	2.20803e-05
0.899591,	0.911124,	0.00102741,	5.15453e-05
0.911124,	0.922657,	0.00585834,	0.000118915
0.922657,	0.93419,	0.0227523,	0.000252319
0.93419,	0.945724,	0.0716644,	0.000439472
0.945724,	0.957257,	0.183889,	0.000877947
0.957257,	0.96879,	0.400277,	0.00139036
0.96879,	0.980323,	0.75271,	0.00177668
0.980323,	0.991856,	1.25395,	0.00212068
0.991856,	1.00339,	1.87882,	0.00289626
1.00339,	1.01492,	2.58924,	0.00277426
1.01492,	1.02646,	3.30381,	0.00262327
1.02646,	1.03799,	3.94247,	0.00328818
1.03799,	1.04952,	4.45342,	0.0030579
1.04952,	1.06106,	4.78628,	0.00345494
1.06106,	1.07259,	4.91874,	0.00345452
1.07259,	1.08412,	4.87188,	0.00439811
1.08412,	1.09566,	4.66073,	0.00381041
1.09566,	1.10719,	4.32605,	0.00370281
1.10719,	1.11872,	3.89512,	0.00318643
1.11872,	1.13026,	3.42709,	0.00317588
1.13026,	1.14179,	2.9372,	0.00275258
1.14179,	1.15332,	2.45702,	0.00247735
1.15332,	1.16485,	2.01604,	0.00202751
1.16485,	1.17639,	1.61873,	0.00191412
1.17639,	1.18792,	1.2778,	0.00175366
1.18792,	1.19945,	0.989087,	0.00142171
1.19945,	1.21099,	0.749886,	0.00162519
1.21099,	1.22252,	0.558712,	0.00144049
1.22252,	1.23405,	0.41063,	0.00106091
1.23405,	1.24559,	0.296885,	0.000884964
1.24559,	1.25712,	0.210731,	0.000885396
1.25712,	1.26865,	0.149467,	0.000703466
1.26865,	1.28019,	0.103697,	0.000596432
1.28019,	1.29172,	0.0736577,	0.000589039
1.29172,	1.30325,	0.054039,	0.000417558
1.30325,	1.31479,	0.0436603,	0.000390397
1.31479,	1.32632,	0.0400361,	0.0003858
1.32632,	1.33785,	0.0433973,	0.000331506
1.33785,	1.34939,	0.0526638,	0.00045724
1.34939,	1.36092,	0.0681065,	0.000517317
1.36092,	1.37245,	0.0901613,	0.000538468
1.37245,	1.38399,	0.120736,	0.000579935
1.38399,	1.39552,	0.159419,	0.000599143
1.39552,	1.40705,	0.207876,	0.000650594
1.40705,	1.41859,	0.266167,	0.000780137
1.41859,	1.43012,	0.334717,	0.000708994
1.43012,	1.44165,	0.411707,	0.000774451
1.44165,	1.45319,	0.494546,	0.000730237
1.45319,	1.46472,	0.583524,	0.000849095
1.46472,	1.47625,	0.672455,	0.000993081
1.47625,	1.48778,	0.757723,	0.000805717
1.48778,	1.49932,	0.83675,	0.00104031
1.49932,	1.51085,	0.897349,	0.0011807
1.51085,	1.52238,	0.946157,	0.0013877
1.52238,	1.53392,	0.969895,	0.00125664
1.53392,	1.54545,	0.971905,	0.00118733
1.54545,	1.55698,	0.95156,	0.00147464
1.55698,	1.56852,	0.908532,	0.00128517
1.56852,	1.58005,	0.847851,	0.00101001
1.58005,	1.59158,	0.769645,	0.000960599
1.59158,	1.60312,	0.68577,	0.000932723
1.60312,	1.61465,	0.597238,	0.000822333
1.61465,	1.62618,	0.507161,	0.000896328
1.62618,	1.63772,	0.423628,	0.000626925
1.63772,	1.64925,	0.348283,	0.000665638
1.64925,	1.66078,	0.285388,	0.000666245
1.66078,	1.67232,	0.236339,	0.00071944
1.67232,	1.68385,	0.202642,	0.000718395
1.68385,	1.69538,	0.187664,	0.000696531
1.69538,	1.70692,	0.195331,	0.000731883
1.70692,	1.71845,	0.225745,	0.000902578
1.71845,	1.72998,	0.283306,	0.000906523
1.72998,	1.74152,	0.373195,	0.00112161
1.74152,	1.75305,	0.494023,	0.00117508
1.75305,	1.76458,	0.65072,	0.00149117
1.76458,	1.77612,	0.846277,	0.00137525
1.77612,	1.78765,	1.07102,	0.00136098
1.78765,	1.79918,	1.32062,	0.00121707
1.79918,	1.81071,	1.59106,	0.00137882
1.81071,	1.82225,	1.8616,	0.00127527
1.82225,	1.83378,	2.11886,	0.00154955
1.83378,	1.84531,	2.34883,	0.00186251
1.84531,	1.85685,	2.53523,	0.00175035
1.85685,	1.86838,	2.65959,	0.00204011
1.86838,	1.87991,	2.72043,	0.00249485
1.87991,	1.89145,	2.71043,	0.00219049
1.89145,	1.90298,	2.62863,	0.00224832
1.90298,	1.91451,	2.49017,	0.00231108
1.91451,	1.92605,	2.29639,	0.00195278
1.92605,	1.93758,	2.06882,	0.00153461
1.93758,	1.94911,	1.81832,	0.00132396
1.94911,	1.96065,	1.56369,	0.00101452
1.96065,	1.97218,	1.31646,	0.00116588
1.97218,	1.98371,	1.08573,	0.0010745
1.98371,	1.99525,	0.885652,	0.00109375
1.99525,	2.00678,	0.717853,	0.00122774
2.00678,	2.01831,	0.588328,	0.0012845
2.01831,	2.02985,	0.496264,	0.00121994
2.02985,	2.04138,	0.44154,	0.00110179
2.04138,	2.05291,	0.425622,	0.00100377
2.05291,	2.06445,	0.438623,	0.0010279
2.06445,	2.07598,	0.481828,	0.00101439
2.07598,	2.08751,	0.547986,	0.000874344
2.08751,	2.09905,	0.625311,	0.000621656
2.09905,	2.11058,	0.71353,	0.00072127
2.11058,	2.12211,	0.802622,	0.000660582
2.12211,	2.13364,	0.882377,	0.000666702
2.13364,	2.14518,	0.950324,	0.000882887
2.14518,	2.15671,	0.999963,	0.00090821
2.15671,	2.16824,	1.0301,	0.00109017
2.16824,	2.17978,	1.03226,	0.00113481
2.17978,	2.19131,	1.01376,	0.00105736
2.19131,	2.20284,	0.961375,	0.000941191
2.20284,	2.21438,	0.877445,	0.000674509
2.21438,	2.22591,	0.813649,	0.000728394
2.22591,	2.23744,	0.747686,	0.000638365
2.23744,	2.24898,	0.682789,	0.000592201
2.24898,	2.26051,	0.625239,	0.000891583
2.26051,	2.27204,	0.582535,	0.00092232
2.27204,	2.28358,	0.5597,	0.000941036
2.28358,	2.29511,	0.559737,	0.00099359
2.29511,	2.30664,	0.585964,	0.00118211
