1,	7.59305,	0
2,	7.58529,	0.00775654
3,	7.57872,	0.00795193
4,	7.56575,	0.0141379
5,	7.56869,	0.0113386
6,	7.57559,	0.0115509
7,	7.57592,	0.0097679
8,	7.57804,	0.00872102
9,	7.5779,	0.00769257
10,	7.57782,	0.00688092
11,	7.57188,	0.00860353
12,	7.56672,	0.00939735
13,	7.57182,	0.010037
14,	7.57322,	0.00939792
15,	7.57097,	0.00903394
16,	7.56982,	0.00852931
17,	7.56916,	0.00803886
18,	7.57345,	0.00870865
19,	7.57436,	0.008288
20,	7.57598,	0.00802694
21,	7.57637,	0.0076451
22,	7.57827,	0.00753483
23,	7.57741,	0.0072511
24,	7.58019,	0.00747685
25,	7.58016,	0.0071716
26,	7.58239,	0.00724324
27,	7.5853,	0.00755183
28,	7.58637,	0.00735502
29,	7.5852,	0.00719311
30,	7.58382,	0.00708355
31,	7.58405,	0.00685503
32,	7.58426,	0.00664059
33,	7.58478,	0.0064572
34,	7.58511,	0.00627295
35,	7.58521,	0.00609205
36,	7.58595,	0.00596611
37,	7.58631,	0.00581376
38,	7.58722,	0.00573201
39,	7.58706,	0.00558554
40,	7.58896,	0.00576751
41,	7.59038,	0.00579963
42,	7.58994,	0.00567646
43,	7.59189,	0.00587427
44,	7.59201,	0.00574053
45,	7.59306,	0.00570953
46,	7.59286,	0.00558792
47,	7.59419,	0.00562904
48,	7.59442,	0.00551534
49,	7.59328,	0.0055221
50,	7.59296,	0.00541953
