1,	-7.54633,	0
2,	-7.54822,	0.00189066
3,	-7.54923,	0.00148457
4,	-7.55147,	0.00247834
5,	-7.55085,	0.00201785
6,	-7.54969,	0.00201327
7,	-7.54962,	0.00170319
8,	-7.5493,	0.0015089
9,	-7.54926,	0.00133123
10,	-7.54926,	0.00119069
11,	-7.55034,	0.00152679
12,	-7.55129,	0.00168534
13,	-7.5504,	0.00178947
14,	-7.55018,	0.0016715
15,	-7.55058,	0.00160767
16,	-7.55078,	0.00151694
17,	-7.5509,	0.00143039
18,	-7.55015,	0.00154571
19,	-7.55002,	0.00146774
20,	-7.54972,	0.00142443
21,	-7.54969,	0.00135534
22,	-7.54935,	0.00133595
23,	-7.54949,	0.00128484
24,	-7.54901,	0.00132243
25,	-7.549,	0.00126847
26,	-7.5486,	0.00128347
27,	-7.54807,	0.0013412
28,	-7.54789,	0.00130587
29,	-7.54809,	0.00127689
30,	-7.54834,	0.0012588
31,	-7.5483,	0.00121813
32,	-7.54828,	0.00117972
33,	-7.54819,	0.00114647
34,	-7.54813,	0.00111389
35,	-7.54813,	0.00108161
36,	-7.548,	0.00105894
37,	-7.54793,	0.00103266
38,	-7.54777,	0.00101695
39,	-7.5478,	0.000990956
40,	-7.54745,	0.00102624
41,	-7.5472,	0.00103247
42,	-7.54729,	0.00101149
43,	-7.54693,	0.0010514
44,	-7.5469,	0.00102753
45,	-7.54672,	0.00102171
46,	-7.54674,	0.000999626
47,	-7.54649,	0.00100979
48,	-7.54644,	0.000989977
49,	-7.54664,	0.000989473
50,	-7.5467,	0.000971417
