-8.71336
-8.44843
-8.26633
-8.19488
-8.12103
-8.07289
-7.98924
-7.95569
-7.86577
-7.83147
-7.78201
-7.72091
-7.7307
-7.77622
-7.80843
-7.77578
-7.66849
-7.65429
-7.52886
-7.55837
-7.38615
-7.54561
-7.47607
-7.58067
-7.66474
-7.69529
-7.65879
-7.64506
-7.65522
-7.65495
-7.6895
-7.60061
-7.5575
-7.61081
-7.66437
-7.67971
-7.64727
-7.66462
-7.67802
-7.74857
-7.8034
-7.77554
-7.71627
-7.66927
-7.72461
-7.683
-7.67707
-7.59412
-7.61461
-7.58691
-7.55632
-7.47491
-7.54224
-7.56713
-7.53697
-7.60387
-7.63771
-7.70253
-7.70765
-7.72619
-7.64096
-7.64393
-7.59339
-7.52303
-7.57026
-7.48547
-7.49164
-7.48814
-7.54538
-7.51229
-7.4843
-7.56199
-7.5329
-7.52159
-7.54571
-7.551
-7.51327
-7.47806
-7.59823
-7.62454
-7.66371
-7.64176
-7.60955
-7.66337
-7.63
-7.48982
-7.52765
-7.52986
-7.50398
-7.56365
-7.49834
-7.56348
-7.58733
-7.57093
-7.58215
-7.57799
-7.52997
-7.47488
-7.47419
-7.48703
-7.51639
-7.48141
-7.4796
-7.41901
-7.41395
-7.4416
-7.47839
-7.47348
-7.46625
-7.51252
-7.5131
-7.53391
-7.58351
-7.58956
-7.47341
-7.42956
-7.56798
-7.57043
-7.52015
-7.48607
-7.4073
-7.30738
-7.36573
-7.30763
-7.31595
-7.37791
-7.42962
-7.53767
-7.45435
-7.46804
-7.60956
-7.57735
-7.5899
-7.59523
-7.6287
-7.60957
-7.57342
-7.56853
-7.55057
-7.54593
-7.48664
-7.53237
-7.55945
-7.43418
-7.50023
-7.47732
-7.45671
-7.46004
-7.49415
-7.53065
-7.53456
-7.50126
-7.57713
-7.60291
-7.60103
-7.61035
-7.69127
-7.60174
-7.6448
-7.55633
-7.58168
-7.63063
-7.59197
-7.53749
-7.65202
-7.57504
-7.5955
-7.59278
-7.54202
-7.64991
-7.5825
-7.59856
-7.54864
-7.58078
-7.49145
-7.53753
-7.49971
-7.5774
-7.58553
-7.47936
-7.54616
-7.53994
-7.61576
-7.58559
-7.4276
-7.47761
-7.42765
-7.35654
-7.42209
-7.41323
-7.44751
-7.36621
-7.39654
-7.4563
-7.54092
-7.48326
-7.51392
-7.46955
-7.50624
-7.51981
-7.54305
-7.51113
-7.46312
-7.49096
-7.50526
-7.51358
-7.41104
-7.37766
-7.35764
-7.39534
-7.39873
-7.51693
-7.46443
-7.46148
-7.43847
-7.35514
-7.35431
-7.44794
-7.45385
-7.47729
-7.57007
-7.56924
-7.61823
-7.57787
-7.53944
-7.60213
-7.5921
-7.55382
-7.51048
-7.49175
-7.49589
-7.48166
-7.47478
-7.46847
-7.53228
-7.54157
-7.59279
-7.61732
-7.51352
-7.43519
-7.50447
-7.60031
-7.64623
-7.70221
-7.65379
-7.64332
-7.60282
-7.59947
-7.62245
-7.53412
-7.58961
-7.51532
-7.5204
-7.55676
-7.57836
-7.62646
-7.62217
-7.63311
-7.62887
-7.67951
-7.7005
-7.69113
-7.77315
-7.74077
-7.67254
-7.58151
-7.5693
-7.64371
-7.60544
-7.63568
-7.59488
-7.54502
-7.5157
-7.56241
-7.53664
-7.46508
-7.41122
-7.48334
-7.51794
-7.43741
-7.39118
-7.37528
-7.47559
-7.51793
-7.53533
-7.64976
-7.59848
-7.59268
-7.50073
-7.44314
-7.4114
-7.46198
-7.5248
-7.53492
-7.4865
-7.39984
-7.41237
-7.52027
-7.49259
-7.5095
-7.55791
-7.56983
-7.58068
-7.63538
-7.44799
-7.43163
-7.4385
-7.46704
-7.34827
-7.3214
-7.36808
-7.30457
-7.33044
-7.42112
-7.43919
-7.40293
-7.50547
-7.50483
-7.52568
-7.56397
-7.58435
-7.51007
-7.53046
-7.54177
-7.53811
-7.57988
-7.56088
-7.52606
-7.59635
-7.6248
-7.61093
-7.63024
-7.64184
-7.59864
-7.63201
-7.54279
-7.51178
-7.52883
-7.62779
-7.56413
-7.58141
-7.59468
-7.60913
-7.65197
-7.5962
-7.63473
-7.74742
-7.61394
-7.52834
-7.56898
-7.58117
-7.58835
-7.59097
-7.5908
-7.56257
-7.40113
-7.44864
-7.49083
-7.49704
-7.47958
-7.53239
-7.48133
-7.3992
-7.46319
-7.53022
-7.54203
-7.56628
-7.47531
-7.57218
-7.58879
-7.52779
-7.49185
-7.51969
-7.53146
-7.53664
-7.51473
-7.52044
-7.55017
-7.55671
-7.61654
-7.60467
-7.5443
-7.57616
-7.65105
-7.59095
-7.61779
-7.66942
-7.5835
-7.5499
-7.65414
-7.68426
-7.67599
-7.53127
-7.4377
-7.48759
-7.5038
-7.53991
-7.60793
-7.63841
-7.67094
-7.61068
-7.61868
-7.55367
-7.5546
-7.53121
-7.58492
-7.58361
-7.54806
-7.56629
-7.63728
-7.67316
-7.67845
-7.64641
-7.65876
-7.60401
-7.52305
-7.56868
-7.49947
-7.58132
-7.55925
-7.57345
-7.58971
-7.68352
-7.62457
-7.63036
-7.66195
-7.53085
-7.45601
-7.47745
-7.47911
-7.44418
-7.46201
-7.48141
-7.50589
-7.45316
-7.56633
-7.59837
-7.54966
-7.56918
-7.57456
-7.57973
-7.69016
-7.71164
-7.72806
-7.67872
-7.59205
-7.61141
-7.57224
-7.60969
-7.55535
-7.54467
-7.49952
-7.55049
-7.53748
-7.50607
-7.46066
-7.4239
-7.46868
-7.41238
-7.50786
-7.52116
-7.51362
-7.56425
-7.5605
-7.58081
-7.5798
-7.55547
-7.61757
-7.6902
-7.7043
-7.69367
-7.65669
-7.66844
-7.61255
-7.54133
-7.60646
-7.53461
-7.52271
-7.63158
-7.63886
-7.60472
-7.58962
-7.55659
-7.61791
-7.51983
-7.45699
-7.46969
-7.49851
-7.57574
-7.53268
-7.51223
-7.56078
-7.50658
-7.42957
-7.47505
-7.52663
-7.5234
-7.632
-7.63108
-7.61874
-7.58684
-7.63046
-7.66046
-7.64959
-7.60676
-7.6369
-7.71216
-7.72872
-7.76132
-7.70702
-7.7723
-7.80646
-7.73795
-7.70996
-7.68591
-7.59513
-7.64186
-7.55777
-7.65382
-7.66293
-7.71473
-7.65134
-7.66026
-7.65642
-7.70048
-7.74573
-7.70229
-7.74788
-7.75273
-7.67746
-7.72048
-7.70853
-7.68788
-7.66639
-7.67995
-7.70882
-7.65482
-7.72797
-7.72334
-7.72238
-7.69809
-7.67097
-7.63293
-7.56989
-7.51606
-7.59503
-7.62907
-7.62278
-7.60269
-7.54458
-7.56096
-7.54912
-7.50263
-7.44926
-7.4859
-7.46711
-7.42463
-7.46007
-7.59532
-7.56517
-7.47675
-7.53086
-7.63797
-7.61367
-7.56184
-7.52081
-7.46945
-7.39658
-7.42968
-7.38865
-7.52936
-7.51621
-7.55582
-7.54409
-7.51663
-7.53874
-7.44861
-7.51518
-7.5957
-7.5728
-7.5681
-7.60737
-7.55856
-7.60315
-7.53604
-7.52361
-7.56229
-7.51945
-7.51906
-7.53142
-7.61714
-7.56503
-7.57748
-7.57469
-7.5843
-7.63389
-7.53928
-7.54526
-7.50989
-7.5137
-7.52014
-7.49721
-7.47393
-7.48728
-7.5039
-7.53459
-7.51536
-7.54612
-7.57423
-7.56645
-7.56752
-7.60694
-7.64628
-7.75231
-7.73261
-7.68866
-7.62414
-7.63783
-7.67175
-7.70934
-7.6552
-7.64312
-7.62949
-7.6462
-7.58495
-7.66788
-7.66293
-7.67827
-7.62562
-7.56074
-7.65713
-7.64844
-7.59719
-7.62245
-7.7418
-7.70287
-7.75257
-7.74854
-7.78873
-7.73387
-7.6559
-7.58626
-7.526
-7.57723
-7.53908
-7.57999
-7.58764
-7.59123
-7.69801
-7.64721
-7.64082
-7.63504
-7.61547
-7.64727
-7.61793
-7.61867
-7.61261
-7.58563
-7.61963
-7.69396
-7.64992
-7.65247
-7.69377
-7.75124
-7.66996
-7.57086
-7.47974
-7.47176
-7.48613
-7.5399
-7.62563
-7.5408
-7.55831
-7.55684
-7.62372
-7.59879
-7.6115
-7.64783
-7.68066
-7.68037
-7.66348
-7.61692
-7.64138
-7.62825
-7.63304
-7.61244
-7.67369
-7.66126
-7.66987
-7.65884
-7.62988
-7.66788
-7.66572
-7.70951
-7.57776
-7.53509
-7.51807
-7.46302
-7.49007
-7.53594
-7.54079
-7.48948
-7.47009
-7.45166
-7.52234
-7.57986
-7.52744
-7.59454
-7.56841
-7.56683
-7.58736
-7.58092
-7.59122
-7.57821
-7.592
-7.56954
-7.56798
-7.52436
-7.50711
-7.61759
-7.53125
-7.51488
-7.53878
-7.51785
-7.49837
-7.45104
-7.48449
-7.48268
-7.57997
-7.62452
-7.55563
-7.50389
-7.52211
-7.55576
-7.52576
-7.49043
-7.50093
-7.56154
-7.56137
-7.54029
-7.43569
-7.52628
-7.61164
-7.54396
-7.58858
-7.57733
-7.60947
-7.60448
-7.60294
-7.55299
-7.59523
-7.42153
-7.41413
-7.41908
-7.53675
-7.56119
-7.51588
-7.51416
-7.51452
-7.54929
-7.58486
-7.49936
-7.45005
-7.52967
-7.52651
-7.46307
-7.49832
-7.44937
-7.46602
-7.41338
-7.54006
-7.60802
-7.58234
-7.63566
-7.61395
-7.62541
-7.64361
-7.60105
-7.51917
-7.52626
-7.5001
-7.51982
-7.56687
-7.57897
-7.57063
-7.62229
-7.55031
-7.54472
-7.56842
-7.64877
-7.67718
-7.69515
-7.72736
-7.69557
-7.70026
-7.70361
-7.67669
-7.58896
-7.54651
-7.55082
-7.56322
-7.45601
-7.44111
-7.53655
-7.57516
-7.5389
-7.56285
-7.5712
-7.54484
-7.5162
-7.53723
-7.46406
-7.43654
-7.45475
-7.5257
-7.59587
-7.62474
-7.63514
-7.58871
-7.59889
-7.52786
-7.53611
-7.5486
-7.47664
-7.54094
-7.58658
-7.58455
-7.58869
-7.48635
-7.48178
-7.46967
-7.43217
-7.45904
-7.4312
-7.40902
-7.46659
-7.42875
-7.43698
-7.43117
-7.49571
-7.46678
-7.52131
-7.55338
-7.58154
-7.54297
-7.61214
-7.59444
-7.69507
-7.63723
-7.63567
-7.62473
-7.63009
-7.63205
-7.56151
-7.56881
-7.51915
-7.63221
-7.65708
-7.65623
-7.72787
-7.71001
-7.66294
-7.72015
-7.69896
-7.71625
-7.68908
-7.70283
-7.72198
-7.71795
-7.69111
-7.73465
-7.72869
-7.75432
-7.66066
-7.65325
-7.65377
-7.655
-7.59725
-7.59565
-7.60925
-7.6072
-7.57681
-7.57078
-7.60419
-7.53995
-7.61368
-7.54525
-7.53129
-7.52441
-7.49258
-7.52179
-7.48384
-7.48598
-7.43342
-7.44943
-7.46401
-7.44927
-7.51662
-7.58083
-7.60788
-7.64699
-7.59303
-7.62557
-7.61457
-7.60579
-7.66622
-7.61522
-7.63682
-7.72585
-7.65924
-7.6249
-7.62196
-7.54099
-7.57568
-7.65388
-7.60839
-7.6001
-7.56231
-7.50755
-7.54664
-7.56473
-7.54234
-7.50527
-7.51392
-7.50422
-7.53905
-7.60654
-7.65685
-7.69152
-7.74204
-7.69137
-7.65515
-7.57566
-7.59646
-7.58776
-7.66606
-7.6156
-7.55871
-7.56176
-7.51981
-7.51098
-7.46374
-7.4728
-7.60696
-7.63586
-7.65511
-7.68167
-7.64881
-7.58119
-7.67717
-7.61513
-7.56109
-7.64068
-7.49522
-7.53262
-7.45714
-7.48273
-7.58014
-7.62005
-7.52996
-7.47523
-7.48333
-7.50754
-7.49756
-7.50916
-7.46783
-7.51739
-7.4953
-7.45211
-7.53394
-7.59316
-7.67778
-7.65964
-7.66276
-7.6235
-7.59631
-7.58752
-7.63091
-7.60505
-7.5958
-7.61666
-7.65321
-7.61782
-7.52837
-7.45531
-7.49684
-7.49405
-7.49531
-7.47832
-7.43981
-7.52206
-7.50934
-7.5615
-7.52336
-7.558
-7.63098
-7.63898
-7.63282
-7.62241
-7.64838
-7.60125
-7.57958
-7.58747
-7.68452
-7.64005
-7.61706
-7.63649
-7.67854
-7.70951
-7.6138
-7.6527
-7.65267
-7.5616
-7.56431
-7.50682
-7.52339
-7.44663
-7.50164
-7.50321
-7.50992
-7.49797
-7.53302
-7.44475
-7.46715
-7.51128
-7.48637
-7.49416
-7.44398
-7.4146
-7.49697
-7.44593
-7.36789
-7.33648
-7.33919
-7.3406
-7.43802
-7.43068
-7.56828
-7.53412
-7.48746
-7.48796
-7.46908
-7.44912
-7.46037
-7.39456
-7.44932
-7.56452
-7.50781
-7.49064
-7.51497
-7.48748
-7.52793
-7.54913
-7.57377
-7.54824
-7.59702
-7.51174
-7.48238
-7.42671
-7.42993
-7.43459
-7.48848
-7.5273
-7.55957
-7.65398
-7.59645
-7.59981
-7.54315
-7.46602
-7.47817
-7.46533
-7.46686
-7.44329
-7.45758
-7.3949
-7.35652
-7.40284
-7.46442
-7.42817
-7.3191
-7.33168
-7.34875
-7.38338
-7.41582
-7.37395
-7.44993
-7.39562
-7.40325
-7.41336
-7.39418
-7.33951
-7.35178
-7.43336
-7.48189
-7.45082
-7.49973
-7.4757
-7.47479
-7.4416
-7.46189
-7.50415
-7.5309
-7.5919
-7.56012
-7.65064
-7.64619
-7.61742
-7.50683
-7.53927
-7.51163
-7.5202
-7.49824
-7.52578
-7.54566
-7.61688
-7.66995
-7.60003
-7.5923
-7.61872
-7.62163
-7.60081
-7.60354
-7.59944
-7.59811
-7.64447
-7.62645
-7.58048
-7.52001
-7.57445
-7.54208
-7.56687
-7.49463
-7.39419
-7.3664
-7.49773
-7.5175
-7.53628
-7.61442
-7.64322
-7.62495
-7.60577
-7.66549
-7.57325
-7.56538
-7.5035
-7.59592
-7.60819
-7.60928
-7.66765
-7.51192
-7.53439
-7.47226
-7.47679
-7.50348
-7.50577
-7.53266
-7.58119
-7.54153
-7.45299
-7.42511
-7.49675
-7.48579
-7.53959
-7.58417
-7.64141
-7.63225
-7.6524
-7.66517
-7.73647
-7.70914
-7.65394
-7.61504
-7.6286
-7.6034
-7.52984
-7.55774
-7.62255
-7.65251
-7.65182
-7.60093
-7.52751
-7.544
-7.61109
-7.57121
-7.51419
-7.6087
-7.54593
-7.57584
-7.59778
-7.59919
-7.62986
-7.62977
-7.67007
-7.56523
-7.63636
-7.64672
-7.65242
-7.62624
-7.55276
-7.51678
-7.47237
-7.42285
-7.47651
-7.46938
-7.44421
-7.53379
-7.55533
-7.5607
-7.57532
-7.47174
-7.54862
-7.58158
-7.64698
-7.62736
-7.58468
-7.53414
-7.55757
-7.50958
-7.55669
-7.57486
-7.56812
-7.54086
-7.55607
-7.52802
-7.58498
-7.51973
-7.45211
-7.35466
-7.29975
-7.25252
-7.32449
-7.32257
-7.42543
-7.40188
-7.41031
-7.43984
-7.43739
-7.42371
-7.4808
-7.46002
-7.44568
-7.4148
-7.47605
-7.43954
-7.46591
-7.51627
-7.4925
-7.52867
-7.52771
-7.59089
-7.57832
-7.59329
-7.63495
-7.60634
-7.59567
-7.58996
-7.54308
-7.56876
-7.55845
-7.5287
-7.56664
-7.57484
-7.60014
-7.53258
-7.53333
-7.52705
-7.51894
-7.57354
-7.61353
-7.62917
-7.56328
-7.59714
-7.55557
-7.53566
-7.60609
-7.63123
-7.58072
-7.53998
-7.54953
-7.4699
-7.41766
-7.46649
-7.51528
-7.45771
-7.47743
-7.42494
-7.39535
-7.37555
-7.45701
-7.44731
-7.35299
-7.30809
-7.35799
-7.36057
-7.36016
-7.40516
-7.40231
-7.37991
-7.34685
-7.38425
-7.4915
-7.42387
-7.51133
-7.44854
-7.39577
-7.42585
-7.44344
-7.50391
-7.50097
-7.49071
-7.47187
-7.4018
-7.49381
-7.40731
-7.39538
-7.37015
-7.35
-7.39372
-7.32039
-7.40016
-7.32073
-7.37356
-7.43699
-7.44321
-7.43449
-7.46519
-7.43872
-7.42353
-7.47318
-7.50087
-7.58835
-7.4786
-7.4446
-7.44695
-7.45734
-7.40724
-7.55291
-7.62121
-7.59996
-7.60967
-7.64895
-7.65285
-7.63854
-7.60326
-7.57247
-7.60796
-7.66001
-7.57222
-7.55004
-7.61185
-7.58345
-7.55439
-7.51924
-7.55456
-7.60081
-7.60227
-7.53276
-7.59206
-7.51041
-7.52561
-7.45193
-7.44339
-7.5308
-7.4862
-7.48698
-7.49511
-7.54482
-7.53727
-7.48573
-7.48715
-7.46732
-7.54726
-7.56216
-7.50959
-7.5089
-7.5291
-7.53353
-7.4778
-7.47238
-7.45678
-7.46419
-7.47027
-7.50287
-7.43553
-7.37254
-7.38327
-7.42203
-7.40626
-7.37434
-7.36059
-7.37188
-7.41405
-7.46369
-7.52031
-7.59656
-7.59848
-7.50541
-7.45905
-7.49929
-7.56252
-7.57064
-7.52538
-7.58022
-7.62502
-7.59159
-7.57028
-7.55813
-7.54358
-7.53551
-7.50946
-7.46537
-7.49246
-7.50778
-7.41838
-7.40319
-7.40555
-7.36531
-7.43071
-7.49948
-7.57272
-7.60549
-7.55206
-7.57994
-7.55369
-7.4394
-7.55764
-7.44372
-7.39197
-7.39625
-7.48012
-7.52231
-7.49777
-7.57781
-7.63672
-7.66564
-7.70653
-7.65467
-7.67149
-7.64736
-7.65264
-7.62656
-7.65138
-7.71994
-7.61958
-7.56673
-7.53103
-7.54344
-7.67019
-7.59752
-7.55324
-7.55578
-7.57208
-7.52124
-7.64259
-7.6148
-7.56322
-7.54114
-7.54505
-7.59174
-7.59343
-7.64432
-7.66453
-7.68187
-7.72421
-7.74407
-7.6553
-7.73516
-7.6829
-7.66589
-7.60721
-7.62766
-7.58646
-7.527
-7.565
-7.61418
-7.60252
-7.65676
-7.64898
-7.657
-7.6291
-7.6572
-7.54638
-7.54454
-7.56086
-7.56877
-7.60638
-7.60075
-7.57988
-7.56846
-7.57364
-7.58175
-7.5642
-7.52943
-7.57673
-7.62247
-7.54693
-7.51524
-7.55877
-7.58273
-7.57631
-7.60691
-7.54751
-7.59927
-7.62283
-7.65132
-7.5669
-7.61337
-7.55283
-7.52031
-7.44625
-7.51258
-7.47606
-7.49477
-7.55376
-7.6477
-7.61595
-7.58528
-7.5633
-7.56236
-7.56287
-7.52205
-7.56634
-7.5824
-7.51369
-7.56308
-7.58516
-7.5597
-7.54606
-7.55167
-7.5625
-7.6571
-7.64848
-7.56325
-7.49685
-7.47935
-7.50228
-7.53611
-7.62603
-7.62529
-7.67147
-7.62089
-7.58162
-7.49263
-7.48304
-7.48348
-7.38157
-7.40763
-7.39155
-7.40242
-7.46483
-7.47562
-7.46138
-7.48278
-7.48682
-7.46548
-7.42699
-7.46075
-7.45836
-7.46123
-7.3821
-7.3849
-7.43739
-7.43047
-7.4918
-7.51637
-7.43368
-7.4155
-7.31242
-7.39818
-7.44548
-7.4175
-7.49162
-7.46248
-7.40166
-7.44956
-7.55704
-7.5577
-7.52928
-7.4933
-7.45075
-7.46356
-7.46517
-7.49564
-7.42752
-7.42572
-7.44879
-7.34987
-7.38916
-7.40502
-7.44352
-7.39684
-7.52392
-7.5142
-7.48286
-7.45639
-7.5082
-7.54033
-7.53083
-7.513
-7.49852
-7.44657
-7.45297
-7.47227
-7.52368
-7.5065
-7.49789
-7.57879
-7.54268
-7.62132
-7.48453
-7.47166
-7.44261
-7.41823
-7.48827
-7.41876
-7.46162
-7.53698
-7.59622
-7.58262
-7.56417
-7.60613
-7.55619
-7.44896
-7.38618
-7.45231
-7.51709
-7.46053
-7.38529
-7.32989
-7.34837
-7.33996
-7.3341
-7.40992
-7.46352
-7.42682
-7.35158
-7.35796
-7.32232
-7.31382
-7.31423
-7.26273
-7.30902
-7.29859
-7.26119
-7.26972
-7.36571
-7.28341
-7.25574
-7.28846
-7.24799
-7.32408
-7.38069
-7.3598
-7.38588
-7.2906
-7.34899
-7.34707
-7.37172
-7.31249
-7.31073
-7.42899
-7.41341
-7.42649
-7.51173
-7.50671
-7.53403
-7.49409
-7.50049
-7.45248
-7.49205
-7.45932
-7.44956
-7.44751
-7.44887
-7.46703
-7.55727
-7.51391
-7.59083
-7.58181
-7.61376
-7.60726
-7.60193
-7.52091
-7.57532
-7.5911
-7.64023
-7.56384
-7.54742
-7.59387
-7.69457
-7.65513
-7.6142
-7.54164
-7.62533
-7.6169
-7.49741
-7.53612
-7.56173
-7.54165
-7.54495
-7.60091
-7.56276
-7.54634
-7.54156
-7.54866
-7.56672
-7.55158
-7.58585
-7.59371
-7.60249
-7.45288
-7.44474
-7.50704
-7.52206
-7.40335
-7.50993
-7.48665
-7.52972
-7.54065
-7.52195
-7.60587
-7.62829
-7.62987
-7.624
-7.62675
-7.60029
-7.61705
-7.59521
-7.59706
-7.66339
-7.71197
-7.76176
-7.71806
-7.65645
-7.663
-7.52822
-7.52583
-7.45729
-7.48796
-7.47994
-7.50037
-7.48309
-7.51682
-7.50305
-7.40948
-7.42869
-7.47764
-7.54178
-7.49777
-7.43057
-7.48642
-7.49908
-7.50365
-7.46782
-7.49476
-7.50165
-7.51973
-7.56821
-7.47654
-7.48499
-7.50411
-7.55732
-7.54043
-7.52122
-7.49999
-7.5442
-7.58384
-7.62249
-7.6635
-7.57011
-7.62505
-7.57997
-7.59115
-7.49283
-7.45172
-7.53697
-7.45199
-7.49754
-7.47083
-7.50512
-7.55074
-7.52632
-7.56602
-7.52265
-7.53645
-7.5159
-7.45474
-7.46826
-7.41615
-7.46122
-7.45059
-7.52559
-7.52135
-7.4224
-7.35627
-7.36854
-7.36641
-7.45614
-7.51991
-7.55111
-7.59494
-7.48322
-7.43673
-7.4057
-7.4001
-7.44627
-7.48194
-7.43241
-7.40757
-7.38118
-7.38011
-7.38091
-7.34304
-7.36931
-7.48129
-7.52477
-7.52093
-7.55799
-7.61325
-7.66462
-7.64419
-7.60268
-7.57649
-7.52778
-7.56827
-7.49064
-7.48501
-7.42041
-7.42552
-7.49674
-7.44318
-7.40623
-7.44095
-7.52594
-7.56304
-7.51216
-7.46394
-7.46378
-7.47769
-7.53433
-7.52098
-7.48906
-7.47895
-7.50463
-7.43026
-7.49367
-7.57724
-7.64152
-7.63601
-7.60214
-7.61817
-7.60552
-7.567
-7.55901
-7.52812
-7.55354
-7.70715
-7.62536
-7.59841
-7.6548
-7.64992
-7.57015
-7.56978
-7.62356
-7.65234
-7.68038
-7.65889
-7.66884
-7.6752
-7.58955
-7.60851
-7.57821
-7.59754
-7.55542
-7.54389
-7.5502
-7.55569
-7.58151
-7.61876
-7.60827
-7.5908
-7.56004
-7.48789
-7.48738
-7.45129
-7.44353
-7.48713
-7.5522
-7.60812
-7.68305
-7.61839
-7.63021
-7.5655
-7.56119
-7.61065
-7.6009
-7.60713
-7.61106
-7.57281
-7.5779
-7.56589
-7.55569
-7.58487
-7.63274
-7.68113
-7.63511
-7.55358
-7.6124
-7.65777
-7.7004
-7.73814
-7.7837
-7.72351
-7.75925
-7.67596
-7.58006
-7.52268
-7.54015
-7.62817
-7.64932
-7.64192
-7.64003
-7.6513
-7.63349
-7.70895
-7.63578
-7.63567
-7.62743
-7.59294
-7.5451
-7.52772
-7.59283
-7.65406
-7.66589
-7.71876
-7.70446
-7.67225
-7.69681
-7.72486
-7.73875
-7.74394
-7.74467
-7.76677
-7.70638
-7.61124
-7.61738
-7.57212
-7.53657
-7.62682
-7.58845
-7.52846
-7.54049
-7.56249
-7.51606
-7.55433
-7.58853
-7.60143
-7.59734
-7.68611
-7.6541
-7.67284
-7.67795
-7.67883
-7.69623
-7.71757
-7.65478
-7.70242
-7.72741
-7.66382
-7.60115
-7.63875
-7.57799
-7.65527
-7.63965
-7.6603
-7.60576
-7.63771
-7.56391
-7.55177
-7.52156
-7.58094
-7.60371
-7.58191
-7.60537
-7.61145
-7.60665
-7.62702
-7.59302
-7.54602
-7.57135
-7.59531
-7.53916
-7.52411
-7.56895
-7.60125
-7.51409
-7.54883
-7.58442
-7.53316
-7.57186
-7.61394
-7.58075
-7.56477
-7.53103
-7.55435
-7.48715
-7.48373
-7.46449
-7.58945
-7.6009
-7.66901
-7.66804
-7.62957
-7.60432
-7.59097
-7.59505
-7.52616
-7.59194
-7.516
-7.54289
-7.46997
-7.49833
-7.58554
-7.60603
-7.4917
-7.56257
-7.61865
-7.61782
-7.65058
-7.56115
-7.46421
-7.4724
-7.52287
-7.5246
-7.44951
-7.45187
-7.56183
-7.5866
-7.5619
-7.49117
-7.35869
-7.42497
-7.40878
-7.30035
-7.40152
-7.43047
-7.45118
-7.40535
-7.38501
-7.35321
-7.37478
-7.5
-7.46493
-7.46795
-7.46614
-7.55723
-7.56276
-7.53688
-7.47887
-7.46882
-7.42766
-7.49663
-7.43799
-7.51592
-7.54573
-7.55058
-7.59626
-7.66915
-7.63776
-7.61368
-7.59204
-7.60982
-7.61118
-7.60458
-7.55212
-7.55138
-7.56601
-7.61389
-7.60687
-7.57897
-7.51795
-7.47799
-7.49144
-7.49186
-7.56129
-7.64627
-7.67416
-7.66341
-7.62395
-7.69739
-7.74588
-7.74175
-7.74702
-7.71461
-7.72129
-7.64375
-7.65466
-7.62648
-7.61153
-7.64188
-7.64399
-7.53359
-7.43345
-7.53392
-7.55531
-7.54629
-7.52494
-7.44362
-7.48218
-7.57052
-7.52451
-7.55358
-7.61245
-7.53143
-7.57919
-7.57648
-7.48267
-7.40356
-7.3896
-7.27262
-7.30071
-7.3298
-7.39081
-7.3926
-7.47576
-7.459
-7.48942
-7.51372
-7.50608
-7.50372
-7.41474
-7.46455
-7.44719
-7.43004
-7.49175
-7.50855
-7.44476
-7.47462
-7.38706
-7.4736
-7.51309
-7.4989
-7.46856
-7.41677
-7.51597
-7.45068
-7.53916
-7.62172
-7.72577
-7.62307
-7.59176
-7.50742
-7.5275
-7.59775
-7.59417
-7.61858
-7.59626
-7.57554
-7.54764
-7.47573
-7.48217
-7.55998
-7.54442
-7.5886
-7.56979
-7.49924
-7.56027
-7.65371
-7.59905
-7.62798
-7.59611
-7.67876
-7.70861
-7.66266
-7.6051
-7.65244
-7.66736
-7.61573
-7.50676
-7.46044
-7.46032
-7.50744
-7.5398
-7.56554
-7.49129
-7.54599
-7.52523
-7.53053
-7.53008
-7.48099
-7.42952
-7.47028
-7.50277
-7.46762
-7.58171
-7.61109
-7.70229
-7.636
-7.61598
-7.53741
-7.51645
-7.58402
-7.55948
-7.55696
-7.57462
-7.57307
-7.59937
-7.64917
-7.67574
-7.71041
-7.57689
-7.68666
-7.62109
-7.59374
-7.60367
-7.56393
-7.50043
-7.62321
-7.60669
-7.57677
-7.58178
-7.62071
-7.59191
-7.59606
-7.57706
-7.5724
-7.62212
-7.61692
-7.62617
-7.65747
-7.7178
-7.716
-7.71108
-7.75068
-7.70293
-7.65985
-7.63294
-7.62127
-7.65486
-7.60638
-7.52583
-7.4567
-7.53757
-7.59767
-7.6159
-7.5997
-7.61574
-7.58551
-7.60111
-7.6528
-7.61917
-7.65966
-7.60509
-7.5401
-7.57497
-7.61281
-7.62124
-7.52586
-7.55755
-7.59181
-7.51734
-7.50637
-7.54442
-7.56391
-7.60189
-7.5886
-7.61126
-7.53986
-7.50094
-7.49588
-7.49323
-7.47055
-7.36239
-7.46162
-7.40313
-7.38516
-7.45387
-7.40018
-7.42527
-7.37642
-7.34964
-7.33199
-7.2801
-7.29981
-7.43282
-7.51072
-7.53882
-7.53488
-7.46931
-7.44209
-7.43708
-7.44682
-7.5251
-7.51947
-7.50766
-7.50969
-7.58188
-7.62096
-7.61854
-7.53891
-7.53676
-7.57607
-7.56787
-7.55844
-7.50262
-7.4905
-7.5411
-7.55773
-7.57713
-7.59435
-7.53481
-7.47858
-7.49443
-7.51289
-7.50955
-7.4973
-7.40007
-7.46667
-7.46166
-7.54158
-7.50784
-7.50583
-7.5245
-7.56218
-7.57739
-7.59895
-7.58055
-7.62239
-7.63272
-7.60943
-7.66287
-7.62406
-7.5858
-7.70655
-7.68234
-7.63658
-7.63446
-7.65479
-7.64381
-7.66892
-7.63228
-7.55421
-7.54966
-7.55483
-7.55551
-7.53092
-7.44938
-7.53485
-7.54285
-7.5522
-7.50316
-7.53894
-7.55485
-7.60875
-7.62988
-7.62089
-7.63798
-7.63536
-7.66724
-7.74981
-7.75958
-7.75417
-7.7364
-7.7121
-7.7004
-7.63339
-7.54904
-7.55794
-7.47738
-7.532
-7.5044
-7.54796
-7.52977
-7.54885
-7.57831
-7.56719
-7.50313
-7.51039
-7.58917
-7.58528
-7.50498
-7.51491
-7.52086
-7.52967
-7.49917
-7.51912
-7.54734
-7.56182
-7.6165
-7.66245
-7.56739
-7.52377
-7.52855
-7.38364
-7.42991
-7.36448
-7.38788
-7.39485
-7.50027
-7.46738
-7.42183
-7.4546
-7.55288
-7.57099
-7.49974
-7.47379
-7.48556
-7.5272
-7.46801
-7.46591
-7.57236
-7.58726
-7.60566
-7.54434
-7.58423
-7.4583
-7.4742
-7.53676
-7.58358
-7.58836
-7.54255
-7.45439
-7.54458
-7.49504
-7.516
-7.48766
-7.40069
-7.39976
-7.43594
-7.50968
-7.46451
-7.49877
-7.51134
-7.47969
-7.50646
-7.4771
-7.46849
-7.5479
-7.58024
-7.58613
-7.62381
-7.69128
-7.65634
-7.66001
-7.68258
-7.59224
-7.61778
-7.56705
-7.52313
-7.45786
-7.44079
-7.42502
-7.45025
-7.5419
-7.61397
-7.67965
-7.62158
-7.62713
-7.62537
-7.6003
-7.57922
-7.54582
-7.54539
-7.53904
-7.5429
-7.50626
-7.52133
-7.52913
-7.59929
-7.64316
-7.63014
-7.67508
-7.60906
-7.55144
-7.62345
-7.59766
-7.59094
-7.61927
-7.68216
-7.62095
-7.62584
-7.59801
-7.60542
-7.58469
-7.55111
-7.59669
-7.6232
-7.60587
-7.58017
-7.63278
-7.59115
-7.65179
-7.5954
-7.53241
-7.53858
-7.56073
-7.61191
-7.63926
-7.63543
-7.62736
-7.57631
-7.54592
-7.50505
-7.51309
-7.57287
-7.5171
-7.50612
-7.51556
-7.50475
-7.54666
-7.50087
-7.53408
-7.51245
-7.50628
-7.62245
-7.73661
-7.67467
-7.59129
-7.63605
-7.62445
-7.55117
-7.61339
-7.51329
-7.5555
-7.57344
-7.56012
-7.5624
-7.553
-7.60562
-7.62165
-7.60727
-7.5908
-7.62102
-7.57104
-7.51663
-7.37445
-7.52334
-7.53157
-7.48813
-7.56981
-7.49581
-7.53558
-7.47938
-7.57548
-7.60483
-7.61312
-7.62327
-7.58259
-7.54343
-7.55948
-7.52191
-7.46261
-7.47761
-7.52139
-7.57196
-7.57456
-7.58459
-7.58214
-7.57961
-7.56906
-7.57465
-7.51544
-7.48288
-7.54451
-7.58044
-7.561
-7.46076
-7.55824
-7.5267
-7.57073
-7.65391
-7.64814
-7.55167
-7.62519
-7.59072
-7.64094
-7.63645
-7.61375
-7.60605
-7.60175
-7.59923
-7.48267
-7.45449
-7.46222
-7.47632
-7.51865
-7.53688
-7.5023
-7.58142
-7.55534
-7.63532
-7.61339
-7.60144
-7.61851
-7.64838
-7.679
-7.68787
-7.64533
-7.59995
-7.49461
-7.49466
-7.58512
-7.58312
-7.55792
-7.4518
-7.49236
-7.51523
-7.56261
-7.49818
-7.55274
-7.59413
-7.52548
-7.48718
-7.44471
-7.52944
-7.50742
-7.58138
-7.59108
-7.67372
-7.63057
-7.60615
-7.62919
-7.62183
-7.59283
-7.55452
-7.5868
-7.58162
-7.62445
-7.64238
-7.59201
-7.61012
-7.56475
-7.54435
-7.60552
-7.57479
-7.54156
-7.56524
-7.48352
-7.46025
-7.46185
-7.36253
-7.39246
-7.61778
-7.55487
-7.47363
-7.47063
-7.51846
-7.49204
-7.44821
-7.47824
-7.5355
-7.51914
-7.55923
-7.52223
-7.49168
-7.57273
-7.59246
-7.52203
-7.55197
-7.56119
-7.6252
-7.5299
-7.57297
-7.51343
-7.58187
-7.66127
-7.61326
-7.61667
-7.67345
-7.70721
-7.67294
-7.64092
-7.6415
-7.67579
-7.70653
-7.71821
-7.6396
-7.60495
-7.6778
-7.66488
-7.67358
-7.72702
-7.68034
-7.6473
-7.58817
-7.59281
-7.59313
-7.62235
-7.58643
-7.59079
-7.48483
-7.54684
-7.56891
-7.65187
-7.6246
-7.66315
-7.71623
-7.6302
-7.67925
-7.62743
-7.60517
-7.62139
-7.56716
-7.61073
-7.58812
-7.63952
-7.56251
-7.65098
-7.62692
-7.5327
-7.54797
-7.53964
-7.56236
-7.61774
-7.57192
-7.68196
-7.61119
-7.55118
-7.58738
-7.62543
-7.56428
-7.60141
-7.65969
-7.60014
-7.55939
-7.62074
-7.58145
-7.59935
-7.63116
-7.59366
-7.58882
-7.52445
-7.47298
-7.48178
-7.54043
-7.57786
-7.57367
-7.6082
-7.60959
-7.6621
-7.60582
-7.4417
-7.48835
-7.54317
-7.60284
-7.49769
-7.61768
-7.59872
-7.60676
-7.61846
-7.54881
-7.60735
-7.59209
-7.55234
-7.61561
-7.56197
-7.62594
-7.68145
-7.61015
-7.56202
-7.48226
-7.48144
-7.56977
-7.54784
-7.50541
-7.45036
-7.47152
-7.56584
-7.51444
-7.50188
-7.49936
-7.50415
-7.46684
-7.42691
-7.42567
-7.40054
-7.34366
-7.34962
-7.32443
-7.33542
-7.37585
-7.29444
-7.29554
-7.37341
-7.36065
-7.42585
-7.40654
-7.40394
-7.35595
-7.44652
-7.46853
-7.53372
-7.48159
-7.46856
-7.47407
-7.51586
-7.48347
-7.52293
-7.44603
-7.42979
-7.39547
-7.46893
-7.45237
-7.49276
-7.50071
-7.53082
-7.54332
-7.48269
-7.46491
-7.47284
-7.46028
-7.47622
-7.39382
-7.4246
-7.38881
-7.35211
-7.39908
-7.3191
-7.28566
-7.2808
-7.31366
-7.39344
-7.40363
-7.41779
-7.41497
-7.44515
-7.37962
-7.34603
-7.36834
-7.4091
-7.40158
-7.32851
-7.27787
-7.24224
-7.29144
-7.33413
-7.40871
-7.48406
-7.45111
-7.43565
-7.39467
-7.42893
-7.47909
-7.47319
-7.47857
-7.50661
-7.54873
-7.51107
-7.4134
-7.43916
-7.50847
-7.53262
-7.48709
-7.50775
-7.54751
-7.61609
-7.55498
-7.53885
-7.52211
-7.50825
-7.60564
-7.56767
-7.54244
-7.51236
-7.42415
-7.41859
-7.42406
-7.41327
-7.43017
-7.41803
-7.36005
-7.42253
-7.45481
-7.43452
-7.53653
-7.50991
-7.4908
-7.45054
-7.48645
-7.46169
-7.52257
-7.45473
-7.4443
-7.46088
-7.38277
-7.2656
-7.35099
-7.33666
-7.32573
-7.35226
-7.50874
-7.55574
-7.59696
-7.64861
-7.65782
-7.65696
-7.65745
-7.60962
-7.55748
-7.55087
-7.53469
-7.57755
-7.59255
-7.55217
-7.45602
-7.53189
-7.38009
-7.43554
-7.50268
-7.45494
-7.38116
-7.4389
-7.38944
-7.35711
-7.32064
-7.32007
-7.38597
-7.41351
-7.37236
-7.41241
-7.38007
-7.39097
-7.46134
-7.49181
-7.43577
-7.46816
-7.48564
-7.57322
-7.51242
-7.52622
-7.52256
-7.47415
-7.50636
-7.45093
-7.36389
-7.39324
-7.41449
-7.47371
-7.47448
-7.5034
-7.52129
-7.59752
-7.55417
-7.4989
-7.58286
-7.61207
-7.58097
-7.45292
-7.43883
-7.40867
-7.4202
-7.39176
-7.41802
-7.41245
-7.43914
-7.46546
-7.46789
-7.48355
-7.57054
-7.51432
-7.40647
-7.46203
-7.51394
-7.54154
-7.59726
-7.51465
-7.56351
-7.51567
-7.56637
-7.61986
-7.61237
-7.56575
-7.49451
-7.56415
-7.60597
-7.53885
-7.53899
-7.47929
-7.48594
-7.52999
-7.48049
-7.50566
-7.5454
-7.56589
-7.60339
-7.56213
-7.6075
-7.60926
-7.63767
-7.66101
-7.64513
-7.6351
-7.65714
-7.60659
-7.64163
-7.67693
-7.63015
-7.64102
-7.71035
-7.63628
-7.5228
-7.53816
-7.5957
-7.58047
-7.57727
-7.57161
-7.58564
-7.59884
-7.54408
-7.56659
-7.60977
-7.63754
-7.67062
-7.71898
-7.70419
-7.76802
-7.73596
-7.68614
-7.74934
-7.77295
-7.71745
-7.72001
-7.69565
-7.63806
-7.64177
-7.61749
-7.5905
-7.5815
-7.55739
-7.52674
-7.51977
-7.56747
-7.55738
-7.54865
-7.56592
-7.48633
-7.46696
-7.45506
-7.48753
-7.4183
-7.48665
-7.53737
-7.47346
-7.52469
-7.49824
-7.55869
-7.54512
-7.51412
-7.49704
-7.42582
-7.45641
-7.48203
-7.47204
-7.46874
-7.53351
-7.55971
-7.53351
-7.5212
-7.4952
-7.43937
-7.37377
-7.41781
-7.42388
-7.55015
-7.55467
-7.5409
-7.5303
-7.65658
-7.70508
-7.61849
-7.56385
-7.45062
-7.47123
-7.42364
-7.48304
-7.44189
-7.38819
-7.44122
-7.49775
-7.49181
-7.48015
-7.55284
-7.50778
-7.54597
-7.52671
-7.54422
-7.54049
-7.58297
-7.54812
-7.52951
-7.55283
-7.46061
-7.4305
-7.44053
-7.46165
-7.4978
-7.44367
-7.45509
-7.55971
-7.46116
-7.42282
-7.41852
-7.38593
-7.39527
-7.41537
-7.3929
-7.36831
-7.35155
-7.39512
-7.39344
-7.473
-7.48134
-7.47346
-7.51176
-7.53215
-7.5001
-7.57498
-7.55025
-7.58699
-7.61676
-7.60202
-7.59269
-7.56539
-7.59955
-7.60744
-7.5896
-7.577
-7.53359
-7.51208
-7.51885
-7.50398
-7.4759
-7.41612
-7.41167
-7.38475
-7.44826
-7.55381
-7.58253
-7.51453
-7.48373
-7.47907
-7.42101
-7.44352
-7.42077
-7.33413
-7.36926
-7.29751
-7.32318
-7.36405
-7.39787
-7.37405
-7.41557
-7.43663
-7.49849
-7.48297
-7.52182
-7.5515
-7.39722
-7.39773
-7.34575
-7.34422
-7.41336
-7.44469
-7.45599
-7.44732
-7.52744
-7.55497
-7.58793
-7.57827
-7.62655
-7.57376
-7.48585
-7.56109
-7.5847
-7.64221
-7.55209
-7.6555
-7.65708
-7.58826
-7.60479
-7.55693
-7.55238
-7.52357
-7.58873
-7.54237
-7.52681
-7.43372
-7.41428
-7.44656
-7.50084
-7.54563
-7.57887
-7.53573
-7.46979
-7.47061
-7.53393
-7.49177
-7.53642
-7.51799
-7.48192
-7.57822
-7.53436
-7.57624
-7.56279
-7.56199
-7.45651
-7.46143
-7.43807
-7.51186
-7.46207
-7.46523
-7.44918
-7.46678
-7.43053
-7.3793
-7.42076
-7.48664
-7.49955
-7.58118
-7.59681
-7.54008
-7.51291
-7.61032
-7.59443
-7.67661
-7.71127
-7.72753
-7.70402
-7.64777
-7.71808
-7.68268
-7.62464
-7.61872
-7.69671
-7.62937
-7.64384
-7.61495
-7.54741
-7.54655
-7.52472
-7.51559
-7.53488
-7.56275
-7.63239
-7.64782
-7.6286
-7.66537
-7.64145
-7.6212
-7.54912
-7.49413
-7.4427
-7.53773
-7.55673
-7.48621
-7.45679
-7.42567
-7.44073
-7.46396
-7.52212
-7.52571
-7.57585
-7.52147
-7.51014
-7.44589
-7.43753
-7.50387
-7.49047
-7.4764
-7.5617
-7.57974
-7.55395
-7.59558
-7.52219
-7.55827
-7.5214
-7.60006
-7.60775
-7.58586
-7.57478
-7.51848
-7.54801
-7.47539
-7.51795
-7.49832
-7.49292
-7.50806
-7.47805
-7.46504
-7.45736
-7.43966
-7.53934
-7.47932
-7.51685
-7.53032
-7.56861
-7.57442
-7.58681
-7.57267
-7.63668
-7.62234
-7.55876
-7.54075
-7.54866
-7.57205
-7.63789
-7.60395
-7.58629
-7.5953
-7.62118
-7.5889
-7.60889
-7.67126
-7.67953
-7.70115
-7.62632
-7.62581
-7.68824
-7.67
-7.63041
-7.65845
-7.6291
-7.63813
-7.62856
-7.538
-7.55164
-7.54884
-7.55167
-7.5486
-7.58661
-7.56014
-7.6614
-7.66614
-7.71453
-7.6958
-7.69108
-7.64827
-7.66995
-7.65829
-7.64188
-7.57233
-7.5853
-7.58614
-7.60457
-7.57055
-7.53344
-7.45722
-7.41585
-7.47317
-7.59406
-7.60213
-7.60523
-7.61764
-7.59402
-7.56666
-7.61787
-7.70162
-7.67802
-7.67484
-7.61476
-7.53251
-7.60264
-7.61945
-7.49571
-7.56404
-7.53366
-7.597
-7.48386
-7.51599
-7.59017
-7.60683
-7.60906
-7.65092
-7.56926
-7.54099
-7.57203
-7.57247
-7.48294
-7.49483
-7.47034
-7.53454
-7.48372
-7.52413
-7.52258
-7.53129
-7.51546
-7.5356
-7.59575
-7.59349
-7.54092
-7.51784
-7.5335
-7.58329
-7.52082
-7.45189
-7.49478
-7.49881
-7.58563
-7.60279
-7.57104
-7.60143
-7.72462
-7.70104
-7.71291
-7.68636
-7.66318
-7.70442
-7.64741
-7.65108
-7.62337
-7.69312
-7.75813
-7.66923
-7.6492
-7.68134
-7.57113
-7.55133
-7.64806
-7.64596
-7.65759
-7.65072
-7.62168
-7.66031
-7.56631
-7.62769
-7.60185
-7.60286
-7.54863
-7.59861
-7.62064
-7.59301
-7.51203
-7.63441
-7.63178
-7.61086
-7.5885
-7.61698
-7.61973
-7.60702
-7.63927
-7.64228
-7.57939
-7.64927
-7.74649
-7.74665
-7.7138
-7.63712
-7.60412
-7.56174
-7.60583
-7.6777
-7.74397
-7.6853
-7.68865
-7.65409
-7.69363
-7.71984
-7.6878
-7.60752
-7.6265
-7.69773
-7.65601
-7.6533
-7.60081
-7.5478
-7.57077
-7.61208
-7.61132
-7.65857
-7.61686
-7.59159
-7.63194
-7.67456
-7.71321
-7.68992
-7.6926
-7.63116
-7.69006
-7.73429
-7.75991
-7.78348
-7.73555
-7.54874
-7.57812
-7.64902
-7.59681
-7.66849
-7.60281
-7.65772
-7.62607
-7.66375
-7.68733
-7.67201
-7.71611
-7.61305
-7.60307
-7.59818
-7.63967
-7.66148
-7.58025
-7.55908
-7.54019
-7.55803
-7.49965
-7.52565
-7.60642
-7.63228
-7.66969
-7.61808
-7.59796
-7.59126
-7.58389
-7.6451
-7.60054
-7.61841
-7.58399
-7.48449
-7.50418
-7.49108
-7.44896
-7.42024
-7.43689
-7.37533
-7.35394
-7.36614
-7.37989
-7.37366
-7.32615
-7.405
-7.46415
-7.48358
-7.458
-7.42416
-7.41116
-7.37146
-7.49946
-7.50681
-7.51351
-7.49733
-7.52647
-7.51914
-7.44369
-7.43571
-7.30287
-7.40119
-7.52846
-7.53823
-7.53002
-7.53986
-7.47308
-7.53353
-7.5034
-7.51931
-7.49303
-7.46148
-7.51399
-7.44109
-7.49581
-7.52554
-7.51769
-7.59683
-7.66907
-7.62156
-7.6227
-7.55269
-7.5448
-7.52335
-7.45194
-7.52948
-7.48514
-7.54367
-7.60343
-7.548
-7.63795
-7.61058
-7.53034
-7.55991
-7.48553
-7.43629
-7.39296
-7.31433
-7.3304
-7.35111
-7.36824
-7.34829
-7.33414
-7.35288
-7.4067
-7.34845
-7.39788
-7.39552
-7.32591
-7.30497
-7.35703
-7.38131
-7.41672
-7.39842
-7.4529
-7.51209
-7.54108
-7.588
-7.51713
-7.5725
-7.61061
-7.61386
-7.6378
-7.62319
-7.61109
-7.60421
-7.56183
-7.5654
-7.50055
-7.52471
-7.56041
-7.57926
-7.543
-7.53699
-7.50242
-7.49837
-7.4263
-7.37096
-7.47698
-7.48656
-7.43833
-7.50341
-7.51089
-7.59204
-7.62569
-7.69081
-7.68711
-7.72974
-7.69303
-7.69258
-7.61339
-7.66364
-7.63278
-7.62205
-7.63719
-7.56439
-7.61077
-7.64998
-7.57503
-7.58853
-7.54195
-7.58303
-7.62882
-7.64053
-7.63944
-7.5853
-7.49169
-7.55047
-7.58663
-7.52929
-7.47879
-7.50485
-7.53581
-7.47005
-7.49769
-7.48566
-7.46626
-7.60091
-7.53736
-7.6037
-7.58145
-7.5861
-7.57607
-7.57771
-7.67643
-7.68287
-7.73696
-7.71107
-7.69956
-7.66718
-7.57864
-7.57758
-7.5674
-7.59924
-7.59519
-7.59434
-7.62446
-7.64751
-7.65609
-7.66931
-7.61954
-7.58766
-7.58919
-7.59905
-7.60553
-7.57691
-7.60856
-7.59168
-7.56452
-7.51058
-7.51491
-7.53898
-7.61677
-7.59546
-7.60451
-7.54334
-7.67338
-7.64686
-7.61616
-7.67249
-7.61965
-7.59211
-7.49488
-7.58692
-7.5239
-7.64744
-7.62464
-7.60414
-7.61534
-7.64043
-7.49661
-7.58665
-7.47397
-7.45005
-7.49085
-7.45263
-7.50544
-7.59941
-7.56162
-7.57162
-7.60172
-7.55348
-7.44711
-7.42431
-7.42044
-7.56557
-7.60546
-7.59122
-7.60731
-7.60019
-7.6005
-7.57014
-7.57545
-7.66015
-7.60246
-7.62082
-7.62603
-7.54402
-7.54516
-7.54465
-7.63852
-7.67016
-7.66763
-7.59197
-7.60691
-7.58758
-7.61564
-7.63976
-7.59644
-7.54473
-7.5797
-7.64614
-7.70406
-7.67372
-7.69246
-7.65913
-7.72559
-7.7689
-7.7415
-7.6696
-7.61016
-7.54437
-7.60117
-7.6338
-7.61022
-7.60466
-7.59237
-7.49998
-7.54138
-7.55608
-7.5051
-7.51745
-7.52182
-7.55511
-7.52701
-7.52154
-7.53151
-7.58741
-7.59061
-7.60265
-7.60043
-7.55919
-7.54593
-7.49397
-7.52776
-7.47204
-7.42307
-7.45207
-7.54856
-7.5416
-7.52937
-7.63444
-7.62016
-7.58678
-7.56014
-7.56753
-7.57659
-7.59401
-7.64461
-7.56055
-7.53229
-7.54588
-7.63856
-7.58165
-7.47226
-7.49601
-7.49868
-7.56484
-7.66673
-7.69541
-7.67132
-7.63147
-7.63055
-7.59254
-7.57566
-7.61394
-7.62468
-7.60792
-7.63663
-7.63656
-7.67461
-7.65101
-7.63074
-7.62974
-7.63129
-7.63833
-7.61198
-7.63306
-7.5236
-7.44383
-7.55504
-7.62809
-7.63303
-7.56205
-7.58758
-7.56273
-7.61797
-7.64948
-7.63252
-7.56727
-7.53271
-7.491
-7.48408
-7.55721
-7.54888
-7.52504
-7.54469
-7.58013
-7.58294
-7.53598
-7.61234
-7.66946
-7.61611
-7.56626
-7.56445
-7.52101
-7.52368
-7.52653
-7.53738
-7.57693
-7.6133
-7.65005
-7.57676
-7.66945
-7.70717
-7.68396
-7.68824
-7.65463
-7.72911
-7.72763
-7.72161
-7.67175
-7.59411
-7.67699
-7.65684
-7.53783
-7.51688
-7.54619
-7.59255
-7.6262
-7.60046
-7.61285
-7.56451
-7.56435
-7.54692
-7.56062
-7.6573
-7.67854
-7.64134
-7.76208
-7.76865
-7.7565
-7.71257
-7.69926
-7.70347
-7.68933
-7.70441
-7.71676
-7.73635
-7.66454
-7.60606
-7.52244
-7.45467
-7.52244
-7.60794
-7.6768
-7.68654
-7.6212
-7.68594
-7.67935
-7.64913
-7.6406
-7.66842
-7.70337
-7.56918
-7.60903
-7.5633
-7.56956
-7.58886
-7.61463
-7.6106
-7.63212
-7.57369
-7.69479
-7.74873
-7.70091
-7.62862
-7.73903
-7.74332
-7.64591
-7.62446
-7.67154
-7.63473
-7.60979
-7.62389
-7.66327
-7.65333
-7.67197
-7.70276
-7.66274
-7.68185
-7.66965
-7.62747
-7.65024
-7.63526
-7.60775
-7.65326
-7.66963
-7.62388
-7.53541
-7.56895
-7.53671
-7.56122
-7.59188
-7.56815
-7.57545
-7.62807
-7.48744
-7.49359
-7.54271
-7.57083
-7.58306
-7.577
-7.47149
-7.51557
-7.6083
-7.51952
-7.5744
-7.57978
-7.5776
-7.5353
-7.46688
-7.50335
-7.50003
-7.48563
-7.48441
-7.45844
-7.45685
-7.51352
-7.51169
-7.52142
-7.45917
-7.46752
-7.42726
-7.46553
-7.47562
-7.48494
-7.4766
-7.49373
-7.55211
-7.5946
-7.60174
-7.61878
-7.65481
-7.63019
-7.63854
-7.64647
-7.52281
-7.53543
-7.44585
-7.42043
-7.39591
-7.45897
-7.50456
-7.52699
-7.43722
-7.51704
-7.50178
-7.47558
-7.54735
-7.55457
-7.60107
-7.57363
-7.48117
-7.51113
-7.49114
-7.55592
-7.61233
-7.61784
-7.50476
-7.51448
-7.56456
-7.54345
-7.53979
-7.49013
-7.57839
-7.57316
-7.56645
-7.53408
-7.50787
-7.44001
-7.43653
-7.42778
-7.45523
-7.49981
-7.42849
-7.42254
-7.43501
-7.35782
-7.46837
-7.45263
-7.40208
-7.41548
-7.38964
-7.46095
-7.45355
-7.38616
-7.44439
-7.49392
-7.5741
-7.5169
-7.51681
-7.53911
-7.50163
-7.54989
-7.59382
-7.61552
-7.59337
-7.48994
-7.56485
-7.51022
-7.45979
-7.43927
-7.41226
-7.41115
-7.40331
-7.39874
-7.42454
-7.50268
-7.55243
-7.51912
-7.52824
-7.50078
-7.57727
-7.52711
-7.47579
-7.44801
-7.45668
-7.41778
-7.41846
-7.47571
-7.43636
-7.40703
-7.45158
-7.48112
-7.47937
-7.41453
-7.42676
-7.47322
-7.49347
-7.53737
-7.48245
-7.51645
-7.43499
-7.52636
-7.55197
-7.54903
-7.50829
-7.54714
-7.48744
-7.61743
-7.66503
-7.65368
-7.63763
-7.54661
-7.58205
-7.60291
-7.58017
-7.57499
-7.58321
-7.6089
-7.58402
-7.50727
-7.45612
-7.41924
-7.35221
-7.44277
-7.45369
-7.50653
-7.50214
-7.47748
-7.48669
-7.39693
-7.38013
-7.42625
-7.45
-7.48241
-7.47887
-7.4153
-7.45658
-7.49406
-7.47506
-7.49745
-7.47121
-7.57974
-7.56436
-7.51091
-7.4958
-7.47788
-7.58968
-7.61349
-7.56567
-7.55291
-7.56492
-7.52811
-7.55413
-7.48252
-7.54645
-7.56762
-7.53411
-7.47043
-7.47307
-7.44081
-7.45612
-7.54676
-7.56073
-7.53725
-7.47244
-7.47176
-7.54971
-7.58643
-7.63913
-7.68273
-7.67579
-7.68426
-7.59964
-7.56059
-7.53816
-7.59341
-7.54116
-7.5114
-7.55004
-7.55932
-7.54702
-7.57427
-7.57821
-7.58239
-7.6344
-7.58533
-7.59714
-7.58207
-7.67632
-7.61158
-7.58214
-7.61873
-7.6781
-7.69766
-7.62848
-7.56083
-7.55166
-7.59386
-7.57165
-7.5756
-7.58792
-7.56023
-7.59749
-7.65287
-7.68305
-7.5909
-7.62323
-7.64143
-7.57274
-7.53003
-7.53744
-7.54153
-7.55453
-7.61725
-7.51942
-7.55337
-7.57391
-7.48111
-7.47863
-7.58334
-7.54206
-7.50422
-7.47415
-7.47656
-7.59322
-7.60694
-7.58481
-7.6181
-7.63187
-7.62833
-7.54989
-7.54389
-7.50828
-7.51767
-7.48615
-7.47083
-7.63846
-7.5118
-7.50798
-7.61065
-7.63012
-7.66129
-7.59087
-7.54359
-7.51827
-7.53822
-7.49224
-7.46172
-7.50124
-7.56668
-7.56937
-7.55551
-7.52839
-7.57703
-7.59092
-7.57535
-7.52623
-7.63452
-7.60235
-7.66334
-7.66149
-7.61832
-7.57917
-7.50355
-7.46497
-7.54885
-7.48181
-7.51435
-7.56734
-7.61224
-7.60221
-7.54591
-7.60793
-7.516
-7.47944
-7.47721
-7.55399
-7.46835
-7.598
-7.59762
-7.5654
-7.5049
-7.50849
-7.63453
-7.5535
-7.49532
-7.43284
-7.36941
-7.3278
-7.44041
-7.47564
-7.53182
-7.57547
-7.67289
-7.55688
-7.57713
-7.56202
-7.5913
-7.58386
-7.57657
-7.58543
-7.58579
-7.57702
-7.6126
-7.61651
-7.6737
-7.67211
-7.62381
-7.62692
-7.64123
-7.66401
-7.65244
-7.64898
-7.54935
-7.54026
-7.50627
-7.5894
-7.65332
-7.64151
-7.64154
-7.68501
-7.62508
-7.59388
-7.57955
-7.51712
-7.48702
-7.53089
-7.62113
-7.67396
-7.69138
-7.67899
-7.68774
-7.76038
-7.68474
-7.74042
-7.78827
-7.70533
-7.69658
-7.75854
-7.77263
-7.79218
-7.71378
-7.76518
-7.72008
-7.67164
-7.66085
-7.69634
-7.70469
-7.73024
-7.70537
-7.65065
-7.56758
-7.59248
-7.5814
-7.56094
-7.6368
-7.67802
-7.65341
-7.65498
-7.6839
-7.63289
-7.66403
-7.59502
-7.44994
-7.51239
-7.55932
-7.56367
-7.63432
-7.59672
-7.67155
-7.60241
-7.53559
-7.63954
-7.68858
-7.72269
-7.67674
-7.62863
-7.64672
-7.65951
-7.68707
-7.68052
-7.63695
-7.62567
-7.6657
-7.56567
-7.60761
-7.6073
-7.57263
-7.6485
-7.52406
-7.5199
-7.60099
-7.49689
-7.51774
-7.51996
-7.55045
-7.58745
-7.53325
-7.49191
-7.52399
-7.57442
-7.58506
-7.58134
-7.58153
-7.51909
-7.47883
-7.52098
-7.53389
-7.47289
-7.4632
-7.41315
-7.47208
-7.52606
-7.54575
-7.56064
-7.6653
-7.69073
-7.68926
-7.65617
-7.67811
-7.69925
-7.61954
-7.52979
-7.48734
-7.49096
-7.46505
-7.44797
-7.48863
-7.44119
-7.53041
-7.58087
-7.60509
-7.52424
-7.571
-7.57667
-7.61117
-7.51608
-7.62488
-7.58349
-7.57435
-7.57715
-7.56652
-7.49803
-7.44741
-7.50339
-7.60244
-7.60386
-7.57852
-7.53984
-7.60223
-7.62974
-7.59296
-7.64604
-7.61659
-7.63789
-7.61224
-7.62498
-7.62778
-7.60502
-7.57438
-7.51455
-7.54752
-7.57304
-7.49073
-7.41809
-7.39051
-7.41256
-7.46781
-7.5094
-7.51307
-7.46137
-7.53657
-7.54186
-7.51533
-7.58965
-7.58504
-7.61013
-7.63034
-7.65179
-7.60437
-7.63084
-7.60605
-7.51936
-7.53803
-7.61357
-7.58504
-7.56638
-7.6218
-7.55123
-7.56971
-7.50638
-7.40416
-7.49796
-7.57012
-7.50169
-7.51786
-7.60871
-7.5873
-7.48098
-7.47481
-7.5688
-7.53508
-7.58515
-7.54445
-7.53274
-7.5588
-7.54711
-7.58802
-7.6287
-7.64593
-7.6398
-7.66054
-7.6168
-7.59346
-7.5362
-7.55717
-7.47232
-7.50411
-7.53202
-7.47618
-7.44697
-7.46426
-7.41483
-7.42266
-7.45105
-7.47123
-7.55447
-7.5468
-7.48286
-7.57742
-7.61476
-7.5834
-7.55354
-7.55477
-7.58108
-7.48399
-7.48721
-7.43497
-7.44725
-7.38222
-7.46813
-7.46669
-7.45903
-7.43975
-7.4708
-7.37833
-7.4037
-7.38906
-7.3584
-7.34228
-7.42901
-7.40839
-7.36675
-7.30769
-7.36797
-7.4495
-7.47547
-7.43671
-7.42557
-7.42895
-7.39729
-7.30589
-7.34173
-7.37914
-7.43809
-7.42438
-7.49554
-7.56157
-7.52431
-7.58399
-7.57917
-7.5657
-7.56898
-7.5847
-7.58599
-7.59071
-7.66156
-7.64043
-7.69182
-7.67911
-7.66523
-7.61086
-7.5735
-7.57759
-7.60837
-7.55134
-7.53373
-7.51707
-7.46622
-7.49284
-7.59478
-7.55769
-7.57861
-7.47791
-7.56158
-7.58058
-7.58894
-7.52872
-7.54489
-7.46809
-7.46232
-7.42868
-7.426
-7.43916
-7.44544
-7.47198
-7.48452
-7.4546
-7.47856
-7.4971
-7.52363
-7.62343
-7.60824
-7.62654
-7.5933
-7.63164
-7.64043
-7.58525
-7.59548
-7.65226
-7.55831
-7.60911
-7.56068
-7.51607
-7.48898
-7.48384
-7.47185
-7.42416
-7.37571
-7.42067
-7.40191
-7.46595
-7.51783
-7.48576
-7.57536
-7.52867
-7.60182
-7.52791
-7.47878
-7.45173
-7.38227
-7.40783
-7.48633
-7.494
-7.42473
-7.44817
-7.37496
-7.44065
-7.36851
-7.41304
-7.43196
-7.48947
-7.54664
-7.4613
-7.5167
-7.58244
-7.61312
-7.56982
-7.54357
-7.50204
-7.5207
-7.51083
-7.52508
-7.5929
-7.58272
-7.56259
-7.50141
-7.48756
-7.46428
-7.39993
-7.4243
-7.43861
-7.43711
-7.43607
-7.40213
-7.45692
-7.46434
-7.42843
-7.42648
-7.41827
-7.42234
-7.45831
-7.47593
-7.50343
-7.45355
-7.41276
-7.4547
-7.54883
-7.58584
-7.51767
-7.55815
-7.56381
-7.46456
-7.44663
-7.43074
-7.47387
-7.45699
-7.47507
-7.48404
-7.39075
-7.38922
-7.36711
-7.35992
-7.33026
-7.30364
-7.3053
-7.34031
-7.37207
-7.37386
-7.35808
-7.34185
-7.35883
-7.3629
-7.39256
-7.46586
-7.40629
-7.26903
-7.33207
-7.38907
-7.40069
-7.47078
-7.53705
-7.54024
-7.51593
-7.48893
-7.47463
-7.4739
-7.43069
-7.50405
-7.52222
-7.5851
-7.55287
-7.66982
-7.57693
-7.63571
-7.56967
-7.42514
-7.40977
-7.48436
-7.46594
-7.44802
-7.57672
-7.50811
-7.54014
-7.48033
-7.45265
-7.4909
-7.54864
-7.55066
-7.63684
-7.64758
-7.64779
-7.62504
-7.62741
-7.56676
-7.56573
-7.65711
-7.55681
-7.59717
-7.61375
-7.56905
-7.55392
-7.50592
-7.59545
-7.59846
-7.55051
-7.60642
-7.66684
-7.56379
-7.55645
-7.46244
-7.46197
-7.47765
-7.42998
-7.50415
-7.51512
-7.48641
-7.4892
-7.49489
-7.49212
-7.44595
-7.46817
-7.47594
-7.50266
-7.50279
-7.39794
-7.39662
-7.51521
-7.54834
-7.57544
-7.53494
-7.62048
-7.62553
-7.6165
-7.61748
-7.60472
-7.65248
-7.60419
-7.6041
-7.6349
-7.62969
-7.63011
-7.61234
-7.66017
-7.5706
-7.56587
-7.54661
-7.48449
-7.60158
-7.66335
-7.59307
-7.58842
-7.7048
-7.73071
-7.62147
-7.60862
-7.59358
-7.62934
-7.58903
-7.56696
-7.58292
-7.56206
-7.55102
-7.54488
-7.50199
-7.47605
-7.52448
-7.57188
-7.59684
-7.5981
-7.52723
-7.52812
-7.59794
-7.63026
-7.55361
-7.59274
-7.64507
-7.58734
-7.62549
-7.5702
-7.61666
-7.63132
-7.64816
-7.5972
-7.5495
-7.50397
-7.4977
-7.48932
-7.50701
-7.54255
-7.57879
-7.49643
-7.52488
-7.45984
-7.51287
-7.49169
-7.3778
-7.4734
-7.469
-7.3953
-7.44761
-7.48791
-7.51971
-7.52933
-7.43567
-7.46395
-7.46161
-7.48386
-7.49839
-7.57343
-7.57028
-7.53114
-7.53696
-7.64446
-7.57445
-7.59761
-7.54186
-7.49809
-7.54637
-7.54052
-7.58118
-7.57823
-7.52717
-7.45849
-7.45752
-7.48811
-7.56445
-7.53768
-7.49503
-7.54467
-7.48666
-7.55132
-7.5452
-7.49983
-7.49769
-7.48611
-7.54892
-7.53724
-7.52933
-7.55516
-7.56838
-7.65329
-7.62405
-7.70798
-7.74357
-7.66617
-7.65141
-7.67379
-7.66903
-7.64807
-7.57756
-7.48605
-7.43794
-7.52771
-7.54962
-7.54065
-7.50342
-7.48124
-7.46855
-7.46249
-7.52966
-7.51537
-7.58204
-7.58781
-7.63852
-7.65661
-7.71352
-7.67321
-7.67596
-7.66883
-7.69035
-7.7426
-7.71493
-7.76151
-7.71303
-7.70127
-7.71377
-7.76474
-7.75238
-7.75045
-7.76073
-7.69664
-7.66325
-7.66641
-7.67895
-7.65658
-7.67136
-7.70719
-7.67712
-7.62412
-7.59387
-7.57159
-7.45956
-7.60585
-7.60364
-7.58744
-7.58028
-7.47344
-7.57999
-7.54003
-7.57261
-7.5843
-7.55234
-7.56738
-7.51109
-7.49751
-7.52777
-7.54424
-7.60935
-7.55779
-7.44702
-7.41978
-7.41762
-7.40675
-7.3895
-7.36431
-7.36777
-7.40438
-7.44351
-7.4676
-7.4346
-7.40348
-7.44084
-7.36088
-7.35208
-7.48458
-7.49592
-7.58951
-7.59489
-7.67575
-7.66046
-7.54258
-7.52786
-7.52213
-7.4924
-7.48893
-7.4614
-7.44741
-7.4735
-7.54452
-7.57837
-7.48544
-7.45767
-7.33641
-7.39412
