1.25104
2.685
3.67288
4.05687
4.44389
4.69795
5.14245
5.33957
5.82471
6.01779
6.30261
6.64153
6.56143
6.32288
6.14731
6.3289
6.94246
7.02293
7.73779
7.53908
8.49704
7.62281
8.03402
7.49138
7.00331
6.7969
6.99035
7.07428
7.05057
7.02526
6.80024
7.32456
7.59746
7.25424
6.96075
6.86918
7.03984
6.93752
6.84184
6.45416
6.14484
6.31134
6.63086
6.93173
6.59956
6.82222
6.87696
7.30608
7.19287
7.3727
7.55002
7.97425
7.62933
7.49812
7.62646
7.27768
7.10658
6.7658
6.73424
6.62863
7.08618
7.06794
7.3221
7.72787
7.48876
7.98489
7.94204
7.95277
7.63725
7.84135
7.94285
7.5321
7.68702
7.78567
7.63376
7.59649
7.79375
7.96178
7.2965
7.14346
6.97163
7.08586
7.23303
6.91207
7.14299
7.92431
7.7056
7.68289
7.86753
7.52099
7.89111
7.50668
7.38298
7.45345
7.38143
7.3963
7.69012
8.00194
7.98644
7.92812
7.74877
7.94967
7.92917
8.28203
8.31679
8.14835
7.9136
7.98104
8.02708
7.76183
7.75453
7.63616
7.36898
7.3308
7.98808
8.21719
7.45181
7.45165
7.74264
7.93756
8.40608
8.91925
8.60724
8.94217
8.87658
8.5404
8.22902
7.62488
8.06591
7.97186
7.18427
7.38394
7.32554
7.31066
7.11178
7.20675
7.38939
7.44087
7.55773
7.58155
7.86727
7.63965
7.48331
8.21354
7.88822
7.98057
8.08289
8.05733
7.8729
7.71688
7.68651
7.84011
7.44174
7.28844
7.27064
7.21444
6.79939
7.25448
7.00702
7.53633
7.37739
7.09125
7.28505
7.64976
6.99953
7.38276
7.25988
7.33109
7.60035
7.01706
7.41824
7.30305
7.57183
7.39197
7.87991
7.63253
7.86946
7.47146
7.41853
8.01346
7.63574
7.65252
7.22063
7.38855
8.25007
7.98331
8.25037
8.62118
8.24891
8.33654
8.1496
8.62158
8.44771
8.10933
7.6709
7.95071
7.74505
8.00762
7.80694
7.74884
7.61063
7.76404
8.05098
7.88265
7.81445
7.76175
8.32424
8.53714
8.6629
8.45809
8.47053
7.78087
8.05958
8.10849
8.22816
8.66293
8.67043
8.15324
8.11629
8.01112
7.4918
7.47347
7.20897
7.41121
7.62649
7.29366
7.36057
7.56593
7.77827
7.86259
7.86183
7.9194
7.97093
7.98722
7.66015
7.59821
7.33966
7.2212
7.77213
8.23147
7.8229
7.30111
7.04396
6.70679
7.00174
7.07672
7.31382
7.31356
7.20801
7.70182
7.3849
7.8182
7.79658
7.5959
7.46201
7.15126
7.18524
7.15858
7.14611
6.88952
6.78396
6.8115
6.34064
6.52049
6.89513
7.3779
7.46717
7.03067
7.24126
7.08802
7.31754
7.6062
7.78072
7.48596
7.60587
8.02236
8.35195
7.93284
7.75431
8.18776
8.43752
8.49244
7.95989
7.75957
7.64242
7.02613
7.34092
7.38904
7.87238
8.21207
8.3877
8.07882
7.68835
7.62375
7.89911
8.38435
8.30197
7.74972
7.90984
7.79123
7.54496
7.4278
7.37183
7.10582
8.1364
8.25126
8.23645
8.07902
8.74212
8.8937
8.63981
8.97873
8.8076
8.28157
8.17955
8.42297
7.85259
7.85662
7.70277
7.48551
7.37918
7.81717
7.70165
7.65777
7.66498
7.42656
7.55993
7.76363
7.35777
7.18218
7.23479
7.11415
7.0575
7.31008
7.09893
7.59062
7.78658
7.68401
7.12563
7.45695
7.38755
7.30316
7.23912
6.9922
7.30944
7.12638
6.50731
7.24392
7.69756
7.46112
7.39996
7.31153
7.29227
7.29926
7.44871
8.33125
8.10401
7.91302
7.84053
7.97996
7.66929
7.9925
8.45636
8.06816
7.63859
7.58463
7.46317
7.95577
7.44313
7.35544
7.66585
7.87604
7.73691
7.70036
7.66712
7.78627
7.72704
7.58794
7.55514
7.21067
7.30611
7.64122
7.45152
7.04911
7.37094
7.22977
6.91688
7.40204
7.60637
6.99152
6.82335
6.88815
7.67272
8.20032
7.94674
7.8577
7.65099
7.2718
7.07602
6.86435
7.24159
7.18025
7.54264
7.52837
7.67283
7.3688
7.4014
7.59242
7.42809
7.07146
6.91009
6.85307
7.05013
6.97413
7.28851
7.74274
7.49133
7.87012
7.4062
7.55146
7.47561
7.35364
6.84781
7.17337
7.14494
6.98835
7.73183
8.12769
8.00516
8.0213
8.19656
8.14896
8.04763
7.8561
8.15809
7.53203
7.3631
7.61903
7.51688
7.46256
7.38548
6.79698
6.66391
6.59715
6.85684
7.34603
7.26179
7.44921
7.26205
7.57292
7.60315
7.89142
7.59112
7.6363
7.8104
8.07091
8.23919
7.99491
8.3209
7.79645
7.71978
7.75353
7.49285
7.49118
7.38105
7.37695
7.54563
7.1785
6.77535
6.70976
6.7532
6.97062
6.89344
7.25327
7.67214
7.30973
7.69251
7.76253
7.13672
7.09088
7.26576
7.34596
7.53815
7.22888
7.76729
8.10431
8.04887
7.86305
7.42081
7.66928
7.7894
7.52408
7.82335
8.26446
8.03876
7.77288
7.78599
7.1367
7.14002
7.23385
7.4068
7.16893
6.98141
7.05096
7.27964
7.10063
6.67828
6.62236
6.43371
6.7452
6.36689
6.17712
6.5651
6.71451
6.80994
7.34137
7.07694
7.50361
6.96669
6.9277
6.64114
6.99038
6.92974
6.97823
6.75163
6.50562
6.74362
6.48411
6.46037
6.89494
6.64983
6.72356
6.82629
6.95023
6.88384
6.7373
7.04346
6.61411
6.64285
6.64656
6.81789
6.96467
7.14769
7.47925
7.76729
7.32049
7.11431
7.18113
7.31213
7.62655
7.54615
7.60773
7.84372
8.10879
7.92761
8.04446
8.26932
8.07164
7.3417
7.50857
8.02616
7.707
7.08318
7.19266
7.48592
7.70301
7.98923
8.35073
8.19086
8.44872
7.68535
7.71343
7.4913
7.57476
7.68985
7.56156
8.08432
7.7241
7.29221
7.4329
7.47318
7.26256
7.55712
7.28746
7.66897
7.74306
7.54503
7.75364
7.75017
7.6897
7.21385
7.49915
7.42688
7.4359
7.40325
7.15738
7.66876
7.65455
7.80266
7.76948
7.75659
7.87339
7.97681
7.89846
7.85422
7.67685
7.78506
7.60986
7.46491
7.50161
7.52742
7.29377
7.07326
6.45512
6.5788
6.82752
7.19881
7.14468
6.97432
6.75111
7.04072
7.09857
7.17968
7.05237
7.36738
6.88518
6.93206
6.85096
7.18632
7.53406
6.99234
7.03409
7.35067
7.19464
6.53366
6.74116
6.45231
6.5169
6.29219
6.57435
7.02088
7.41173
7.75048
7.43783
7.61619
7.41958
7.36764
7.31855
6.73985
7.02737
7.06679
7.08804
7.15694
6.97583
7.15553
7.15286
7.21562
7.37718
7.16721
6.78455
7.02682
7.00724
6.7627
6.44247
6.88917
7.43372
7.91757
7.96191
7.87419
7.60173
7.11531
7.61361
7.51233
7.52717
7.1413
7.27479
7.22564
7.04682
6.85899
6.83971
6.9083
7.1918
7.06353
7.14467
7.12068
7.23863
6.89073
6.94472
6.92023
6.9645
7.14082
6.89566
6.91308
6.66886
7.38045
7.57783
7.68557
7.99456
7.87173
7.62198
7.62619
7.88998
8.01434
8.10654
7.69805
7.35377
7.67394
7.27655
7.44285
7.44555
7.36901
7.42787
7.41025
7.47182
7.35652
7.50659
7.4697
7.7427
7.84124
7.23531
7.70306
7.77692
7.65416
7.75393
7.84501
8.1394
7.9926
7.98519
7.42075
7.1747
7.55868
7.83798
7.71205
7.53803
7.67217
7.91157
7.83209
7.49906
7.49691
7.61138
8.18174
7.72298
7.22628
7.60205
7.3293
7.42489
7.24767
7.23013
7.25527
7.50178
7.30379
8.28276
8.34791
8.29367
7.61303
7.46652
7.73777
7.77479
7.78049
7.5733
7.36577
7.84599
8.11611
7.70302
7.70053
8.04946
7.82878
8.13646
7.99963
8.28468
7.57031
7.2305
7.35921
7.07493
7.20998
7.15197
7.03238
7.25533
7.6903
7.68136
7.839
7.70232
7.41879
7.35546
7.37881
7.10698
7.52031
7.56856
7.44056
6.99999
6.86339
6.74412
6.58762
6.80641
6.77717
6.74636
6.90867
7.40366
7.65854
7.62571
7.53069
8.11333
8.20478
7.64773
7.42613
7.63406
7.48262
7.43705
7.5908
7.73619
7.64843
8.04261
8.21482
8.1111
7.71533
7.33881
7.1661
7.12353
7.38378
7.33917
7.72431
7.64379
7.57971
8.02858
7.69718
7.42373
7.44328
7.43922
7.95701
7.97376
8.04356
8.26452
8.11363
8.23954
8.40217
8.09361
8.29325
8.19433
8.24976
7.90166
8.05787
7.75523
7.5749
7.37772
7.57734
7.18245
7.28544
6.74237
7.05001
7.09235
7.13433
7.07547
7.06395
7.45708
7.42218
7.74162
7.09515
6.95077
6.97279
6.58493
6.69183
6.95048
6.63458
6.74554
6.65964
6.78891
6.70812
6.60786
6.62784
6.76997
6.52377
6.55662
6.42831
6.99427
7.03986
7.0391
7.03716
7.35223
7.36025
7.27174
7.23764
7.43925
7.47608
7.28272
7.59823
7.1839
7.57345
7.69768
7.72891
7.90447
7.74162
7.97807
7.95964
8.23821
8.13644
8.04155
8.09282
7.74346
7.38144
7.22897
7.03217
7.34594
7.15625
7.19212
7.26382
6.89783
7.19612
7.10052
6.5776
6.94763
7.08445
7.12471
7.6037
7.42926
6.99308
7.24188
7.30395
7.52793
7.82404
7.57382
7.46511
7.61137
7.85583
7.79883
7.84055
7.63466
7.2522
6.96839
6.74215
6.44239
6.74205
6.9558
7.39741
7.30367
7.36608
6.92461
7.22744
7.51748
7.49895
7.75824
7.79483
8.03043
7.98897
7.24052
7.07943
6.9548
6.81453
7.01042
7.37337
6.85929
7.19764
7.52145
7.06831
7.90893
7.68346
8.10215
7.97751
7.42974
7.2412
7.72986
8.02183
8.0325
7.85311
7.87031
7.7885
8.00119
7.74807
7.88058
8.12029
7.65361
7.31088
6.82234
6.93503
6.93168
7.17395
7.32627
7.38049
7.12259
7.25956
7.32181
7.20671
6.99172
7.19024
7.68513
8.11542
7.87746
7.92363
7.8875
7.98267
8.18227
7.73395
7.81451
7.53212
7.71715
7.52047
7.09472
7.04825
7.11159
7.20625
7.05449
7.33212
7.42976
7.39585
6.82208
7.078
7.1978
7.07395
6.82637
6.662
7.20797
7.00099
7.00553
7.49593
7.49054
7.89652
7.77371
8.18233
7.86784
7.86422
7.80483
7.90043
7.69925
8.18101
8.03933
7.74817
7.89112
7.88011
8.15581
8.31715
7.84974
8.1478
8.58894
8.78643
8.7684
8.78078
8.22117
8.23184
7.44924
7.66074
7.95171
7.90984
8.01636
8.13925
8.08592
8.41711
8.11033
7.47678
7.80961
7.88357
7.74969
7.91895
7.70016
7.5752
7.44304
7.59746
7.33961
7.82287
7.95583
8.27157
8.22855
8.20599
7.93321
7.73406
7.57189
7.02363
7.34227
7.30926
7.61566
8.06584
8.01288
8.04237
8.03942
8.13432
8.07868
8.42132
8.63794
8.34082
8.06483
8.2317
8.84094
8.75957
8.64914
8.46436
8.2742
8.55508
8.12723
8.42818
8.37485
8.3168
8.427
8.74679
8.65722
8.20456
7.92454
8.11888
7.85709
7.99812
8.01101
8.16801
8.02537
7.79529
7.64216
7.35075
7.53571
7.07683
7.08367
7.25424
7.88796
7.69516
7.83929
7.7508
7.87986
7.70958
7.5996
7.2379
6.92353
7.29811
7.34708
7.16873
7.16235
7.26517
7.27804
7.29977
7.28811
7.0664
7.17754
7.43881
7.76059
7.45502
7.62561
7.47964
7.84804
8.41917
8.56545
7.87569
7.77262
7.65379
7.20803
7.03406
7.12791
7.27491
6.95347
7.4744
7.50454
7.85048
7.3198
7.25626
7.25264
6.93582
7.8203
7.68992
8.00862
7.95984
7.793
7.77332
7.67118
7.39302
7.64328
8.13918
8.30976
7.92221
7.99914
7.65962
7.4123
7.09325
7.12056
7.00214
6.95021
6.5453
6.7185
7.00692
7.22029
7.13117
7.31948
7.70499
7.53064
7.13082
6.97751
7.00046
7.29635
7.68873
7.58542
7.24032
7.48538
7.8314
7.27041
7.6124
7.44992
7.30779
7.27878
7.1341
7.13545
6.90221
7.47077
7.08827
6.99619
7.00493
7.13087
7.52112
7.72083
8.00538
8.28516
7.98692
8.00475
8.12803
7.61958
7.51504
7.48098
7.3683
7.91711
7.49912
7.31407
6.97515
7.09134
7.32595
7.62008
7.50603
7.7812
7.533
7.43636
7.48384
7.59045
7.51928
7.67722
7.37025
7.73503
8.08709
8.64845
8.95051
9.16674
8.75015
8.79086
8.2421
8.37964
8.30072
8.13131
8.16301
8.2489
7.94923
8.0501
8.13907
8.30378
7.97087
8.1815
8.03876
7.79377
7.909
7.70848
7.69011
7.34644
7.4697
7.35523
7.10124
7.2735
7.31866
7.36936
7.64838
7.50116
7.52927
7.72273
7.52871
7.48737
7.32827
7.71638
7.72628
7.74875
7.81472
7.47483
7.22423
7.15735
7.53197
7.34692
7.57474
7.6978
7.27625
7.11993
7.39304
7.62772
7.57747
8.02728
8.29355
8.00805
7.73388
8.0479
7.93911
8.20958
8.39833
8.49441
8.00729
8.12305
8.6723
8.93888
8.64972
8.64892
8.62803
8.37276
8.3769
8.48066
8.66739
8.49274
7.89654
8.26336
7.77269
8.1354
8.40208
8.26094
8.18646
7.82692
7.85198
7.90499
8.00336
8.37107
7.85891
8.33616
8.38819
8.51649
8.6107
8.40033
8.82284
8.41936
8.85749
8.59559
8.22194
8.14447
8.22223
8.04867
8.18746
8.27756
8.05122
7.87918
7.40845
7.95637
8.1775
8.13786
8.07945
8.34841
7.54413
7.17178
7.27618
7.23969
7.04727
7.05291
7.10701
7.30761
7.47627
7.28003
7.00281
7.49135
7.57735
7.24564
7.40137
7.53881
7.72957
7.54092
7.2733
7.28786
7.71945
7.38361
7.81133
7.71242
8.11188
8.13707
7.65264
7.91533
7.87737
7.85768
7.58428
7.64077
7.94502
7.94095
8.02127
7.58609
7.50482
7.79741
7.7812
7.67023
7.60584
7.92313
7.94854
8.02285
8.00835
7.98497
7.80707
8.19385
8.55075
8.45639
8.23815
8.34176
8.52755
8.57807
8.52251
8.29009
7.98987
7.67595
7.28666
7.30633
7.80144
8.03332
7.79484
7.44373
7.3978
7.65505
7.36298
7.12743
7.30931
7.41723
7.4657
7.53673
7.60458
7.75015
7.9876
7.8615
7.80476
8.29048
8.35781
8.35061
8.55611
8.21183
7.82441
7.38957
7.19897
7.53237
7.3653
7.51645
8.1352
7.52077
8.15948
8.44957
8.4284
7.96246
7.69431
7.8587
7.3991
7.07655
6.92995
6.69521
6.95136
6.8788
7.01609
6.97494
7.09608
6.98811
6.60682
7.14362
7.45795
7.66223
7.57528
6.85171
7.25426
7.51846
7.53605
7.44285
7.70852
7.04457
7.18927
7.48417
7.61808
7.57698
7.34823
7.34272
7.08454
6.95302
6.87364
6.62
6.50575
6.97535
6.53003
6.82223
6.909
7.23519
7.1135
7.34149
7.71626
7.49364
7.19993
7.29508
7.00759
7.04007
6.99263
7.20458
7.03985
7.63611
7.622
7.52846
7.509
7.32758
7.33424
7.47046
7.50854
7.47447
7.4158
7.4496
7.6824
7.42652
7.17597
7.58961
7.78018
7.51199
7.39343
7.44001
7.25643
7.56087
7.30189
7.15859
7.01088
7.46477
7.25346
7.62938
7.81147
8.21946
7.8399
8.03519
7.94845
7.6015
7.08284
7.22617
7.36859
7.46907
7.51199
7.49825
7.70583
7.44786
7.35357
7.70952
7.47769
7.35987
7.52731
7.63993
7.61137
7.54366
7.00093
7.07705
7.52669
7.85634
7.94462
7.82302
7.63694
7.12771
7.15018
6.89358
7.16384
7.38664
7.86619
7.94852
7.96134
8.56793
8.40409
8.43898
8.39915
8.06851
7.98497
8.04759
7.90983
7.92489
8.02839
8.26088
8.11189
8.1657
8.12638
8.54658
8.50372
8.24618
8.26078
7.92096
7.76756
8.2227
8.33124
8.87041
8.4288
8.16298
8.31938
7.89002
8.02062
8.36553
8.09671
7.51738
7.5007
7.65629
7.88129
8.11825
8.05165
8.02002
7.8375
8.21152
8.24245
8.1532
8.71372
8.47227
8.38462
8.19242
8.47523
7.75
7.78624
7.91293
8.06361
7.77205
7.5962
7.64606
7.7461
7.84069
8.1442
8.10468
7.98294
7.70074
7.8084
7.82073
7.37232
7.56195
7.15102
7.92048
7.96903
8.11467
8.28936
7.90517
8.26777
8.04753
7.63286
7.31032
7.35339
7.46234
7.25111
7.51764
8.15793
8.46402
8.09689
7.72372
8.04925
8.48008
8.77544
8.71426
8.78536
8.82196
8.39516
8.08429
8.26649
8.70087
8.67249
8.86881
8.90165
8.88634
9.18335
8.93379
9.00587
9.25421
9.17547
8.64274
9.06694
9.19217
9.01887
9.26197
8.84201
8.53435
8.67852
8.57684
9.03084
8.72427
8.74121
8.60292
8.92298
8.92547
8.24885
8.31496
8.2754
7.80087
7.79069
7.62486
7.86991
7.85571
8.12808
7.90456
8.06855
8.13328
8.16034
8.1652
8.05091
7.56575
7.80953
7.37917
7.42641
7.24815
7.28306
7.34108
7.78904
7.48789
7.40176
7.08912
7.50813
7.58558
7.36101
6.78288
6.99496
7.24329
7.63613
7.16289
7.19113
7.80963
7.60332
7.48325
7.59221
7.57512
7.26966
7.49991
7.58687
7.63045
7.58444
7.46138
7.55422
7.35737
7.37589
7.31582
8.1219
8.14711
7.80222
7.72315
8.35807
7.76537
7.91416
7.70769
7.64265
7.71692
7.25567
7.12583
7.12297
7.13593
7.1514
7.29638
7.20537
7.32883
7.31862
6.94383
6.67734
6.39205
6.64265
6.9713
6.95275
7.68772
7.7133
8.09783
7.90457
7.97915
7.87153
7.96452
7.76987
7.80454
8.29447
8.2145
7.95416
7.60657
7.86769
8.19607
7.92654
7.84159
7.83753
8.04991
7.91984
7.88603
7.78931
7.49755
8.00992
7.9179
7.8577
7.55318
7.65922
7.73687
7.82324
7.59273
7.42274
7.16022
6.94925
7.46278
7.18555
7.42813
7.35771
7.87534
8.0811
7.58259
8.07209
7.86124
8.00943
7.82536
7.58315
7.68802
7.46938
7.71028
7.6141
7.75731
8.07416
8.00639
8.29768
8.04419
8.10588
7.73549
7.74726
8.30513
8.67213
8.61298
8.59481
8.11506
7.75455
7.56594
7.35785
7.97929
8.25162
8.40795
8.40022
8.18012
7.98579
8.25583
8.36282
8.48207
8.51007
8.4904
8.71203
8.58274
7.96317
7.6966
7.71984
7.51186
7.22332
6.9206
7.02306
7.23712
7.37175
7.6215
7.43249
7.85581
7.86981
8.21049
8.19614
7.83423
8.15002
8.32046
8.13738
7.66533
7.46179
7.75176
7.99246
8.02471
7.92085
7.5918
7.68047
7.83598
7.89723
7.76114
8.13287
7.80721
7.36011
6.9984
7.05701
7.25882
7.17792
7.26308
7.49912
7.52444
7.72427
7.5873
6.6961
7.13611
7.28705
7.00548
7.03341
7.46823
7.47333
7.14032
7.01148
6.8521
6.99896
6.96486
6.90186
7.34844
7.21083
7.36752
7.2812
7.54323
7.61759
7.53002
7.53697
7.37573
7.1937
7.26105
7.40591
7.55557
7.94696
7.99337
8.16451
8.20297
7.96831
7.57654
7.26738
6.85301
7.19456
7.11902
7.46973
7.51659
7.22958
7.26519
7.27179
7.23762
7.4413
7.40073
7.45288
7.53363
7.3879
7.13791
6.85726
7.11296
7.57782
7.22802
6.97967
6.75504
6.52944
6.29505
6.63285
6.43426
6.88018
7.42402
7.75568
7.63161
7.17428
7.03897
7.0361
7.00854
6.9501
7.07157
6.69915
7.08423
7.07479
7.12579
7.288
7.58834
7.67805
7.35439
7.00387
6.95498
6.66772
6.72659
6.88984
6.73767
6.5792
6.51081
6.4776
6.49542
6.3536
6.6596
7.21697
7.18826
7.44087
7.62759
7.1192
7.30342
7.70316
7.6162
7.49524
7.75067
7.53602
7.30211
7.22226
7.23838
6.78138
7.00123
6.88046
6.87407
6.86688
6.76669
6.64517
6.98643
6.71462
6.56609
6.91065
7.25986
7.06974
7.38091
6.95923
7.04557
6.90172
7.26017
7.08979
7.50139
7.57638
7.75049
7.39467
7.28222
7.43061
7.29717
7.272
7.28844
7.15248
7.33051
7.58249
7.42337
7.31665
7.61612
7.69566
7.4675
7.30423
7.7859
7.56683
7.32787
7.65601
7.45387
7.19623
7.40239
7.45846
7.67226
7.54702
7.86629
7.89229
8.01616
7.31833
7.2623
6.86307
6.88721
7.0839
7.22124
7.30722
7.30218
7.68363
7.30029
7.74699
7.60541
8.04821
7.88237
7.38795
7.2343
7.86973
7.49113
7.16508
7.14843
7.00142
7.48572
8.00073
7.99203
7.69786
7.7035
8.10868
8.0771
7.49235
7.34393
7.48133
7.87662
8.63362
8.25922
8.35501
8.99766
8.38214
8.21961
8.10841
8.37206
8.48736
8.66969
8.55725
7.85952
8.0213
8.04387
8.03574
7.52582
7.48499
7.65355
8.00509
8.04964
8.24268
7.85143
8.20303
7.80007
7.58219
7.54956
7.30268
6.88336
7.08613
7.19685
7.31547
7.24554
7.24166
7.24159
7.51575
7.543
7.47441
7.23421
7.27122
7.41114
7.78725
8.00108
7.88869
7.8598
7.49989
7.02262
6.85242
6.90273
7.15141
6.73709
6.47111
6.50111
6.46365
6.66782
6.63789
7.05159
6.97815
7.13307
7.25756
7.09074
7.0923
7.68594
8.25446
7.64157
7.5352
7.59822
7.70747
8.16042
7.93136
7.42803
7.70109
7.55991
7.21826
7.66079
7.41002
7.42097
7.95283
8.39046
8.47787
9.11384
8.90577
8.80684
8.4881
8.47484
7.9744
8.08672
7.89756
7.74896
7.82967
7.83612
8.2979
8.03892
8.16406
8.25896
7.89033
7.79345
8.15614
7.96456
8.48262
7.97021
7.73374
7.82252
7.99577
8.29088
7.78001
8.15172
7.67896
7.1815
6.57497
7.1837
7.36659
7.84673
7.70489
7.2982
7.3499
7.21418
7.3474
7.48235
7.60855
8.00614
7.95568
7.54642
7.61573
7.3663
7.45652
7.84608
7.52625
7.02845
7.34196
7.14565
7.3287
6.85414
6.68211
6.93973
7.26976
6.98146
6.89144
7.2059
7.79336
8.05658
8.04085
7.80883
7.64031
7.47409
7.8948
7.57024
7.64817
7.66441
7.62966
7.89406
8.21875
8.01554
7.84016
8.05384
7.43841
7.26481
6.76797
7.10812
7.22339
7.65041
7.78782
7.41599
7.5708
7.59139
7.53637
7.52133
7.35047
7.08723
6.94149
6.72535
7.44192
6.83331
7.20958
7.33481
7.26293
7.47157
7.86458
7.18348
7.26575
7.42922
7.38894
7.15493
7.34253
7.30971
7.41064
7.40952
7.12608
7.17127
7.1369
6.94099
6.60692
6.64721
6.66367
6.46758
6.71814
6.97193
7.12155
7.19082
6.99755
7.26226
7.69592
8.0848
7.62736
7.31673
7.22631
7.30813
7.19516
7.38954
7.29453
7.02068
7.21159
6.976
7.23761
7.57743
7.39366
7.18865
7.14349
7.73713
7.53308
7.34413
7.77127
7.78062
7.56347
7.43715
7.22389
7.30446
7.20516
7.6187
7.83404
7.8821
7.90222
8.05199
8.65035
8.11737
8.40552
8.49063
8.18608
8.47335
8.35916
8.60717
8.75885
8.81672
9.09564
8.98131
8.27232
7.85965
7.70207
7.71592
8.07183
8.25353
8.28827
8.22583
7.76511
7.76396
7.85451
7.8465
7.42795
7.18909
7.22811
7.69356
7.71492
7.50167
7.5199
7.57672
7.883
7.94018
7.65328
7.52648
7.42594
7.36554
7.69648
8.00101
7.88178
7.77303
7.77211
7.8748
8.44919
8.06082
8.07358
7.62287
7.79918
7.85441
7.73619
7.56611
7.46685
7.37294
7.45121
7.2194
7.1407
7.2425
6.96906
7.16192
7.38871
6.70818
6.80298
7.08925
7.11393
6.98171
7.08063
6.94545
7.17069
7.58817
7.56123
7.54226
7.56033
7.70136
8.1621
7.6744
7.64405
7.57694
7.84161
7.64956
7.55194
7.2441
7.13219
7.17233
7.08041
7.09985
6.97551
6.50333
6.43294
6.42484
6.50806
6.65657
6.73143
7.12826
7.59528
7.52718
7.99223
7.68957
7.83099
7.57775
7.6662
7.58277
7.43092
7.47699
7.81755
7.80688
7.37754
7.3811
7.8154
7.7711
7.72385
7.70379
7.87474
7.75018
7.572
7.49781
7.23002
6.99578
7.51732
7.7559
7.7372
8.51341
8.24869
8.62802
8.48605
8.42033
7.86075
8.07319
8.28731
8.09724
7.54885
7.46201
7.85662
8.02326
7.94025
7.68736
8.03637
8.03681
7.4171
7.32244
7.18742
7.5361
7.31792
8.07588
7.98378
7.59885
7.3573
7.33359
7.57683
8.08872
7.54803
7.85797
7.75396
7.90755
8.39463
8.39977
8.22744
7.78944
8.03079
7.85123
7.73786
7.96054
7.80367
7.97864
8.0324
7.55893
7.36417
7.32511
7.13561
6.74736
6.94667
6.94466
6.81064
7.29962
7.15068
7.4845
7.71281
8.09435
8.18028
8.23465
8.12259
7.63407
7.21873
6.86024
7.14431
7.1271
7.13418
7.27224
7.42039
7.60728
7.61377
7.60457
7.59089
7.77817
7.71006
7.67841
7.29951
7.06497
7.14162
6.90348
7.26924
7.61276
7.19841
7.33584
7.37191
7.19644
6.82511
7.14889
7.11464
7.27756
7.27711
7.36793
7.55127
7.31126
7.16928
7.28992
7.41741
7.12589
7.35469
7.03101
7.36123
7.68036
7.64032
7.53678
7.21767
7.06231
7.08345
7.12518
7.43907
7.5872
7.7845
7.77193
7.43145
7.73943
7.82214
7.78828
7.86097
7.63437
7.88831
7.68174
7.78726
7.79079
7.17532
6.52648
6.89279
7.32512
7.06838
7.15094
7.53138
7.15293
7.72784
7.52808
7.44958
7.51346
7.4772
7.55376
7.25992
7.13789
7.22135
7.33888
7.18793
7.45732
7.7916
8.53819
7.71721
7.6922
7.9512
7.51392
7.93843
7.66268
7.96157
7.42262
7.2464
7.23581
7.23153
7.45708
7.64637
7.55324
7.76326
8.10169
8.00095
7.76542
7.4674
7.41981
7.35976
7.38154
7.3902
7.45648
7.40753
7.73525
7.9524
7.62712
7.41615
7.50314
8.03312
7.49915
7.65247
7.43615
6.99272
7.03225
7.58275
7.19341
7.39561
7.11034
7.116
7.23795
7.28824
7.30121
7.33192
7.9965
8.16733
8.11625
8.00791
7.77982
7.6306
7.821
7.38963
7.52023
7.08588
7.22367
7.29813
7.21729
7.05985
6.88011
6.81326
7.02894
7.28476
7.82109
7.80825
7.33278
7.34272
7.4765
8.06619
7.84566
7.71697
7.48789
7.84152
7.55447
7.2721
7.65038
7.87558
8.09702
7.61711
7.74396
7.34452
7.30944
6.86502
7.10912
7.26852
7.12176
7.21022
7.3809
7.59828
7.43198
7.40166
7.14058
7.03057
7.28903
7.20563
7.47631
7.58745
7.23953
7.42922
7.58116
7.46958
7.94229
8.0602
8.05914
8.57995
8.44169
7.1783
7.53871
7.97787
8.02234
7.7544
7.88037
8.11736
7.95222
7.64757
7.74941
7.52877
7.75747
7.92829
7.49478
7.37852
7.78621
7.60705
7.54492
7.17134
7.71064
7.45836
7.8143
7.41305
6.99828
7.25508
7.21131
6.89
6.7354
6.92068
7.07192
7.05944
6.87006
6.70814
6.66278
7.11895
7.32282
6.8912
6.94703
6.91489
6.61451
6.8569
7.04149
7.37917
7.37221
7.3844
7.22635
7.43521
7.39852
7.96227
7.6311
7.49503
7.04353
7.1647
6.92707
6.63982
7.12497
6.84671
7.13934
7.2561
7.1834
7.47635
7.22979
7.35448
7.05227
7.49704
7.04529
7.15495
7.67725
7.58794
7.60914
7.52025
7.21107
7.49152
6.85758
7.24134
7.58906
7.34616
7.12157
7.44755
7.26577
6.93298
7.26536
7.5269
7.16955
7.39299
7.3255
7.14507
7.35111
7.37191
7.73448
8.03035
7.96771
7.60685
7.38102
7.41216
7.2064
7.1896
6.89261
7.22414
8.12742
7.85541
7.57984
7.23232
7.83757
7.17553
7.24589
7.21559
7.16675
7.55138
7.20251
7.30027
7.53105
7.20416
7.4821
7.13643
6.83148
7.23842
7.49734
7.95234
7.96717
7.45192
7.56709
7.79477
8.10538
7.99849
7.45955
7.74081
7.78569
7.81248
7.79112
7.98445
8.21914
8.2604
8.39653
8.70043
8.63707
8.77654
8.74061
8.51174
8.97977
8.99512
8.53415
8.60164
8.25848
8.36288
8.39134
8.62067
8.14157
8.01802
7.65116
7.92544
7.99377
7.96766
7.70923
7.94714
7.70512
8.15304
8.21744
8.41806
8.02019
8.11834
7.88642
7.84391
7.67106
7.59996
7.89907
8.01319
7.96595
8.06478
7.9454
8.39527
8.22773
8.41804
8.63198
8.42347
8.86741
9.00397
9.11955
8.92583
8.52559
8.45385
8.35667
8.38764
8.21714
8.53395
8.73799
8.59478
8.3801
8.42108
8.85781
9.13646
9.31575
9.05172
8.80135
8.40051
7.93671
8.13733
8.17974
8.42252
8.24998
7.99849
7.99862
7.99203
7.84724
7.61315
7.79362
8.34852
8.19529
7.8389
7.67883
7.92649
7.76562
7.54669
7.18863
7.52571
7.60544
7.71794
7.79857
7.23398
7.46496
7.58519
7.75464
8.24328
8.30329
8.27287
8.30868
8.22187
8.29652
8.62036
8.26669
8.09568
8.247
7.7208
7.81581
7.91899
8.13301
7.90373
8.05275
7.71323
8.08782
8.12109
8.02748
8.49662
9.16865
8.70681
8.76532
8.81812
8.66054
7.81541
7.55847
7.30847
7.03998
6.97649
6.9631
6.9691
7.21291
7.50312
7.52271
7.63944
7.43785
7.36962
7.56438
8.09336
7.70189
8.56904
8.26132
7.88047
8.15236
8.59597
8.24438
8.47846
8.67304
8.86329
8.8548
8.49823
8.33209
8.56274
8.39061
8.56962
8.518
8.09242
7.95263
8.22231
8.00783
7.93811
7.44601
7.77074
7.68959
7.72425
7.97453
7.78604
8.07822
8.5821
8.44613
8.32429
8.01228
7.94711
7.79992
7.71121
7.2609
7.5337
7.82391
7.38662
7.26298
7.4483
8.14692
8.22994
8.39462
8.34125
8.47894
8.35644
8.36767
8.21326
8.05225
8.0668
7.99035
7.52286
7.80464
8.43636
8.09547
7.79962
7.64392
7.34872
7.79057
7.51032
7.7544
7.43599
7.15277
7.19053
7.44097
7.85589
7.50647
7.28381
7.66818
7.65958
7.98295
7.9413
7.70174
7.99602
7.87135
7.63407
7.51036
7.32627
7.54097
7.28966
7.28326
7.11896
7.01226
7.09754
7.14937
7.04369
7.30337
7.08851
6.87774
7.16317
7.0923
6.72638
7.13903
7.76957
7.644
7.33244
7.42531
7.43069
7.4762
7.38303
7.33614
7.62137
7.48616
7.23925
7.08157
6.89523
6.62183
6.70422
6.35387
6.53335
6.81608
6.45889
6.36169
6.66337
6.64015
6.81703
7.068
7.05536
7.20649
7.33861
7.3686
7.50562
7.69486
7.73072
7.49231
7.59516
7.58523
7.52159
7.93675
8.05091
8.05996
7.90579
8.29569
7.91813
7.6716
8.02995
7.73285
7.88788
7.50918
7.58898
7.77131
7.8647
8.24733
8.07463
7.93132
7.98776
8.01449
7.63315
7.51069
7.66253
7.69096
7.82294
8.11436
8.5024
8.28985
8.23696
7.54929
7.55257
7.62529
7.67341
6.98306
6.6999
7.16816
7.47869
8.14056
7.98672
8.22625
7.89282
8.12345
8.48149
8.18517
7.87996
7.92163
7.97623
7.55428
7.77092
7.59233
7.6908
7.61314
7.62581
7.39878
7.56584
7.68434
7.53893
8.02629
8.1892
8.17975
8.10988
7.934
8.21272
8.13701
7.5399
8.07783
8.2722
8.30383
8.45833
8.4006
8.30269
8.41195
8.53337
8.66465
8.42165
8.41648
7.97261
7.96208
7.97995
7.76603
7.69828
7.87355
7.47406
7.61176
7.39978
7.21257
7.31929
7.35319
7.48323
7.33274
7.25407
7.36343
7.47344
7.70145
7.81106
7.80315
7.87356
7.99998
8.3236
8.35506
8.4774
8.15395
7.55245
7.40021
7.78267
7.95193
7.96514
8.28287
8.17187
8.28565
8.76284
8.56451
8.99323
8.82393
8.60806
8.4037
8.52706
8.27539
8.16965
7.85952
7.94632
7.69837
7.54321
8.35868
8.35239
8.68337
8.68317
8.27789
8.11432
8.06677
8.0697
7.65723
7.54353
7.35216
7.41335
7.11028
7.42955
7.9323
7.4877
7.34786
7.05307
7.53141
6.95142
6.9463
7.32845
7.23518
7.49844
7.53216
7.70032
7.30658
7.56336
7.68846
8.19229
8.27914
8.09801
7.83533
7.59361
7.41933
7.64492
8.03028
8.05213
7.6809
7.91656
7.69738
7.79497
7.99594
7.42108
7.67208
7.42134
7.46959
7.49328
8.09692
8.08388
8.24957
7.81683
8.08964
8.04981
8.17225
8.05976
8.22649
8.50949
8.29256
7.8906
7.85055
7.39613
7.31224
7.64796
7.82484
7.25248
7.33602
6.85909
6.69808
6.6149
6.75467
7.07115
6.68949
6.87936
7.19682
7.23302
6.7819
7.18849
7.05614
7.23551
7.61746
7.62458
7.73771
7.78092
7.66792
7.53556
7.14722
7.04947
7.11463
6.9022
7.04681
7.1718
7.55979
7.87683
8.12511
7.61618
7.50243
7.94569
8.09444
8.3022
8.20212
8.07637
7.78896
7.76791
7.47065
7.80571
7.8627
8.17487
8.26165
7.90348
7.96217
7.98436
7.51271
7.41019
7.54976
7.32965
7.71333
7.49386
7.71181
7.27687
7.22513
7.35647
7.39024
7.69215
7.52959
7.93877
7.72825
7.89254
7.91375
7.81105
7.96992
8.07845
8.13889
8.23404
7.62785
7.96626
7.75204
7.6753
7.47733
7.4571
7.37817
7.45144
7.10037
7.16022
7.51158
7.62566
7.55324
7.42481
7.04648
7.24282
7.32357
7.28622
7.17691
7.34182
7.24382
6.9132
6.8607
6.75743
7.18849
7.18564
6.84069
6.90632
7.15462
6.98766
7.13658
7.07692
7.12481
7.63088
7.5693
7.59998
7.58102
7.59253
7.42074
7.53117
6.94238
6.90336
6.62972
6.73721
6.78836
7.01651
6.92426
7.00016
7.09772
7.46509
7.41333
7.37158
7.30685
7.44847
7.65503
8.11574
8.35051
8.01821
7.33165
7.29738
7.2671
7.21835
7.32336
7.49848
7.22331
6.72168
6.89606
6.92499
7.25726
7.72915
7.27972
7.18262
7.84756
7.49146
7.65564
7.32417
7.94243
7.76427
7.37206
7.27607
7.25774
7.01064
7.48025
7.6237
7.48603
7.51367
7.94019
7.85278
7.99656
7.6371
7.90312
7.69425
7.71397
7.67504
7.76153
7.65541
7.30489
7.32181
7.60894
7.75082
7.69518
7.40153
7.71829
8.12642
7.87739
7.85042
7.37496
7.26529
7.45551
7.29323
6.63339
6.76176
6.68391
6.84892
6.96754
6.71561
7.02557
7.06083
7.20223
6.79579
6.4311
6.9438
7.07749
6.87035
7.47769
7.61452
7.05302
7.04247
6.98821
7.02799
7.18302
7.01688
7.55699
7.18033
7.32776
7.30848
7.57513
7.2857
7.2146
7.34022
7.76979
7.1308
7.14448
7.25931
7.38529
7.20945
7.19964
7.28055
7.10813
7.06025
7.39866
7.03457
6.47301
6.4762
6.63031
7.05263
7.22306
7.46759
7.22571
6.84317
6.45294
6.78899
6.80926
7.00888
6.77966
6.61888
6.79389
7.24615
7.16102
6.75165
7.00561
6.99735
7.30204
7.56772
7.44981
7.25207
7.24061
6.97508
7.20144
7.36242
7.11123
6.89658
6.65916
6.7751
6.83026
7.14978
6.81494
6.56738
6.40017
6.30385
6.57327
7.62964
7.43891
7.07892
7.32939
6.92862
7.27724
6.95966
7.11955
6.9074
6.73864
6.85193
6.63106
7.22691
7.31206
7.33944
7.08258
6.95413
7.44565
7.50658
7.58471
7.49215
7.82658
7.69671
7.26212
7.11402
6.9095
7.20087
7.31399
7.38798
7.41699
7.05515
7.31667
7.21947
7.42089
7.97102
7.86856
7.93169
8.18202
8.31803
8.1894
8.5851
8.72965
8.65184
8.55752
8.5693
8.81472
8.38755
8.05254
7.95163
8.11162
8.268
8.34153
8.53861
7.82916
7.8031
7.77917
7.83756
7.6531
7.70906
8.12883
8.20213
8.9571
8.42545
7.76703
7.69424
7.73635
7.63439
8.02187
7.66233
7.84095
7.75292
7.92955
8.08474
7.81789
8.19559
7.88313
7.76102
7.81296
7.35302
6.94535
7.24895
7.19482
7.5826
7.59337
7.71278
8.08379
7.62237
7.89699
7.61219
7.30246
7.61721
7.09907
7.2519
7.6916
7.56836
7.96888
8.24872
8.46675
8.86093
8.78108
8.67368
8.56088
8.65657
8.73802
8.62521
8.37808
8.72122
8.45584
8.47968
8.88053
9.02655
8.73449
8.5682
8.35992
8.43702
8.12762
7.78928
7.6521
7.38363
7.78227
7.46343
7.23446
7.23279
7.08335
7.13588
7.19902
7.2382
7.50321
7.48944
7.81741
7.69131
7.48284
7.39821
7.6069
7.6848
7.93098
7.91808
8.33961
8.58384
7.97582
7.94943
8.23745
7.88376
7.86189
7.40031
7.18642
6.8234
6.80597
6.56673
6.78667
6.75929
7.2187
6.97984
7.16313
7.19868
7.12561
7.53086
7.28802
7.06551
7.48503
7.39522
7.65125
7.41906
7.15376
7.08452
7.09529
7.38859
7.96128
7.666
7.41044
7.72372
7.98637
7.84768
7.66617
8.01787
7.86982
7.9226
8.01892
7.30818
7.68112
7.29866
7.44107
7.39133
7.45398
7.41411
6.87047
6.85806
6.54716
6.68098
6.73242
6.9372
7.44909
7.42957
7.48053
7.29792
7.30905
7.34474
7.16165
7.02735
6.96585
6.90302
7.19914
7.37673
7.39845
7.33301
7.33739
7.47848
7.2972
7.3458
7.53559
7.81437
7.7405
7.62897
7.19244
7.31068
7.30114
7.67997
6.92819
7.06285
7.2395
6.90548
7.20792
7.36467
7.9206
7.407
7.73869
7.04498
7.169
7.28538
7.20709
7.00169
7.80075
7.30767
7.90258
8.04449
7.85721
8.09256
7.812
7.29917
7.48936
7.44857
7.29764
7.55648
8.19482
8.30621
8.34195
7.52787
7.32403
7.37748
7.2826
7.31355
7.32526
7.4998
7.47035
6.99877
7.33511
7.16971
7.142
7.5901
7.58385
7.56617
7.01742
6.88628
6.90746
7.31506
7.2664
7.36822
7.24103
7.10101
7.33674
7.64482
7.44678
7.04674
6.72413
6.87238
6.76163
6.96116
6.55499
6.33614
6.49059
6.92639
7.25805
7.60442
7.27771
7.08341
7.20436
7.22821
7.3125
7.82136
7.61397
7.52553
7.83474
7.78641
7.75838
7.5479
7.73184
7.76222
7.6782
7.38744
7.35858
7.29693
7.29442
7.50366
7.56981
7.86084
7.65211
7.98694
8.21156
8.07442
7.55253
7.61443
7.6675
7.08284
7.1574
7.35751
7.52642
7.52854
7.43245
7.31922
7.02281
7.52042
7.71259
7.65804
7.11236
7.42567
7.98005
7.85014
7.80527
7.45882
6.89187
6.74447
6.87289
7.11567
7.13631
7.34944
7.42577
7.20956
7.17678
7.25923
7.10468
7.1209
6.93233
7.05329
7.18597
7.1819
7.14073
7.10034
7.23633
7.12015
7.72845
8.19537
7.59283
7.1438
7.15311
7.5541
7.37153
7.52386
7.22508
7.02006
7.13077
7.48086
7.66678
7.90484
7.97154
7.55578
7.57064
7.73021
7.61033
7.42493
7.42843
7.6921
7.268
6.95154
7.21386
7.46951
7.4942
7.74181
7.71278
7.7315
7.65121
7.43059
7.20902
7.01062
7.41748
6.8681
6.68062
6.82977
6.82692
7.02205
6.55921
6.54961
6.59618
6.87314
7.31435
6.83263
6.94522
7.61138
7.71018
7.55522
7.28306
7.10351
7.25543
7.19235
7.47919
7.49728
7.63646
7.55459
6.99526
6.86978
7.09779
6.42687
6.37429
6.4686
6.70439
6.76111
6.73264
6.82867
6.76083
6.727
6.6277
7.00754
7.32302
7.80261
8.16493
7.77644
7.27596
6.89447
6.82988
7.21172
6.85483
6.92212
7.05409
7.12545
6.95617
6.7366
7.49617
7.25672
7.49885
7.46069
7.34972
7.21088
7.25884
7.1017
7.41096
6.74718
6.45922
6.72367
7.11214
6.52536
6.52195
7.05529
7.19535
6.93198
7.13821
7.26454
7.17204
6.95495
7.00318
6.91576
6.74054
6.97635
6.85702
6.91967
7.16691
7.03269
7.10705
7.25074
7.02863
6.92053
7.20284
7.65254
7.4312
7.65281
7.53202
7.34201
7.47857
7.43794
7.13601
7.89778
7.85657
7.61854
7.47748
7.41666
7.44746
8.02415
7.7895
7.26746
7.70302
7.40685
7.38982
7.41183
7.67386
8.0351
7.79434
7.81818
7.90569
7.89057
8.05562
8.09638
7.77109
7.78245
7.699
8.03184
8.02372
8.20317
8.00094
7.97252
7.90021
7.94535
7.84955
7.53153
7.33395
7.27437
7.18965
6.95791
7.13883
7.10858
7.07464
7.77788
7.68914
8.19994
8.31015
8.42352
8.09865
7.84154
7.72399
8.23487
7.78346
7.87516
8.02339
7.61686
7.59785
7.33176
7.46818
8.01321
7.85798
7.92443
7.56917
7.25538
7.23152
7.84581
7.78803
7.51272
7.62677
7.62483
7.92645
7.46403
7.45442
7.47804
7.62589
7.79934
8.23157
8.26104
8.26558
8.11033
7.8604
8.23985
8.26222
8.15778
8.60693
7.99198
8.06438
8.34338
8.29216
8.40339
7.99905
8.04698
8.42075
8.11818
7.82168
7.39271
7.74698
7.7588
7.6023
7.80797
7.58246
7.34757
7.22299
7.33654
7.93047
7.48946
7.77394
8.02918
8.1135
8.25892
8.25601
8.3233
8.36531
8.25183
7.80026
7.51865
7.71979
7.66754
7.83987
7.36396
7.63509
7.95786
8.1187
8.08766
8.31033
8.25513
7.94796
8.1786
8.33011
8.0973
7.94247
7.97314
8.3189
8.26284
8.00097
7.87355
7.63767
7.93595
7.75749
8.17776
7.69602
7.5319
7.53541
7.74048
7.54225
7.90752
7.16047
6.89172
6.94348
7.04043
7.54319
7.35247
7.26906
7.42234
7.45376
7.42149
7.23904
7.35983
7.83436
8.13481
8.33218
8.71336
8.23112
8.14126
7.81077
7.82749
7.96186
7.92486
8.42098
8.49116
8.26562
8.15163
8.00285
8.03864
8.39603
8.19501
7.94836
8.04326
7.89121
8.016
7.39902
7.4938
7.81837
7.94208
8.05048
7.42243
7.25051
7.52479
7.5975
7.55117
7.74369
7.58811
7.98824
7.62291
7.5037
7.69857
8.02939
8.03161
8.20221
8.13282
7.60472
7.54504
7.69897
8.07963
8.07086
7.64112
7.43537
7.12664
6.87453
6.89202
6.84042
7.33367
7.55712
7.664
7.35345
7.64264
7.74214
7.55914
7.53453
7.57662
7.41433
7.36965
7.34793
7.14794
7.42371
7.35116
7.41986
6.91313
7.26607
7.40162
7.21933
6.84103
6.73685
7.14637
7.53108
7.57015
7.34718
7.44283
7.40506
7.33724
7.5141
7.27505
6.99001
6.78581
7.28506
7.12801
7.05412
7.44289
7.71509
7.65988
7.67605
7.56765
7.20939
7.75297
7.51651
7.41038
7.93818
7.95179
7.37176
7.62722
7.8198
7.97814
7.99329
7.32343
7.23721
7.34739
7.18646
7.11176
7.12841
7.60109
7.65641
7.84354
7.82823
7.98087
8.08193
7.09702
7.77417
7.7889
7.20354
7.10692
6.986
7.37905
7.6371
7.76369
7.65532
7.90723
8.08558
7.86822
7.49342
7.44926
7.49253
7.62496
7.35653
7.31672
7.39743
7.66941
7.09248
7.28974
6.95722
6.96857
7.17905
7.41971
7.85005
8.0912
7.63354
7.96241
7.81684
7.4983
7.20986
7.28201
7.58675
7.22557
7.72081
7.9882
8.02584
7.60522
8.04582
7.31266
7.28916
7.48713
7.77429
7.76646
7.08421
7.50364
7.84552
8.24464
8.58788
8.80401
8.17366
7.92027
7.65052
7.40251
6.85541
7.51839
7.39012
7.42804
7.29636
7.37974
7.40187
7.36329
7.37467
7.45082
7.23386
7.24349
6.93846
6.92355
7.16642
7.14511
7.04974
6.92313
6.97215
6.98086
7.55437
7.62234
7.81021
7.33717
6.99187
7.08697
7.07883
6.83218
7.16931
7.33551
7.42023
7.73033
7.89513
7.67196
7.1552
6.84475
6.77934
6.84605
6.8001
6.42201
6.82238
6.56968
6.27678
6.74859
6.77675
6.43978
6.36797
6.27394
6.70769
6.42196
6.68356
6.94019
6.99219
6.7921
6.72543
6.56425
6.68981
7.01936
7.49736
7.35656
7.40921
7.54532
7.117
6.85465
7.01341
6.98625
6.83407
7.10726
6.96546
7.36385
8.16073
7.77967
7.53235
7.48856
7.10583
7.29404
6.89402
7.2956
7.67325
7.07307
6.79565
6.61881
6.86057
7.11685
7.02757
6.98221
6.79241
6.8242
7.06956
7.15084
6.94352
7.49001
7.27454
7.29458
7.5068
7.08078
7.81859
7.81415
7.32705
7.95468
7.81361
7.8045
7.62784
7.41031
7.70811
7.95334
7.72205
7.45368
7.44814
7.44348
7.39837
7.76848
7.97904
7.70061
7.60956
7.93506
7.97442
8.28605
7.97917
7.70042
7.55029
7.47668
6.88225
6.74811
6.77894
6.97212
6.84619
6.73122
7.17705
7.66804
7.9062
7.86251
8.04553
8.14487
7.94242
8.21372
7.72231
7.47575
7.30499
7.75061
7.47847
7.44179
7.26511
7.77543
7.18528
7.40288
7.45392
7.41721
7.50716
7.93073
8.15253
7.84596
7.25362
7.29555
7.44702
7.65359
7.30471
7.1028
7.30841
7.04064
7.18656
7.05317
7.2221
7.14877
7.15215
7.27195
7.44066
7.79898
7.63172
7.49093
7.93088
8.29994
8.41144
8.28323
8.01565
7.81021
7.78759
8.04152
7.66116
7.63458
7.71415
7.29895
7.34157
7.20357
7.07823
6.9473
7.18921
7.07649
7.20674
7.68045
7.59749
7.22494
7.35656
7.45646
7.15931
7.54943
7.5026
7.85222
8.38601
7.87152
7.46734
7.84066
7.74884
7.26557
7.35646
7.98328
7.99487
7.44961
7.67044
7.37064
7.5843
7.68822
7.51525
7.54773
7.34721
7.11947
7.01641
7.05094
6.92763
7.15788
7.30118
7.64953
7.52402
8.00266
7.81497
7.7046
8.02696
8.194
8.08508
8.36265
8.25914
8.09192
7.9924
7.50244
7.55584
7.92326
7.39012
7.21245
7.40364
7.55553
7.56914
7.37879
7.90712
7.85472
8.17014
8.10969
8.51178
8.04729
8.02327
8.0477
8.14098
7.95102
8.50505
8.35551
8.4261
8.61606
8.72768
8.26132
8.36692
8.59556
8.9126
8.56494
8.09971
7.9764
8.17122
8.22256
8.20788
8.3848
8.90187
8.70185
8.50212
8.18402
8.26146
7.8633
7.48883
7.69548
7.36571
7.40028
7.48347
7.4258
7.34536
7.3531
7.31275
6.92616
7.04713
6.74091
6.82072
6.86862
7.21458
7.43429
7.39038
7.23824
7.55276
7.66358
7.72939
8.02474
7.86533
7.34091
7.53841
7.46811
7.98795
7.52623
7.41955
7.36228
7.70761
7.60336
8.05303
8.07827
8.27823
8.27815
8.22226
8.16646
8.01495
7.95793
8.07064
7.92475
7.82874
7.70946
7.18561
7.25844
7.16128
7.34698
7.14485
7.10524
7.42408
7.36129
7.01879
7.53579
7.24298
7.5548
7.78774
7.88466
7.91858
7.99489
8.27761
8.54109
8.30549
8.38552
8.04288
7.79448
7.98397
7.48461
7.74342
7.32076
7.71268
7.9554
8.1366
8.5357
8.40838
7.98266
7.93823
8.30719
8.15913
8.5831
8.20328
8.59646
8.35775
8.24388
7.95228
7.63837
8.09253
7.79221
7.41758
7.25582
7.45848
7.60199
7.83002
7.70012
7.76126
7.68483
7.30658
7.37621
7.47848
7.80108
7.8871
8.03363
8.40393
8.27685
8.16101
8.13292
8.15737
8.32168
8.0579
8.00844
8.25522
8.26826
8.26875
8.25529
8.02842
7.92591
7.78762
8.07026
8.27884
8.07594
7.55148
7.34352
7.73914
7.51124
7.45131
8.01835
8.13787
8.23255
8.03157
8.13797
8.02634
7.95247
8.46785
8.47818
8.57267
8.60615
8.81196
8.9235
8.966
8.73666
8.54339
8.51723
8.62139
8.70413
8.5847
8.5673
8.38501
7.95948
8.28174
9.06044
8.70356
8.42173
8.35537
7.97331
7.6128
7.59106
7.73818
7.91504
7.99522
7.99803
8.24049
7.83818
7.72482
7.35419
7.56092
6.88528
7.42014
7.09478
7.46689
8.28219
8.36827
7.93637
8.05858
8.19838
7.43462
7.85301
7.6727
7.98608
8.13585
7.92439
7.61481
7.59184
7.0861
7.01423
7.00729
7.1271
7.09885
7.42864
7.4503
6.95509
7.50621
7.28927
7.22346
7.44346
7.52914
7.80848
7.34823
7.32276
7.59366
7.25961
6.92481
7.49246
7.55351
8.06496
8.05126
7.96746
8.24519
7.82097
7.74981
7.89739
7.89844
7.90494
7.88907
8.15134
8.01648
7.94366
7.81401
7.80924
8.36514
8.40153
7.77505
7.59663
7.45681
7.70907
7.21861
7.16054
7.23651
7.21098
7.29712
7.048
7.31033
7.33579
7.15677
7.14731
7.1589
7.25674
6.95464
7.48779
7.53453
7.66299
7.9598
7.31043
6.95528
7.34963
7.39374
6.72846
6.56024
7.19387
7.26893
7.31636
7.14632
7.41687
7.53592
7.42847
7.50602
7.55599
7.5583
7.80115
7.93254
7.65445
7.42023
7.2767
7.25455
7.64742
7.6314
7.2565
7.11175
7.53766
7.33533
7.04706
7.39538
7.1622
7.52425
7.22576
7.15466
7.07463
7.3318
7.62309
7.89711
7.90425
7.95479
7.86792
7.64112
7.45965
7.89223
7.73955
8.05668
7.73224
7.86759
8.50511
7.97661
8.00893
8.38345
8.10485
7.90173
7.70518
7.66435
8.21828
8.08056
8.05722
7.93415
7.84587
7.45832
7.49452
7.6915
7.63499
7.01727
7.41586
7.29638
7.61103
7.87124
7.60824
7.63702
7.39123
7.40467
7.65786
8.04217
8.04455
7.93481
7.49079
7.64921
7.8892
7.62374
7.94798
7.55439
7.58074
7.84978
7.88234
7.93515
7.56268
7.63236
7.66969
7.51269
7.47103
7.02247
7.18388
6.72767
6.50839
6.91003
6.98718
6.86907
6.90249
7.03261
7.39679
7.9261
8.19699
7.69682
7.60251
7.64084
7.83561
7.95412
8.02778
8.05269
7.72028
7.75792
7.40518
7.38982
7.1002
6.97492
6.67557
6.88399
6.87532
6.87008
6.77187
6.49132
6.67635
6.42332
6.66682
6.74152
6.64399
6.34915
6.4257
6.42096
6.37666
6.75444
6.97231
6.95806
6.86318
6.96121
6.89463
6.69533
6.85335
7.12758
7.30872
7.44139
8.05932
7.24476
7.27659
7.37385
7.43104
7.99933
7.4134
7.61929
7.43047
7.33394
7.54204
7.44415
7.76158
7.81527
7.67411
7.60137
7.26675
7.53504
8.16828
8.29496
8.28698
8.39603
8.4719
8.57021
8.55733
8.39271
8.17039
8.01193
8.22331
8.38481
8.18243
8.62894
8.65449
7.93222
7.86781
7.33598
7.3612
6.89616
6.98263
7.62863
7.70918
7.73818
7.90719
7.91955
8.05736
8.12564
7.9696
7.59056
7.41835
7.92069
8.07697
8.74031
8.42432
