1,	-5.48609,	0
2,	-5.46972,	0.0163609
3,	-5.46043,	0.0132505
4,	-5.46324,	0.00978021
5,	-5.46157,	0.00775593
6,	-5.46154,	0.00633276
7,	-5.46062,	0.00543174
8,	-5.46314,	0.005339
9,	-5.4635,	0.00472232
10,	-5.46598,	0.00489458
11,	-5.46462,	0.00462997
12,	-5.46447,	0.00422937
13,	-5.46499,	0.0039249
14,	-5.46348,	0.00393201
15,	-5.46259,	0.00376744
16,	-5.46394,	0.00377413
17,	-5.46428,	0.00356151
18,	-5.46346,	0.00345674
19,	-5.46345,	0.00326976
20,	-5.46349,	0.0031022
21,	-5.46448,	0.00311148
22,	-5.46356,	0.00310516
23,	-5.46391,	0.00298727
24,	-5.46375,	0.00286465
25,	-5.46308,	0.00282786
26,	-5.46363,	0.0027727
27,	-5.46376,	0.00267127
28,	-5.46409,	0.00259503
29,	-5.46441,	0.00252442
30,	-5.46531,	0.00259725
31,	-5.4647,	0.00258364
32,	-5.46454,	0.00250676
33,	-5.46475,	0.00243865
34,	-5.46512,	0.00239358
35,	-5.46485,	0.00233906
36,	-5.46475,	0.00227553
37,	-5.46472,	0.0022134
38,	-5.46519,	0.00220537
39,	-5.46533,	0.00215296
40,	-5.46566,	0.0021236
41,	-5.46619,	0.00213921
42,	-5.46607,	0.00209165
43,	-5.46623,	0.00204912
44,	-5.46639,	0.00200792
45,	-5.46656,	0.00197072
46,	-5.46643,	0.00193158
47,	-5.46624,	0.00190018
48,	-5.4662,	0.0018605
49,	-5.46659,	0.00186167
50,	-5.4664,	0.00183342
