1,	1.29464,	0
2,	1.36761,	0.0729703
3,	1.41478,	0.0632433
4,	1.39918,	0.0473635
5,	1.412,	0.0388635
6,	1.40968,	0.0318163
7,	1.41457,	0.0273297
8,	1.40322,	0.0262463
9,	1.40435,	0.0231747
10,	1.39315,	0.0235619
11,	1.40145,	0.0228702
12,	1.40342,	0.0209708
13,	1.402,	0.0193425
14,	1.40831,	0.018985
15,	1.41162,	0.017981
16,	1.40536,	0.0179445
17,	1.40307,	0.0170113
18,	1.40822,	0.0168453
19,	1.4077,	0.0159426
20,	1.40863,	0.0151529
21,	1.40359,	0.015267
22,	1.40937,	0.0156615
23,	1.40683,	0.0151792
24,	1.40675,	0.0145332
25,	1.41017,	0.0143533
26,	1.40739,	0.0140679
27,	1.40595,	0.0136128
28,	1.40273,	0.013507
29,	1.401,	0.0131478
30,	1.39616,	0.0135896
31,	1.39852,	0.0133533
32,	1.39921,	0.0129476
33,	1.39737,	0.0126832
34,	1.39482,	0.0125665
35,	1.39593,	0.0122527
36,	1.39676,	0.0119362
37,	1.39676,	0.0116092
38,	1.39479,	0.0114702
39,	1.39386,	0.0112111
40,	1.39212,	0.0110641
41,	1.38953,	0.0110983
42,	1.39005,	0.0108433
43,	1.38903,	0.010637
44,	1.38807,	0.0104366
45,	1.38809,	0.0102021
46,	1.38828,	0.00997962
47,	1.38934,	0.00982197
48,	1.38902,	0.00962048
49,	1.38767,	0.00951716
50,	1.38861,	0.00937192
