r_min,	r_max,	g(r),	error
0,	0.0128248,	0,	0
0.0128248,	0.0256496,	0,	0
0.0256496,	0.0384745,	0,	0
0.0384745,	0.0512993,	0,	0
0.0512993,	0.0641241,	0,	0
0.0641241,	0.0769489,	0,	0
0.0769489,	0.0897737,	0,	0
0.0897737,	0.102599,	0,	0
0.102599,	0.115423,	0,	0
0.115423,	0.128248,	0,	0
0.128248,	0.141073,	0,	0
0.141073,	0.153898,	0,	0
0.153898,	0.166723,	0,	0
0.166723,	0.179547,	0,	0
0.179547,	0.192372,	0,	0
0.192372,	0.205197,	0,	0
0.205197,	0.218022,	0,	0
0.218022,	0.230847,	0,	0
0.230847,	0.243672,	0,	0
0.243672,	0.256496,	0,	0
0.256496,	0.269321,	0,	0
0.269321,	0.282146,	0,	0
0.282146,	0.294971,	0,	0
0.294971,	0.307796,	0,	0
0.307796,	0.32062,	0,	0
0.32062,	0.333445,	0,	0
0.333445,	0.34627,	0,	0
0.34627,	0.359095,	0,	0
0.359095,	0.37192,	0,	0
0.37192,	0.384745,	0,	0
0.384745,	0.397569,	0,	0
0.397569,	0.410394,	0,	0
0.410394,	0.423219,	0,	0
0.423219,	0.436044,	0,	0
0.436044,	0.448869,	0,	0
0.448869,	0.461694,	0,	0
0.461694,	0.474518,	0,	0
0.474518,	0.487343,	0,	0
0.487343,	0.500168,	0,	0
0.500168,	0.512993,	0,	0
0.512993,	0.525818,	0,	0
0.525818,	0.538642,	0,	0
0.538642,	0.551467,	0,	0
0.551467,	0.564292,	0,	0
0.564292,	0.577117,	0,	0
0.577117,	0.589942,	0,	0
0.589942,	0.602767,	0,	0
0.602767,	0.615591,	0,	0
0.615591,	0.628416,	0,	0
0.628416,	0.641241,	0,	0
0.641241,	0.654066,	0,	0
0.654066,	0.666891,	0,	0
0.666891,	0.679715,	0,	0
0.679715,	0.69254,	0,	0
0.69254,	0.705365,	0,	0
0.705365,	0.71819,	0,	0
0.71819,	0.731015,	0,	0
0.731015,	0.74384,	0,	0
0.74384,	0.756664,	0,	0
0.756664,	0.769489,	0,	0
0.769489,	0.782314,	0,	0
0.782314,	0.795139,	0,	0
0.795139,	0.807964,	0,	0
0.807964,	0.820788,	0,	0
0.820788,	0.833613,	0,	0
0.833613,	0.846438,	0,	0
0.846438,	0.859263,	0,	0
0.859263,	0.872088,	3.44992e-05,	1.36243e-05
0.872088,	0.884913,	0.000327544,	3.61846e-05
0.884913,	0.897737,	0.00233036,	0.000108847
0.897737,	0.910562,	0.0103819,	0.000269196
0.910562,	0.923387,	0.0370534,	0.000461532
0.923387,	0.936212,	0.100798,	0.00082858
0.936212,	0.949037,	0.226522,	0.00128392
0.949037,	0.961861,	0.422588,	0.00191767
0.961861,	0.974686,	0.696599,	0.00257582
0.974686,	0.987511,	1.01987,	0.00230896
0.987511,	1.00034,	1.37258,	0.00286305
1.00034,	1.01316,	1.70907,	0.00320479
1.01316,	1.02599,	2.01294,	0.00359754
1.02599,	1.03881,	2.24995,	0.00347721
1.03881,	1.05164,	2.4245,	0.00308917
1.05164,	1.06446,	2.53398,	0.00316346
1.06446,	1.07728,	2.57817,	0.00265987
1.07728,	1.09011,	2.56921,	0.00292026
1.09011,	1.10293,	2.52951,	0.00272267
1.10293,	1.11576,	2.45787,	0.00266323
1.11576,	1.12858,	2.3626,	0.00323929
1.12858,	1.14141,	2.25487,	0.00232746
1.14141,	1.15423,	2.14383,	0.0022596
1.15423,	1.16706,	2.03263,	0.00236753
1.16706,	1.17988,	1.91838,	0.00236541
1.17988,	1.19271,	1.8079,	0.00260763
1.19271,	1.20553,	1.70252,	0.00211195
1.20553,	1.21836,	1.6059,	0.00284426
1.21836,	1.23118,	1.51407,	0.00249827
1.23118,	1.24401,	1.43075,	0.00215291
1.24401,	1.25683,	1.35297,	0.00243082
1.25683,	1.26966,	1.27935,	0.00209625
1.26966,	1.28248,	1.21356,	0.00208457
1.28248,	1.29531,	1.15349,	0.00218187
1.29531,	1.30813,	1.09983,	0.00173473
1.30813,	1.32096,	1.0457,	0.0017216
1.32096,	1.33378,	1.00104,	0.00143252
1.33378,	1.34661,	0.958884,	0.0016952
1.34661,	1.35943,	0.922474,	0.00146708
1.35943,	1.37226,	0.886047,	0.00146663
1.37226,	1.38508,	0.855865,	0.00143983
1.38508,	1.39791,	0.828294,	0.00136066
1.39791,	1.41073,	0.802131,	0.00146683
1.41073,	1.42355,	0.781488,	0.00119199
1.42355,	1.43638,	0.763976,	0.00141066
1.43638,	1.4492,	0.744107,	0.00106707
1.4492,	1.46203,	0.72711,	0.00129542
1.46203,	1.47485,	0.716318,	0.00130289
1.47485,	1.48768,	0.70451,	0.00094469
1.48768,	1.5005,	0.692204,	0.00144855
1.5005,	1.51333,	0.687473,	0.00139706
1.51333,	1.52615,	0.680092,	0.00111717
1.52615,	1.53898,	0.675455,	0.00143395
1.53898,	1.5518,	0.675255,	0.0013517
1.5518,	1.56463,	0.671516,	0.00149721
1.56463,	1.57745,	0.670777,	0.00119781
1.57745,	1.59028,	0.672197,	0.00141848
1.59028,	1.6031,	0.67484,	0.00132795
1.6031,	1.61593,	0.677998,	0.00134491
1.61593,	1.62875,	0.683182,	0.00138906
1.62875,	1.64158,	0.689729,	0.00141223
1.64158,	1.6544,	0.697858,	0.00134824
1.6544,	1.66723,	0.707019,	0.00120644
1.66723,	1.68005,	0.718251,	0.00126945
1.68005,	1.69288,	0.728693,	0.00110112
1.69288,	1.7057,	0.742586,	0.00136434
1.7057,	1.71853,	0.755957,	0.0011888
1.71853,	1.73135,	0.772251,	0.00116775
1.73135,	1.74418,	0.788855,	0.00140818
1.74418,	1.757,	0.806272,	0.00139817
1.757,	1.76983,	0.825178,	0.00119399
1.76983,	1.78265,	0.844388,	0.00131796
1.78265,	1.79547,	0.862418,	0.00118167
1.79547,	1.8083,	0.884307,	0.00124991
1.8083,	1.82112,	0.903634,	0.00131906
1.82112,	1.83395,	0.923498,	0.00139026
1.83395,	1.84677,	0.945678,	0.00134444
1.84677,	1.8596,	0.966538,	0.00125631
1.8596,	1.87242,	0.986816,	0.00105039
1.87242,	1.88525,	1.00743,	0.00130685
1.88525,	1.89807,	1.02753,	0.00155087
1.89807,	1.9109,	1.04702,	0.00115223
1.9109,	1.92372,	1.06772,	0.00128026
1.92372,	1.93655,	1.08615,	0.00138748
1.93655,	1.94937,	1.10517,	0.0013621
1.94937,	1.9622,	1.12093,	0.00132025
1.9622,	1.97502,	1.13863,	0.00144335
1.97502,	1.98785,	1.15561,	0.00139922
1.98785,	2.00067,	1.1679,	0.00118982
2.00067,	2.0135,	1.1813,	0.00113922
2.0135,	2.02632,	1.19164,	0.00126702
2.02632,	2.03915,	1.20329,	0.00117774
2.03915,	2.05197,	1.20751,	0.00108707
2.05197,	2.0648,	1.21363,	0.00123007
2.0648,	2.07762,	1.21545,	0.00112888
2.07762,	2.09045,	1.21606,	0.00132663
2.09045,	2.10327,	1.2152,	0.00110409
2.10327,	2.1161,	1.21088,	0.00106952
2.1161,	2.12892,	1.20765,	0.00111642
2.12892,	2.14174,	1.19973,	0.00109464
2.14174,	2.15457,	1.19313,	0.00123989
2.15457,	2.16739,	1.18172,	0.00103753
2.16739,	2.18022,	1.16961,	0.00102949
2.18022,	2.19304,	1.15674,	0.00102354
2.19304,	2.20587,	1.14584,	0.00117584
2.20587,	2.21869,	1.13171,	0.00117235
2.21869,	2.23152,	1.11771,	0.00124356
2.23152,	2.24434,	1.10292,	0.00104251
2.24434,	2.25717,	1.0872,	0.00122174
2.25717,	2.26999,	1.07332,	0.00116834
2.26999,	2.28282,	1.05931,	0.00104102
2.28282,	2.29564,	1.04646,	0.001032
2.29564,	2.30847,	1.03099,	0.00100681
2.30847,	2.32129,	1.01925,	0.00108697
2.32129,	2.33412,	1.0053,	0.000895726
2.33412,	2.34694,	0.992964,	0.0010952
2.34694,	2.35977,	0.98045,	0.00109866
2.35977,	2.37259,	0.970397,	0.000917194
2.37259,	2.38542,	0.959608,	0.000870736
2.38542,	2.39824,	0.950412,	0.000849331
2.39824,	2.41107,	0.941738,	0.000973395
2.41107,	2.42389,	0.933508,	0.00084649
2.42389,	2.43672,	0.9273,	0.00108318
2.43672,	2.44954,	0.919865,	0.000939043
2.44954,	2.46237,	0.914985,	0.000967492
2.46237,	2.47519,	0.909402,	0.00101101
2.47519,	2.48802,	0.905975,	0.000991219
2.48802,	2.50084,	0.901815,	0.00101093
2.50084,	2.51366,	0.886263,	0.000771792
2.51366,	2.52649,	0.885657,	0.00106756
2.52649,	2.53931,	0.886025,	0.00099577
2.53931,	2.55214,	0.885552,	0.00105798
2.55214,	2.56496,	0.886107,	0.00105327
