r_min,	r_max,	g(r),	error
0,	0.0115332,	0,	0
0.0115332,	0.0230664,	0,	0
0.0230664,	0.0345996,	0,	0
0.0345996,	0.0461329,	0,	0
0.0461329,	0.0576661,	0,	0
0.0576661,	0.0691993,	0,	0
0.0691993,	0.0807325,	0,	0
0.0807325,	0.0922657,	0,	0
0.0922657,	0.103799,	0,	0
0.103799,	0.115332,	0,	0
0.115332,	0.126865,	0,	0
0.126865,	0.138399,	0,	0
0.138399,	0.149932,	0,	0
0.149932,	0.161465,	0,	0
0.161465,	0.172998,	0,	0
0.172998,	0.184531,	0,	0
0.184531,	0.196065,	0,	0
0.196065,	0.207598,	0,	0
0.207598,	0.219131,	0,	0
0.219131,	0.230664,	0,	0
0.230664,	0.242198,	0,	0
0.242198,	0.253731,	0,	0
0.253731,	0.265264,	0,	0
0.265264,	0.276797,	0,	0
0.276797,	0.28833,	0,	0
0.28833,	0.299864,	0,	0
0.299864,	0.311397,	0,	0
0.311397,	0.32293,	0,	0
0.32293,	0.334463,	0,	0
0.334463,	0.345996,	0,	0
0.345996,	0.35753,	0,	0
0.35753,	0.369063,	0,	0
0.369063,	0.380596,	0,	0
0.380596,	0.392129,	0,	0
0.392129,	0.403663,	0,	0
0.403663,	0.415196,	0,	0
0.415196,	0.426729,	0,	0
0.426729,	0.438262,	0,	0
0.438262,	0.449795,	0,	0
0.449795,	0.461329,	0,	0
0.461329,	0.472862,	0,	0
0.472862,	0.484395,	0,	0
0.484395,	0.495928,	0,	0
0.495928,	0.507461,	0,	0
0.507461,	0.518995,	0,	0
0.518995,	0.530528,	0,	0
0.530528,	0.542061,	0,	0
0.542061,	0.553594,	0,	0
0.553594,	0.565128,	0,	0
0.565128,	0.576661,	0,	0
0.576661,	0.588194,	0,	0
0.588194,	0.599727,	0,	0
0.599727,	0.61126,	0,	0
0.61126,	0.622794,	0,	0
0.622794,	0.634327,	0,	0
0.634327,	0.64586,	0,	0
0.64586,	0.657393,	0,	0
0.657393,	0.668926,	0,	0
0.668926,	0.68046,	0,	0
0.68046,	0.691993,	0,	0
0.691993,	0.703526,	0,	0
0.703526,	0.715059,	0,	0
0.715059,	0.726593,	0,	0
0.726593,	0.738126,	0,	0
0.738126,	0.749659,	0,	0
0.749659,	0.761192,	0,	0
0.761192,	0.772725,	0,	0
0.772725,	0.784259,	0,	0
0.784259,	0.795792,	0,	0
0.795792,	0.807325,	0,	0
0.807325,	0.818858,	0,	0
0.818858,	0.830391,	0,	0
0.830391,	0.841925,	0,	0
0.841925,	0.853458,	0,	0
0.853458,	0.864991,	0,	0
0.864991,	0.876524,	0,	0
0.876524,	0.888058,	0,	0
0.888058,	0.899591,	8.72357e-05,	4.03899e-05
0.899591,	0.911124,	0.0011337,	0.000158599
0.911124,	0.922657,	0.00638344,	0.000375081
0.922657,	0.93419,	0.0227741,	0.000692056
0.93419,	0.945724,	0.0752149,	0.00113039
0.945724,	0.957257,	0.19388,	0.00191289
0.957257,	0.96879,	0.419121,	0.00271806
0.96879,	0.980323,	0.778453,	0.00347241
0.980323,	0.991856,	1.29567,	0.0046942
0.991856,	1.00339,	1.92776,	0.00586249
1.00339,	1.01492,	2.62431,	0.00657182
1.01492,	1.02646,	3.33016,	0.0070428
1.02646,	1.03799,	3.95175,	0.00826841
1.03799,	1.04952,	4.44085,	0.00826071
1.04952,	1.06106,	4.73832,	0.0087116
1.06106,	1.07259,	4.87666,	0.00975912
1.07259,	1.08412,	4.80375,	0.00922869
1.08412,	1.09566,	4.60637,	0.00805493
1.09566,	1.10719,	4.26911,	0.00860271
1.10719,	1.11872,	3.84799,	0.0081214
1.11872,	1.13026,	3.39004,	0.00711009
1.13026,	1.14179,	2.92087,	0.00608019
1.14179,	1.15332,	2.46547,	0.00630252
1.15332,	1.16485,	2.02073,	0.00600669
1.16485,	1.17639,	1.63632,	0.00491289
1.17639,	1.18792,	1.30239,	0.00457388
1.18792,	1.19945,	1.00928,	0.00377477
1.19945,	1.21099,	0.765455,	0.00351678
1.21099,	1.22252,	0.575444,	0.00279604
1.22252,	1.23405,	0.426417,	0.0024826
1.23405,	1.24559,	0.307135,	0.00216283
1.24559,	1.25712,	0.219144,	0.00198407
1.25712,	1.26865,	0.154913,	0.00164746
1.26865,	1.28019,	0.108402,	0.00153837
1.28019,	1.29172,	0.0780113,	0.00130799
1.29172,	1.30325,	0.0574143,	0.0011163
1.30325,	1.31479,	0.0458388,	0.00104383
1.31479,	1.32632,	0.0420575,	0.00106273
1.32632,	1.33785,	0.0455481,	0.00117231
1.33785,	1.34939,	0.0554826,	0.00131434
1.34939,	1.36092,	0.0711901,	0.00129426
1.36092,	1.37245,	0.0948755,	0.00140196
1.37245,	1.38399,	0.125228,	0.00192484
1.38399,	1.39552,	0.16382,	0.00194265
1.39552,	1.40705,	0.20998,	0.00201526
1.40705,	1.41859,	0.26881,	0.00199818
1.41859,	1.43012,	0.340051,	0.00195237
1.43012,	1.44165,	0.413333,	0.00204613
1.44165,	1.45319,	0.494348,	0.00262278
1.45319,	1.46472,	0.582315,	0.00249833
1.46472,	1.47625,	0.669057,	0.00254613
1.47625,	1.48778,	0.755239,	0.00308919
1.48778,	1.49932,	0.832514,	0.00309741
1.49932,	1.51085,	0.893172,	0.00322968
1.51085,	1.52238,	0.941109,	0.00400368
1.52238,	1.53392,	0.957489,	0.0042248
1.53392,	1.54545,	0.959755,	0.00395572
1.54545,	1.55698,	0.940594,	0.00393464
1.55698,	1.56852,	0.898209,	0.00326014
1.56852,	1.58005,	0.840225,	0.00292681
1.58005,	1.59158,	0.7725,	0.00280297
1.59158,	1.60312,	0.690238,	0.00282047
1.60312,	1.61465,	0.601524,	0.00233313
1.61465,	1.62618,	0.508475,	0.00215487
1.62618,	1.63772,	0.425471,	0.00189376
1.63772,	1.64925,	0.352307,	0.00195329
1.64925,	1.66078,	0.289125,	0.00186367
1.66078,	1.67232,	0.238993,	0.0016117
1.67232,	1.68385,	0.208713,	0.00182629
1.68385,	1.69538,	0.194342,	0.00176963
1.69538,	1.70692,	0.202686,	0.00195852
1.70692,	1.71845,	0.233915,	0.0019367
1.71845,	1.72998,	0.294816,	0.00212471
1.72998,	1.74152,	0.385952,	0.00239537
1.74152,	1.75305,	0.507812,	0.00251982
1.75305,	1.76458,	0.669297,	0.00317013
1.76458,	1.77612,	0.861458,	0.00332998
1.77612,	1.78765,	1.08515,	0.00323444
1.78765,	1.79918,	1.33701,	0.00276466
1.79918,	1.81071,	1.59995,	0.00378367
1.81071,	1.82225,	1.86178,	0.00374841
1.82225,	1.83378,	2.11353,	0.00351923
1.83378,	1.84531,	2.33426,	0.0034264
1.84531,	1.85685,	2.51161,	0.0048826
1.85685,	1.86838,	2.63195,	0.00540413
1.86838,	1.87991,	2.68439,	0.00480521
1.87991,	1.89145,	2.67767,	0.00542544
1.89145,	1.90298,	2.59848,	0.00517285
1.90298,	1.91451,	2.46218,	0.00461183
1.91451,	1.92605,	2.27589,	0.00474619
1.92605,	1.93758,	2.05598,	0.00383986
1.93758,	1.94911,	1.81155,	0.00345797
1.94911,	1.96065,	1.56444,	0.00296241
1.96065,	1.97218,	1.32656,	0.00295176
1.97218,	1.98371,	1.09909,	0.00252305
1.98371,	1.99525,	0.900738,	0.00259576
1.99525,	2.00678,	0.737808,	0.00251425
2.00678,	2.01831,	0.604471,	0.00276042
2.01831,	2.02985,	0.510854,	0.00271764
2.02985,	2.04138,	0.458093,	0.00253982
2.04138,	2.05291,	0.437643,	0.00273244
2.05291,	2.06445,	0.453975,	0.00228976
2.06445,	2.07598,	0.493362,	0.00245712
2.07598,	2.08751,	0.557772,	0.00211639
2.08751,	2.09905,	0.632408,	0.00221248
2.09905,	2.11058,	0.716594,	0.00196065
2.11058,	2.12211,	0.799224,	0.00193423
2.12211,	2.13364,	0.877361,	0.00203835
2.13364,	2.14518,	0.940134,	0.00203184
2.14518,	2.15671,	0.986705,	0.00250537
2.15671,	2.16824,	1.00883,	0.00238352
2.16824,	2.17978,	1.01046,	0.00264088
2.17978,	2.19131,	0.987031,	0.00280636
2.19131,	2.20284,	0.94818,	0.0024294
2.20284,	2.21438,	0.891899,	0.00230672
2.21438,	2.22591,	0.826451,	0.00192821
2.22591,	2.23744,	0.757902,	0.00189331
2.23744,	2.24898,	0.689604,	0.00202273
2.24898,	2.26051,	0.633308,	0.00231767
2.26051,	2.27204,	0.592298,	0.00245458
2.27204,	2.28358,	0.571275,	0.00259888
2.28358,	2.29511,	0.5691,	0.00292592
2.29511,	2.30664,	0.596198,	0.00267446
