S
2.17587
0.42136
0.208375
0.180433
3.65863
1.17747
0.505291
0.997018
0.275508
1.57292
0.600605
0.773269
0.811098
1.23497
1.09296
1.5816
1.04106
0.131599
0.982926
0.824041
1.47189
2.06564
0.498126
3.55143
1.15314
0.704052
0.0849978
0.0470701
0.557245
0.227284
0.268389
0.212228
0.84782
0.361853
1.14763
0.871463
1.7449
0.0876353
0.457091
0.510946
0.579587
0.271679
1.43671
1.0939
1.95796
1.55371
0.569249
1.08812
0.818705
1.17002
0.413863
1.07224
2.62798
0.382822
0.355549
0.530396
0.292228
3.24939
0.420698
0.549968
0.114653
0.654354
0.365541
2.46899
0.467303
0.0177251
0.162642
0.305944
0.383811
0.0782412
0.278023
0.510817
0.142358
2.2659
0.770498
4.1789
0.381945
2.657
2.40164
2.31555
2.1182
0.83896
0.430787
0.802494
0.33206
0.409187
0.298725
0.0609238
2.7282
0.826156
0.91161
2.21016
0.590077
0.226032
0.560304
0.927736
0.00994698
0.159346
0.674444
2.24298
1.56831
2.51681
1.17163
0.326153
2.55164
0.291747
5.35229
1.08335
0.201501
0.814861
0.329049
0.419913
0.37067
1.14832
2.37768
0.474968
0.563228
0.899017
0.597212
1.24748
2.21309
0.568175
0.125295
0.0836617
1.68793
1.90931
0.953096
0.0251648
0.547477
0.184679
1.60417
1.7183
0.396441
1.59972
0.633825
1.23288
3.46854
0.0492284
0.802222
0.589273
0.75186
1.14302
0.147917
0.339928
0.433382
0.234806
0.237902
0.42136
0.379
0.445248
5.03008
1.43492
1.17433
0.266793
3.42913
0.117913
0.120897
2.08259
1.08413
2.99544
2.07642
2.31113
1.25567
0.0801509
0.0596477
0.0491185
2.01205
0.213786
0.590594
0.564988
0.1721
0.121737
0.825601
0.632684
0.356465
1.19792
2.61231
0.345635
0.0623045
0.0344302
0.43836
0.449158
0.665187
0.23656
2.33424
0.47989
0.306623
0.212564
0.731409
1.42378
1.26071
0.605005
0.414021
0.184851
0.940793
1.27828
0.45458
0.499169
0.876046
0.0592893
0.725409
0.0038211
1.30474
4.77542
0.0816093
0.853555
0.436184
0.407751
1.44091
0.511814
1.74229
0.767757
3.39673
0.159454
0.686096
0.508568
1.22541
1.06053
0.0191737
1.57729
2.22465
0.4492
0.0402371
1.04582
0.150558
0.910258
0.930886
0.689841
3.93409
0.205769
0.0990498
1.04924
1.77772
1.33168
1.05655
0.745979
0.069281
0.253334
2.31007
1.87387
0.823204
0.375974
1.45312
0.489076
0.675506
3.0506
0.0273416
0.537792
0.753732
0.201037
0.842544
0.507973
1.80334
0.703687
4.28833
2.01665
2.13294
0.777637
0.574243
1.70769
3.98362
1.07167
0.607601
1.27944
0.817033
1.49396
0.494453
2.97795
0.625385
0.064578
0.734848
1.60094
2.60347
1.34246
1.15631
0.412378
0.723284
0.0855673
2.66009
0.241075
1.24207
1.70615
0.900191
1.66432
0.500352
1.73158
0.221398
0.344024
1.03988
0.150049
0.151106
0.0636883
1.16948
0.189774
0.872669
0.0164356
2.61393
0.143128
0.17391
0.00107868
0.0614268
1.40747
0.578207
1.04584
0.084819
0.835018
2.41139
2.84761
0.891162
1.57552
0.342119
0.531947
0.205231
2.21224
1.24717
0.0451747
0.521277
2.0171
0.00543452
0.0267895
0.627701
0.729111
0.883812
0.218061
0.623853
0.685375
4.16582
0.0458552
0.354808
0.29317
1.22009
1.28665
0.773462
0.42671
2.44431
1.10876
0.430708
1.38817
0.962823
3.21101
0.435343
1.17276
1.43738
1.6045
0.20903
0.41356
1.13667
1.49866
0.705222
0.637432
0.0364178
0.968123
0.0683581
0.113222
1.87386
1.27776
0.50417
0.0651571
3.29309
0.0637748
1.44411
0.633309
0.16425
0.397266
1.16901
0.482846
0.388855
1.69381
0.530065
1.77304
0.681147
0.882882
0.0443909
0.98581
2.11314
0.749426
4.65996
0.267968
0.162088
0.471306
1.46248
0.469654
0.0431814
0.0263038
2.15562
0.11195
0.493908
2.67958
2.28858
0.30288
0.309573
0.266409
0.299074
0.404391
2.98049
0.137143
1.3713
1.5178
3.58711
0.762707
0.403492
0.0804548
1.29055
0.692872
0.54206
0.119004
0.36852
0.00906018
1.04927
1.15812
0.0464309
0.685321
0.00762737
0.105432
2.74309
0.0132498
0.450566
0.0739505
0.133682
0.684252
0.22106
1.26611
0.236235
0.00472739
0.229258
1.8318
2.29302
0.799312
2.17769
0.630783
0.946656
0.731911
0.459132
0.329368
0.401713
1.30012
0.070034
0.26222
0.0829666
0.694013
1.56848
0.124229
0.687907
0.279986
1.28096
0.0963612
0.0305352
0.0223353
0.720621
1.03098
0.317934
0.449165
1.28384
0.906938
0.297593
1.06385
1.13323
0.753372
0.310338
0.232402
2.08345
1.47342
1.07059
0.548058
0.784248
0.176343
1.77583
0.40724
0.134243
0.0676026
1.46726
0.487329
0.526668
2.82142
0.475091
2.48314
1.1659
0.118936
0.692485
0.623745
1.41309
0.515474
0.0744999
3.92513
0.492352
2.28221
0.0574724
0.0588683
0.0976152
0.627562
4.06922
0.0473849
1.94845
0.83455
0.137831
0.678287
7.35368
0.550738
0.280311
2.68903
0.48328
0.996823
1.0385
0.168075
1.17057
0.935171
0.543452
0.365031
0.225375
2.23851
0.0467189
0.629276
0.0327618
1.9732
0.399986
1.87033
1.53945
1.49616
2.85227
0.98695
0.539539
0.11684
2.62687
0.833757
0.355146
0.205082
0.356386
0.19212
0.1259
0.565892
0.565129
0.00579815
1.59513
0.376731
1.49832
0.0791122
1.97379
0.0406511
2.45961
0.864708
3.45554
0.0510149
1.48999
0.0686357
0.206547
0.874707
1.60539
0.4508
0.301642
1.91919
2.33631
0.634375
2.34619
0.06795
0.360729
0.108413
0.0801182
0.0867013
0.056134
1.03608
0.547687
0.75771
1.45031
0.066938
0.506951
1.71906
0.0993959
0.834771
0.0672891
0.592948
0.00969374
1.28666
1.03063
0.282136
0.339392
1.83883
0.996518
0.585892
0.506921
0.0284979
2.30786
0.797682
6.73265
1.26961
0.438446
1.24943
0.0928466
0.213191
1.26592
0.296611
3.17343
0.351275
0.274958
4.51657
0.153734
0.943032
0.905291
1.00551
0.560865
0.290683
0.291108
0.747743
0.861177
0.840827
0.0175361
0.97684
3.96475
5.32135
0.319249
0.0148326
0.300431
2.74582
0.533271
0.539475
0.282341
0.079522
2.27316
1.2972
0.885517
4.90081
1.53237
0.560113
0.0374988
0.181373
0.172805
0.864005
0.399025
2.61534
2.17742
3.75009
0.681541
1.32057
0.10751
0.0441462
1.1352
0.460646
1.92575
0.666127
0.81171
2.16009
1.29318
0.0933533
0.981605
0.921688
2.36141
0.657364
3.33655
0.779886
0.344863
0.635343
0.0542339
1.54677
0.523289
4.22281
0.314405
0.373789
0.264147
1.56111
1.02996
1.16847
3.10687
0.330882
1.82113
0.0323043
3.25485
1.59159
0.941886
3.42831
0.467346
0.276846
1.35369
4.577
1.52239
0.404161
0.836113
0.116709
0.824898
0.906124
0.872585
0.415053
1.43745
0.329215
0.518034
0.799339
3.68824
1.11241
1.56808
0.140969
3.83641
1.13138
3.56553
0.5024
0.193495
0.191943
1.41412
1.37448
1.68595
3.40218
0.769773
0.737618
0.483135
0.920871
0.25928
0.402914
0.187847
0.0740512
0.791686
0.855585
0.246418
1.58303
2.32543
0.0454256
0.426883
0.994713
0.0296643
0.888343
3.19662
0.046093
1.63646
0.985078
0.153071
0.409052
0.13455
0.951952
0.720936
3.17637
0.180243
2.27661
0.314941
1.8725
1.24404
1.6308
0.064115
0.0410043
1.66257
0.409501
0.878747
0.239734
1.70575
2.65154
1.83452
1.08769
1.77866
2.25546
1.49225
0.192158
1.10605
0.286135
2.28672
1.17303
0.232333
0.952194
0.263404
0.0132515
0.753287
0.0612572
1.73011
0.938375
0.561068
0.620013
0.851145
3.03962
0.3289
0.0745411
0.491131
0.710532
1.35202
0.151594
3.64694
0.354459
1.0627
0.0305903
2.22862
1.23671
0.836904
0.371914
1.99201
1.14768
0.499233
1.1982
0.747368
0.206454
2.55121
2.13418
1.78476
1.92995
0.279744
0.650691
0.783847
0.326164
0.179035
0.959134
1.02673
0.738859
1.11309
0.704369
0.243766
0.528226
0.356563
0.429105
0.133377
1.16047
0.542761
0.0869703
0.944131
1.38122
0.287014
0.908264
0.585501
1.87559
1.06737
1.49071
0.0498251
1.79621
2.96439
0.340519
1.16864
0.32812
0.405274
0.451654
1.59755
0.365273
4.1333
1.09265
0.136046
0.501872
0.855264
0.249577
0.00598102
1.78021
0.83628
0.259191
0.701216
2.07419
0.634446
0.496978
0.191409
0.341564
0.0734662
1.90492
1.62295
3.93988
0.58835
2.37627
0.839854
0.153176
0.124572
1.6731
0.837251
4.63787
0.815253
0.663008
2.14736
1.33188
0.25225
1.08713
0.68361
0.312136
0.699532
1.88373
0.216464
0.0302698
0.529809
0.438024
0.475526
2.92346
2.30943
0.54644
1.46739
2.70394
1.87638
0.0634958
1.07532
0.905796
0.707811
0.111383
1.07913
0.0726016
0.817573
0.776461
2.1267
0.955143
0.52596
0.276157
0.181441
0.421889
0.939744
1.36219
0.14314
0.42766
2.83551
1.14849
0.250878
0.201744
1.17539
1.20827
0.234584
0.173513
0.124137
0.207704
0.821989
1.50992
0.0511495
0.511379
1.04747
1.99017
1.11023
0.0226113
0.0978844
0.0299041
2.13358
0.929476
0.106235
4.16672
0.655682
1.79532
0.462756
0.188722
2.34707
0.14301
0.654649
0.465876
0.0841372
0.524909
0.224105
0.495915
1.08367
0.190566
0.382247
1.07659
0.283946
3.36041
0.802954
1.81547
0.359531
1.25347
0.428816
3.14583
0.277853
0.0881711
1.20965
1.0276
0.0662835
0.0734266
2.68652
0.0383732
0.189392
0.297562
0.314176
0.840397
0.696233
1.97474
0.197561
0.0232701
0.150956
0.487078
0.271872
2.84961
0.903848
0.88862
1.75338
0.400949
0.50043
0.376434
0.436535
0.59585
0.399973
0.236078
1.65857
0.328307
0.696074
1.18192
0.517394
0.296873
0.0549324
1.40964
0.307771
0.453749
1.31251
0.120506
1.4789
1.34725
4.26931
0.187186
0.293019
1.2639
0.317743
0.724765
0.51536
1.77501
0.949639
0.107337
2.06998
1.50282
1.25451
0.555068
1.84439
1.25729
0.476216
0.406046
0.97924
0.852945
0.313952
0.68949
0.462965
0.253329
0.0814807
0.00869269
2.32566
0.478314
0.988037
0.28046
0.525418
1.65055
1.06582
0.968518
0.370198
1.53892
0.0576004
1.11333
0.420086
0.767284
1.30651
0.0779605
0.102856
0.582946
0.42426
1.59599
1.27185
2.73883
0.0959833
1.87175
0.719491
2.42573
0.852587
1.33762
0.416635
2.61146
1.11294
0.554304
0.0584123
0.138207
0.318729
0.206421
0.244212
0.468539
0.00235719
2.14217
1.40539
0.0272447
0.856078
1.20793
0.802664
0.060402
0.106689
0.501858
0.510836
1.88367
0.168588
0.240314
3.73838
0.0483886
1.84907
0.100006
0.566685
0.8475
0.498502
1.05553
0.0905029
0.849483
0.516977
0.7206
0.977371
1.298
0.0657426
0.585386
0.0232934
0.899368
0.169193
0.271009
0.0517773
1.06064
0.0863621
7.35226
0.329595
0.242311
0.684534
0.263383
3.83171
4.25498
0.410571
0.0625766
0.279092
0.0868539
0.773109
0.655687
0.237498
1.58748
0.669398
3.41223
0.0266217
1.34548
0.397972
0.356324
0.257402
0.564892
1.46586
0.867503
0.1344
1.40573
0.33602
1.43151
3.84705
0.951494
0.289065
1.05291
0.107757
0.208639
3.30465
0.285245
1.00565
1.7331
1.81725
3.06239
0.0538969
0.988994
2.084
0.1251
1.223
0.561637
0.391148
0.590909
4.26786
1.15055
0.146968
2.16528
0.0384897
0.42833
0.290351
0.149902
0.468225
0.464804
3.40395
0.236374
2.76036
0.353516
0.00817708
0.156494
0.127833
0.411297
1.28962
0.287493
0.436538
3.06025
0.972369
1.15478
4.31842
0.338612
0.0630049
1.17233
0.654127
0.593243
0.0721121
0.722504
0.115845
0.510533
0.0250238
2.89557
0.458152
1.46121
0.744587
0.468304
1.03766
1.49867
0.704624
0.923394
0.293875
0.991553
3.21907
1.06814
1.76717
0.307599
0.310944
0.33162
0.176732
0.465508
1.47413
0.688888
1.32875
0.17709
5.0018
0.708248
0.0120084
0.439868
1.17617
3.04168
2.48008
0.58981
0.31531
0.187506
0.0344355
0.147438
0.155759
1.6281
1.2933
0.256466
0.255379
0.673398
0.766762
0.768203
0.50845
2.32531
0.975583
0.154056
1.06014
0.190649
0.288673
0.499727
0.544041
1.11915
0.0443933
0.406754
2.34177
1.37806
0.541493
0.662993
0.136857
1.07666
0.712039
0.730754
0.738807
1.09428
0.692744
1.08323
2.76959
0.890931
0.86586
0.721827
1.24997
2.64864
0.019876
1.65349
2.26175
0.831435
2.98345
0.349073
0.0406736
0.739183
0.477384
1.17205
0.74825
0.584105
0.826863
0.437741
0.617136
2.3438
1.22488
0.172091
0.801274
0.671588
2.65402
1.5779
1.60244
0.317998
1.54663
0.782921
0.0712787
1.31203
0.0277199
0.0947345
0.0311081
0.160457
3.58866
0.407485
0.661304
0.335828
0.122316
0.0371301
0.520506
0.140453
0.800001
0.645239
0.662462
0.243319
0.910174
1.36404
0.401849
0.54428
0.795315
1.38373
1.26021
0.167066
1.07881
0.0183339
0.220101
1.97952
0.176794
1.88223
0.580812
0.0822144
1.70008
1.16956
2.11641
2.36566
0.0991646
1.28218
0.545677
0.262619
1.34375
1.4928
0.683945
2.14561
3.13826
1.66258
0.82194
0.147462
1.39902
0.695683
0.232318
0.742279
0.867551
0.963027
0.501536
0.222157
0.325025
0.452447
0.383836
0.806143
0.906191
0.00900345
0.559415
0.194106
0.0991835
0.62764
1.329
0.797228
3.14134
0.362859
0.780596
0.259232
1.92144
0.455188
3.46156
0.0700397
0.225932
0.0500093
0.196733
3.0339
0.65196
0.950806
0.345576
0.300311
0.247204
2.67905
2.22788
0.0510589
0.292802
0.0382031
0.502704
2.19494
6.05577
3.24196
3.09986
2.42939
0.315049
1.01797
2.75344
1.44227
0.613169
0.73898
0.222227
0.634009
1.0611
1.28719
1.44408
0.160899
1.60512
0.532885
0.0346308
0.224891
0.718305
0.87467
0.280955
1.22604
0.0121839
0.454247
1.07505
0.13325
2.34859
1.0452
0.146194
2.94629
0.249268
2.37294
2.27835
6.02727
0.342928
1.02258
1.33425
0.0198757
0.367122
1.20137
1.53076
1.55077
2.27213
1.20418
1.11557
3.83128
2.72449
1.21416
0.0457239
1.3241
0.249005
3.0967
0.889945
0.515917
0.697084
1.17595
3.73409
0.0241886
0.665886
0.408039
0.330376
0.528031
1.85071
1.26934
1.79169
0.309985
0.356453
1.5073
0.383951
1.25969
0.745437
0.209956
1.80126
0.701783
2.94656
0.232493
0.128467
0.611443
0.718078
0.147961
0.149331
0.771019
1.82917
1.93641
0.872197
3.18071
0.964378
0.283791
1.33867
1.53164
0.584664
1.04557
2.01319
0.832132
1.2748
3.58206
0.126968
1.56216
1.23121
0.513307
1.46028
0.0170557
3.77089
2.46258
1.33843
1.85383
0.642106
0.943423
0.184101
1.02139
0.633828
0.399263
2.10242
2.2274
0.951967
0.776818
0.780392
1.99609
0.904209
0.334474
0.373896
0.228871
1.60628
0.215582
0.220562
0.300468
0.377958
0.939995
0.368892
1.69746
1.05231
0.851935
0.00593075
0.482591
2.51786
0.332046
0.00301093
2.53073
1.56498
0.463682
1.24713
0.332895
0.451845
0.497021
2.485
1.85746
1.79329
2.86665
1.02234
0.690528
0.518017
0.230324
0.675145
0.283108
1.22323
0.0304156
0.777914
1.61139
1.57132
0.275193
2.33098
0.752316
1.91062
0.296599
1.16641
1.61305
0.864869
0.664949
0.145388
0.354352
1.91432
2.98519
2.37982
1.85538
0.268625
0.198281
0.353714
5.92192
1.46083
0.277689
0.165815
0.398201
1.2799
1.14367
0.748206
0.688744
0.135605
1.74818
0.724191
1.58455
2.29232
0.0773639
0.580749
0.972073
2.14266
0.00229175
0.0628871
1.22492
1.38163
0.206711
0.0904067
0.122525
2.2241
3.44086
1.55894
2.49578
1.36742
1.08741
0.876004
0.993129
0.695234
0.558164
0.187461
0.361806
0.52982
1.04532
0.291346
1.24265
1.1483
1.49938
0.232224
2.8221
0.935317
0.65905
2.53661
1.21604
1.71156
0.160422
1.49657
0.922161
0.530033
0.877036
0.349124
1.52335
1.23769
0.989602
0.127363
0.136264
0.867598
0.562044
1.72542
0.13302
1.08807
2.09835
1.49371
0.596187
0.758852
0.215917
0.343082
0.533427
1.01388
0.322682
4.27647
1.41872
0.771831
0.219522
0.829946
0.720434
0.35781
0.744852
1.118
0.46756
0.483142
1.97103
0.371384
0.287718
0.950767
0.492116
0.563445
0.603195
0.148138
0.398638
0.431853
1.29823
0.0635316
2.8726
1.11024
1.05445
2.04883
0.387963
0.420317
0.870101
0.0336786
0.423887
0.037069
0.316076
0.163943
0.150706
2.37194
3.24556
4.02251
1.11058
0.727094
0.348915
4.11115
0.0171964
0.00626319
1.8969
0.000535974
2.28683
0.343714
0.00845116
0.657696
0.270712
0.57279
0.960329
0.235459
0.786852
0.326654
1.02492
0.000608552
0.909713
0.856233
0.496344
3.84293
1.74696
0.913585
0.995477
1.26611
2.17387
0.267911
4.31767
0.492228
0.798966
1.19762
1.33029
1.30034
0.0888173
0.472001
1.20455
0.901806
0.210856
1.48665
0.30712
0.848666
3.41921
1.37586
0.365539
1.40663
1.45603
0.352137
0.184397
1.92602
1.15074
0.0801347
0.0398744
0.0830217
0.385514
2.5684
1.15262
0.0607212
1.42754
0.433041
0.276058
0.183985
1.54782
2.26418
0.824594
0.0415214
1.29363
2.49004
1.15719
0.394152
0.139066
0.154146
1.25692
1.44887
0.360267
1.10332
0.431576
1.63046
0.63641
1.24883
0.473183
1.77834
1.3921
0.537812
0.987031
0.0228099
2.29599
2.6814
0.677488
0.0605656
0.826655
1.13677
0.883651
1.34502
0.511158
1.20255
0.258195
6.53799
0.235995
0.911491
0.00726459
2.00767
0.133591
1.36223
4.90103
0.899004
0.183389
0.585392
0.491576
0.160382
2.39855
0.335474
0.464518
0.546089
1.50535
0.319987
0.134144
0.361902
0.831977
0.896217
1.54427
3.10372
2.70216
1.20894
0.53949
0.420301
0.0484121
0.211758
0.841881
0.093519
1.5248
0.537707
0.358618
1.62467
0.0947851
0.117593
0.5471
1.66683
2.67245
0.174556
0.683253
0.486277
0.430514
0.649221
3.9514
0.435643
1.2953
0.185672
0.510778
0.114753
0.628011
0.00462734
0.474708
0.509556
0.420791
1.3391
1.60224
0.667709
1.51255
0.67298
0.339884
7.31805
0.519095
0.767189
0.400056
0.641089
1.11281
0.330429
0.0258895
1.28054
1.83552
0.843722
1.96231
2.83291
1.23113
1.99232
1.25779
0.315536
0.932976
0.311576
0.376173
0.413209
2.12597
0.220554
0.705071
0.343854
1.29287
0.0571125
0.566343
1.57371
0.35971
0.300094
0.143918
0.549927
2.1956
0.0178403
0.273892
0.570847
1.29236
0.389913
3.70522
1.47818
0.895854
1.34591
1.51665
4.67732
0.205562
4.15528
2.57331
2.58174
0.550696
0.32073
2.26407
1.54762
2.92913
1.00834
0.145727
0.489277
1.30788
0.380584
0.571393
0.272646
1.35264
0.187372
1.51392
2.25572
0.517152
0.139534
0.501353
0.902047
0.0632844
0.073546
0.65748
0.544977
0.02946
0.786287
4.13811
0.320489
2.51804
1.1105
0.147744
2.24392
0.00213404
0.53941
0.880008
0.623528
0.171747
0.567313
0.222119
1.14629
0.962096
0.449398
2.84365
1.62571
2.56067
0.404039
0.501862
1.0433
0.468819
0.285609
1.48733
3.83628
0.573379
0.0804354
0.145866
0.332658
3.87868
4.96694
0.300697
1.68744
1.0063
1.74785
0.964524
1.77341
1.20511
0.715585
0.770418
0.0683827
0.952687
0.342608
1.52749
0.83313
1.55844
0.401994
0.748287
0.704019
0.166802
1.12562
2.3997
0.67121
1.40836
0.413777
2.93726
0.171207
1.66546
1.4684
1.17907
0.799306
0.247214
0.495275
0.542524
0.764193
0.369731
1.10652
0.105061
0.250767
0.00168747
0.120769
0.0081448
0.917285
0.0311073
0.136498
0.30033
1.37419
2.79207
0.123658
0.594243
1.85716
0.725872
0.363946
3.9179
1.22725
1.18422
0.0305409
0.943731
0.376538
1.97327
1.7267
0.359255
1.12707
0.852211
0.411069
0.847596
1.44645
1.86279
0.580603
1.25845
1.15441
4.85337
1.4327
1.63838
0.165001
0.698554
0.579086
0.454448
3.26395
1.86877
0.168962
1.23359
1.00756
1.09746
1.65277
1.0383
5.54397
0.845857
0.313844
1.21868
3.26427
1.38252
1.33237
0.202548
0.417408
0.161987
0.824009
1.29448
1.08397
1.36587
0.831093
0.148354
1.49678
1.27171
0.348669
1.66653
1.6236
0.0325572
0.438665
0.253012
0.586658
1.61227
0.816737
2.83676
0.285433
0.153181
0.748573
1.14264
0.522852
0.556288
0.832578
0.0940456
0.376696
0.16479
1.00319
1.37369
1.17766
1.20501
0.895395
1.22212
0.724062
1.61493
0.326135
2.26719
0.40138
0.572115
0.311997
0.846521
1.19289
1.65014
0.529061
0.375034
0.192924
1.07831
0.842424
0.117413
0.277437
0.196301
1.54682
1.03131
0.386576
1.47356
1.68796
1.63333
0.351538
0.791983
0.298743
0.172051
1.89348
0.131858
0.302814
0.490599
3.14487
1.5511
1.26653
2.33752
0.386431
1.27549
0.59493
3.23672
0.294367
0.284555
0.0355236
0.477346
2.40305
0.767351
0.45972
0.0389623
0.504474
0.0305279
0.0981565
0.964298
0.586173
1.48113
1.27754
2.16606
0.239998
1.41188
0.2145
0.431003
1.18414
0.0967688
0.052864
0.306954
0.070928
0.180009
0.630296
0.184377
0.274021
0.676785
0.50249
2.47693
0.775451
1.57867
1.35247
0.354077
3.35984
0.126271
0.229073
1.36848
0.153291
1.62923
0.332082
1.07499
1.77216
1.80166
1.5589
1.42359
0.0606709
1.37733
0.331546
0.653712
2.55946
1.70553
0.313075
0.384502
0.489091
1.53826
0.835219
1.23659
0.0103452
2.23422
0.137895
0.27083
1.44264
0.635165
0.0367309
2.07267
1.59505
0.998893
2.0206
0.966406
0.502244
1.59081
1.01321
2.47266
2.58894
0.803044
2.48496
0.233412
0.649568
1.18758
0.312825
1.76993
0.478052
2.97679
0.0611174
0.259979
1.65237
0.956569
3.93073
1.08308
0.533501
0.071319
2.17827
0.620719
3.05594
0.217309
0.0332931
0.901399
0.411921
0.543271
0.680468
0.505987
1.51401
0.415733
3.24512
0.638558
0.996671
0.0498441
0.824485
2.33142
0.469642
0.349376
1.02393
0.167745
1.08606
0.90683
0.299008
2.14017
0.497088
0.617216
0.76272
0.858412
0.044049
1.71916
3.2613
1.66609
1.39736
1.921
1.51806
0.385548
0.120353
0.182198
1.24021
3.50118
0.302379
0.174166
0.960893
2.00168
0.50972
1.21364
0.701461
0.704819
0.189253
0.418587
1.17324
0.642958
5.51446
0.689549
0.0802042
0.249795
0.0599502
1.18734
0.354946
2.54668
1.52933
0.157535
0.989879
0.220642
0.487507
0.132347
0.36213
2.65749
0.144411
1.40442
0.122323
0.00996182
0.179177
0.26513
0.74316
0.366422
0.421887
0.289979
0.209725
0.424935
1.26148
0.826328
1.52419
0.373958
0.48987
0.378233
0.975571
0.510355
0.212936
0.00687488
0.599506
1.48798
1.65658
1.07362
0.16943
0.383312
1.41562
0.069835
0.428114
2.33268
0.814866
1.3653
0.0915478
0.537116
0.921693
0.174651
0.121001
0.917461
0.477363
0.327097
1.06777
1.09123
1.7842
1.21574
1.78201
0.472068
0.0497654
0.0570142
0.299693
0.311
0.147041
0.1571
0.86962
1.22565
0.117707
2.25216
2.35453
1.61924
1.23102
0.637239
1.86093
1.89804
0.12906
0.6916
2.86175
0.860984
0.35213
0.0451345
0.289584
1.38647
0.479227
0.09051
0.0571082
0.555067
0.741721
2.15047
6.26989
1.17121
0.100153
1.01702
1.58954
0.183886
0.901093
1.13279
0.635311
2.04872
0.780821
0.696604
0.719293
0.576474
0.540514
3.02528
0.0806096
4.62643
0.442388
2.69267
0.540553
0.623572
1.60303
2.06915
0.122569
0.310636
0.459468
2.95766
1.38593
1.23364
1.76935
0.219864
0.879174
0.178978
0.729945
0.880063
0.740836
0.0649085
2.46951
1.40379
0.395631
0.327798
0.492848
0.363726
0.176794
0.637694
3.08076
1.67836
0.841875
0.846716
0.853297
2.25404
0.677154
0.754946
0.112826
0.542294
0.0395788
0.188354
1.26072
1.36944
0.00271554
1.06861
0.385375
0.869223
0.165495
0.955683
0.557254
1.87595
0.0764991
3.56442
0.35374
2.11972
0.656081
0.322495
0.631352
0.305555
2.75991
3.42282
3.6373
1.10667
1.11269
0.270326
0.942537
0.214317
0.795192
0.582836
1.15553
0.994606
0.373028
1.17056
0.484301
4.58253
0.28949
0.00559073
0.281306
2.6944
1.84652
0.265832
0.847225
1.43365
0.133448
1.32838
2.07484
1.18789
0.78624
0.230374
1.35152
0.363073
0.306972
0.284829
0.838889
1.68844
2.04047
0.413819
0.460273
0.269421
2.01475
0.981177
2.11753
0.799759
2.84904
1.03487
0.184221
0.249139
3.41456
0.199554
0.406107
0.681325
2.41015
0.667991
0.138436
0.159987
2.77233
0.101994
1.21687
1.44298
0.0270555
0.332318
0.612973
0.0445135
0.585709
0.50751
0.300022
0.451662
1.60977
0.215484
0.125393
0.390002
0.60315
1.00354
1.31572
1.30898
0.483876
0.786642
4.19954
1.57881
0.106136
3.28313
0.26903
0.668785
0.641071
0.657867
1.49102
0.751146
1.30018
0.113467
1.07854
0.460254
0.538053
1.03937
1.72763
0.485381
0.296293
1.84854
0.158037
0.145091
3.54486
0.336913
0.840455
0.809988
0.232384
0.4076
0.211869
0.163369
0.244352
0.454486
0.184446
0.0497541
0.120868
1.28051
0.9621
0.0112491
0.625713
1.42204
0.0162295
0.666885
2.09045
1.86504
0.245795
0.380243
1.27153
0.963192
0.194998
0.00476938
1.11052
4.91543
0.217537
0.369406
0.228894
0.536446
1.29246
0.489846
0.554755
2.5337
1.29628
1.0808
1.59303
0.0281206
1.59396
1.95041
0.908307
0.26185
2.34513
0.212787
1.62769
0.776312
1.6455
0.173556
3.71872
0.620176
0.150995
1.37134
0.623493
0.166406
1.27147
1.27972
0.9733
3.30774
1.15052
1.76357
1.51986
1.55946
0.714215
1.65061
1.016
1.32585
0.410235
2.44062
1.96096
0.848907
0.0419703
0.825568
0.638072
0.0347562
1.10068
0.907355
1.46561
0.544975
0.568382
1.94332
1.23391
0.790317
0.0614887
3.0453
0.172022
0.662475
1.32511
1.36229
2.19189
0.447873
1.54136
0.839029
0.356806
0.0676631
0.174165
0.16814
1.52201
2.52833
3.13232
1.68281
0.0933202
0.0260714
0.768338
0.33627
1.52323
0.517933
1.10105
2.3206
0.899812
0.698576
1.11454
1.71634
0.838321
1.63856
3.28148
0.234807
0.243514
3.34686
0.434409
1.61936
0.0454259
0.151903
0.379337
0.291896
0.284794
0.398863
0.502791
0.821889
1.24858
2.22541
0.307781
0.655584
1.0439
3.41695
1.50061
1.01007
0.0701697
1.9198
0.77461
1.71469
0.301227
3.94958
0.250659
0.116849
0.519885
0.0760864
0.839902
0.93343
0.418241
0.109802
1.79477
0.181242
0.708063
0.767582
0.941125
0.155651
0.327915
0.0275013
0.457652
0.0343737
0.0536275
0.975806
2.20179
1.21366
1.0915
1.53976
0.769327
1.53738
0.39587
0.254211
0.136067
0.333354
0.724906
0.179271
0.529959
0.988357
1.75193
0.996732
0.940631
2.23726
0.466867
1.60874
0.466239
0.781002
1.09321
0.055859
0.830427
0.639222
0.236114
1.84251
0.468177
0.189186
0.454741
1.41135
0.00887606
2.46708
1.1521
1.0078
0.369709
2.7398
0.826328
0.4299
0.63726
2.18403
0.0954838
3.02813
0.195604
0.312989
0.528905
1.93071
0.00945537
0.394086
0.887303
1.45169
0.554714
1.93654
0.0945397
0.797123
1.69725
1.01349
1.26353
0.70969
0.43202
0.708917
1.14848
0.761602
0.43978
1.13047
0.0852144
0.0881474
1.48844
0.181932
2.46699
0.325592
0.576089
0.890742
0.145209
1.37897
0.383258
0.236761
1.48776
0.199815
3.14261
0.751577
0.640677
0.166416
0.833696
2.45544
1.85665
0.442757
0.0835412
0.174167
1.40129
0.873201
0.146503
0.662735
0.43508
0.788379
0.958857
1.07854
0.567205
0.621227
0.339331
1.09378
0.483886
0.0797446
0.00205597
1.10498
1.95321
1.75925
0.0186315
0.405783
0.627413
0.494647
2.13575
0.444378
2.96284
0.46131
1.93487
3.06573
1.9658
0.711735
0.969894
0.504147
1.11636
0.161794
0.710951
0.0736052
0.262363
0.364262
0.261478
0.152569
1.88186
2.29697
0.498881
0.415145
0.137169
0.221981
0.193998
2.81129
0.488954
0.152729
1.04915
1.47329
1.20981
0.240812
0.397566
1.52171
0.0605411
0.0951138
1.38503
0.0707043
0.544531
0.00640705
2.19737
0.00430176
0.0641946
0.653932
6.62042
0.00347531
0.230367
1.01148
0.877684
0.00957038
0.307596
0.062113
0.44081
1.69105
0.450084
0.553545
0.889391
0.258796
1.76878
0.846403
1.85781
0.907557
2.67577
0.303067
1.2872
1.38961
0.130868
0.635719
0.723458
0.743935
1.24005
0.192013
0.348783
0.191912
0.346157
0.998657
0.639592
1.08909
0.0635715
2.16297
0.947641
0.317393
1.22662
0.862997
1.3061
1.68145
1.77156
0.4642
1.24032
0.105081
0.80685
0.985023
1.82767
1.02876
0.278785
0.308107
0.0542101
0.103891
0.419669
0.783934
0.195352
3.10444
0.634633
0.0864011
0.143484
0.949587
1.48011
5.20913
0.676594
0.884388
1.12265
3.0464
1.54402
0.0786189
0.685183
0.198274
2.61742
2.44224
2.01787
0.848057
1.30363
1.91194
1.11865
0.895957
0.105199
0.598459
0.933956
1.045
0.545593
0.568518
2.09947
1.73997
4.84639
0.572911
1.2613
0.0336159
1.08659
0.335843
2.4875
1.53035
0.586692
0.934864
0.791905
0.1582
0.713603
0.264544
0.565956
0.708692
1.82459
1.18315
0.0531042
0.137174
0.0723001
1.42783
1.37308
0.119468
0.23574
0.437626
2.94278
0.530544
0.739504
0.0464202
0.468146
0.108862
0.571934
0.597163
0.84027
0.131058
0.385497
2.48852
1.75549
0.64426
0.594451
0.994753
1.12893
1.91782
2.39603
0.292615
2.65702
1.01172
0.606599
0.308885
0.576289
2.68438
0.852909
0.869583
1.16118
0.263857
0.0411257
1.20186
0.0595078
0.417552
0.00924369
1.7024
3.23505
0.567607
1.28164
1.29689
0.154281
2.08334
0.102349
0.291826
1.13968
0.209254
0.03417
0.0427777
1.43514
0.0311922
0.0201626
2.2235
0.125036
0.336176
0.735889
0.196526
0.473079
0.605361
0.373803
0.380722
2.1342
2.03607
0.208301
0.209734
0.429397
0.76798
1.37891
0.162307
1.21406
0.381773
1.86662
3.63041
0.793626
2.84919
0.0612132
0.0770392
1.76608
0.016641
0.894438
1.3879
1.3609
0.737344
0.47721
0.210778
2.27943
1.29846
0.241356
1.24921
2.56083
0.115881
0.0572621
0.26827
0.74424
1.37471
1.17451
0.461848
0.567663
0.295291
4.37391
2.15672
0.729194
0.0924965
0.148851
0.656721
3.08309
2.06677
0.0112488
3.52394
0.956529
0.347597
0.914062
1.95969
1.14455
0.205576
0.00908798
0.0412137
3.41947
0.491917
1.86049
0.820522
1.74735
0.20597
0.501497
0.160777
0.173121
1.42422
0.0147127
0.280252
0.783768
0.0937297
0.536404
0.279881
0.797155
0.661267
0.451271
0.963891
1.41785
3.26824
0.377501
2.07729
2.23915
1.70461
0.972449
3.62105
3.46547
1.92791
1.60976
0.285663
1.60866
0.163972
0.855717
2.07197
0.117068
0.430216
0.693705
2.9527
0.55839
1.55646
0.374264
0.0210334
1.56372
0.588288
0.126351
1.4994
0.00792009
0.540459
0.385776
0.229264
1.74268
0.167941
1.91173
0.432919
0.301055
0.0141531
0.0857971
0.150201
2.11406
0.109907
0.352209
0.113324
0.886604
0.421088
0.189385
1.27292
0.274577
1.25434
0.781834
0.508175
0.0423931
3.48093
3.20356
4.95891
0.295633
0.439847
0.582744
0.365441
0.627926
2.9125
3.95501
1.46913
1.74421
0.036214
0.153102
1.03551
0.00279922
0.0408168
1.64624
0.541143
0.605711
1.89676
2.10492
0.648458
0.158847
0.563231
1.49405
2.23994
2.01637
0.671042
1.38263
0.212008
3.01032
0.491763
0.448217
0.807953
2.49878
0.951311
1.3455
2.23218
0.967919
0.559162
0.157989
1.18188
1.04818
2.11509
0.909542
0.664322
1.40466
1.85507
0.426415
0.0913757
1.28326
1.43292
0.410739
0.471873
1.5105
0.506437
1.1672
0.138879
0.184133
0.204693
0.126001
0.289503
1.32194
0.279199
0.0338347
0.421238
0.538986
0.242558
0.0348885
1.61523
0.707809
2.17467
0.983331
0.25932
2.45344
1.48913
2.7751
1.05409
1.96233
0.175139
0.0706213
0.659324
0.299223
0.685559
1.95533
0.078301
0.105691
1.76639
0.223468
1.17809
1.46483
0.521283
1.50338
0.367179
0.212377
0.57368
3.1172
0.746325
1.06294
0.143546
0.834997
0.645872
0.209558
0.806643
2.87177
0.52468
0.800963
1.69708
1.374
0.345652
0.599441
0.616788
0.0185867
0.628263
0.075632
1.40967
0.507429
1.21605
1.74158
1.15746
0.548246
0.424746
0.286818
0.22105
4.68951
1.25261
0.17242
0.958708
0.224753
0.225749
0.262848
0.524422
0.281244
0.742341
2.22625
0.979552
0.826168
1.79896
0.662992
0.468766
0.198597
0.00575799
0.273911
1.80035
0.837763
0.757158
1.85369
0.175117
0.606459
0.446572
0.72108
1.47992
0.167403
1.2496
0.273815
3.69262
1.68619
0.771867
0.731972
1.10364
1.80989
3.11927
1.25656
0.809138
0.000517268
1.22875
0.944303
0.218902
1.01519
0.430057
0.49852
0.545976
1.70858
1.12735
0.0133383
1.80021
1.70744
0.767315
0.652151
2.92046
0.282936
1.32578
0.333311
2.34701
1.47914
0.0110745
0.104173
0.0126088
0.516954
2.2535
0.577089
1.03431
0.100346
0.755568
1.39946
0.353411
0.0286995
2.82243
0.189546
0.525794
0.342863
0.893333
0.808188
2.83223
1.12391
0.0705804
1.87424
0.28808
1.59381
0.0789512
0.0211377
0.650659
0.329956
0.266156
0.642586
1.46253
0.148735
0.188661
0.201608
0.72098
3.26698
0.803206
1.62509
0.156188
1.77016
1.01824
0.0116632
0.967573
2.77755
0.354161
1.42803
1.49315
0.517566
0.558876
1.53841
0.521168
0.419576
0.198209
0.0226704
1.81262
0.521972
0.662541
2.10596
0.893211
0.396493
0.965392
0.328848
0.650646
0.766202
0.429242
1.18054
0.279813
0.423808
1.52262
2.05865
0.148791
0.258485
2.38794
3.15657
0.145223
1.59153
0.0300507
2.29572
1.24944
2.94295
0.335162
0.609221
0.382611
0.355411
0.434592
1.09157
4.27571
0.182103
0.62876
0.513588
1.34894
1.53159
0.161644
0.418686
1.75335
0.980616
1.61753
0.124891
1.33481
0.373775
0.648322
0.152331
0.267142
1.66757
3.09892
0.641918
1.5103
0.0752643
0.869203
2.34798
0.312009
1.69978
0.414701
0.91456
1.74485
0.436233
0.14978
0.0824248
0.420758
1.25537
0.459008
1.56637
4.26653
0.590947
0.262523
0.352739
0.263917
0.560267
0.180557
0.291206
0.0711838
0.541847
0.74003
0.534488
0.503641
1.21381
0.901048
0.372165
1.72814
0.648961
0.980232
1.5442
0.0320581
0.233344
0.948998
0.104995
0.528075
0.280571
2.66075
1.66735
0.460789
0.0957784
0.0769671
0.41717
1.53023
1.11837
0.864351
0.347974
0.476863
0.405899
0.109216
1.68025
0.231211
0.840304
0.556113
0.0925153
0.10275
0.184348
0.198711
0.46778
0.225962
1.22145
0.105525
0.971174
0.298082
0.697665
2.75151
3.61677
1.03221
0.488715
0.411097
0.523573
1.87228
1.55271
0.784661
0.0201669
0.929697
3.01081
2.13542
0.624899
0.818821
0.125669
0.420874
0.993758
2.56068
0.232274
0.229476
1.05306
2.71996
0.564542
0.0876681
1.86712
0.193447
0.0739299
0.295953
0.476555
0.189
1.15609
1.62208
1.30842
0.0128261
1.44067
0.407001
2.23872
0.404013
0.867016
3.70542
0.489748
0.473785
1.92975
3.85463
0.448889
1.20081
0.00589359
0.098492
0.555394
0.333273
0.180438
0.756103
0.48544
1.10016
1.43855
0.352598
0.158758
0.347069
0.0505009
1.22708
0.241349
0.649103
0.33446
0.106885
1.73378
1.69664
3.54077
0.172403
3.1968
0.817419
0.128727
0.930528
1.8661
1.33766
0.531799
0.776844
0.433874
0.0970001
1.34663
1.86243
0.211993
1.21822
0.161589
0.143336
0.333568
1.28292
1.84585
0.191493
1.31268
1.17277
1.22553
0.677799
0.246024
0.0552912
1.76889
1.33047
0.207151
0.145185
0.527824
3.34552
1.9526
1.47556
0.387781
0.151637
0.258471
0.121412
1.97631
0.299052
3.68173
1.72094
1.14219
0.803493
0.13867
0.863686
2.15824
0.624089
0.203597
0.14105
0.500532
0.363983
1.25434
1.21646
0.038092
0.160033
0.991287
1.93045
1.8295
0.129679
1.92846
2.00246
0.978594
0.278987
0.0155404
0.0229452
0.681759
1.7198
1.28625
0.982401
1.65133
0.791771
0.299509
2.07282
2.65003
0.228506
0.226429
0.642767
2.32443
0.944581
0.107906
2.46598
0.100483
0.73497
0.424933
1.62446
0.218753
1.5216
0.707195
7.55506
0.400385
0.847931
1.10158
1.76338
1.55257
4.75076
0.426842
0.514944
0.321443
0.125472
0.147882
1.59822
1.53467
1.36711
0.00094257
3.26981
0.636482
1.46867
0.291584
2.33249
3.78508
0.649821
1.53292
2.49197
1.43271
0.0315091
0.366827
1.8746
0.989771
0.172954
2.02376
0.0591792
1.86664
0.820923
0.0716196
3.02596
0.424222
1.03006
0.345823
0.246316
0.380041
0.0669578
0.663452
0.111259
0.225597
1.78916
0.00595006
0.0256189
0.422726
0.756466
1.25687
1.07165
0.241278
0.245349
0.629466
0.0846547
1.59299
1.19883
1.91137
1.06646
0.102047
1.58385
0.324978
0.759547
0.0149529
2.04491
4.0406
0.716486
1.57346
1.42298
0.802589
0.127771
1.40963
0.246668
2.59434
0.401363
1.22356
1.05516
0.338026
0.579402
1.81043
1.59348
2.4664
1.27604
1.52145
2.59579
1.91133
0.187751
2.63758
0.579651
1.532
2.40446
0.950761
0.0571922
2.3878
0.770337
0.996613
0.991607
1.49858
0.610807
0.946323
0.638987
0.783764
0.184915
0.611099
0.296242
0.0295055
1.36252
2.6087
1.00794
0.256676
2.47521
1.18063
0.00327089
2.98898
1.36539
0.347408
0.888159
0.336869
2.81876
0.232489
1.44789
0.306028
0.44722
0.303793
0.309319
0.0572393
1.10609
0.289947
0.243197
0.381601
1.59159
0.437227
1.17659
0.829023
1.91976
0.0247874
0.227369
0.480946
0.11006
0.992431
0.0449001
1.20226
0.0986459
0.449437
0.212108
0.172994
0.104525
1.84451
0.348553
0.169277
1.35891
0.334719
0.589477
0.612554
0.461293
2.57364
1.74994
0.124032
0.0785223
0.396187
0.0660797
0.109672
0.0586467
2.03445
0.0670097
1.0869
0.0504679
0.890582
0.34856
0.742103
0.652369
0.307105
1.25039
0.170113
1.8005
0.294003
2.04316
0.197723
0.678021
1.12584
1.18905
0.679424
0.899735
3.22128
0.382815
0.0222465
1.43611
2.30778
0.408163
0.0283484
1.26403
1.88211
0.411954
0.678391
1.68869
1.1517
1.19314
0.261458
2.59093
0.468763
0.630218
0.256535
2.18028
2.4364
0.364844
1.10018
0.229845
0.0317621
0.309431
0.881619
0.17405
0.751295
1.32609
1.56284
1.10222
0.00772913
0.248756
0.540064
0.00495566
0.571951
1.28256
0.181425
1.76379
0.728944
0.684322
0.00500608
0.351977
0.753859
0.988517
0.342036
1.57748
0.0247358
0.677109
0.107651
1.41585
0.997244
0.071376
2.61172
0.174146
2.41257
2.94484
0.125174
0.980472
0.902828
0.978978
0.0278142
0.294286
0.314573
0.0596439
0.0694793
1.20993
0.143281
0.492896
1.2284
0.840425
0.598351
1.33059
1.28461
0.047283
0.0174229
0.0717782
0.709046
2.3811
1.26868
1.29658
0.807643
0.239479
0.220951
0.113768
0.249046
2.47824
0.00237836
1.82459
0.676515
0.0301122
0.168947
0.0919942
2.391
0.160464
0.028949
0.00696483
0.425743
0.528863
0.326159
0.434867
0.598752
2.05418
0.491924
0.390674
1.47225
1.10418
0.621437
0.503579
2.42236
0.225783
0.0514225
0.71983
0.0602439
0.188944
0.294373
0.171891
0.434861
0.0278435
1.09364
0.953797
1.61429
0.0359092
1.90348
1.93179
0.3731
0.666119
1.04419
1.87735
0.527252
1.51949
0.0514919
0.518052
0.103945
0.67883
0.592743
1.6219
2.10553
1.02039
1.95304
2.2666
0.379424
3.96384
1.14107
0.22519
1.5323
0.315479
1.87247
2.05905
0.761589
0.161993
2.15014
0.648843
0.692955
0.346969
0.921721
0.540583
2.93733
0.0376522
0.677634
0.559078
1.90307
0.011408
1.02283
0.316551
0.00283019
0.28078
0.477251
0.0928565
0.0385903
0.207486
4.93042
0.334136
0.628009
0.796862
1.46945
1.65011
0.792849
0.926235
0.446246
0.945133
0.257023
0.69881
1.1199
0.379709
3.6579
0.666769
0.199992
0.0422135
0.26042
2.62229
0.121555
0.316023
0.228028
0.983506
0.307819
1.55017
0.455761
0.571611
0.457583
0.5911
0.274915
0.279713
1.28384
3.25256
2.19196
1.56354
0.196185
0.364338
0.111129
0.344249
2.00185
1.35811
3.30035
0.0305741
0.709849
0.287906
1.1968
2.85547
0.562253
0.037887
0.441529
1.7105
1.27877
0.35347
0.323198
0.854703
0.0793353
0.0760941
2.39942
0.686254
0.40578
0.42681
0.357055
0.629599
0.49408
0.0460195
0.5956
1.17259
0.579913
0.793704
1.51443
1.94937
1.87589
0.598293
0.114242
0.287194
1.45763
0.811373
3.70408
1.67721
0.135951
0.34115
0.930619
0.753519
2.41785
1.20037
0.383953
1.04867
3.64211
1.27083
5.88694
1.66278
1.51544
0.240982
1.45332
0.404593
0.486277
0.160399
0.993204
1.62952
0.722946
1.75456
0.553184
0.576599
0.419763
0.0487695
0.901402
1.62588
0.236893
3.61148
0.315387
1.76583
0.699155
0.0408535
1.78004
0.100106
1.14091
2.6637
0.0335145
0.255235
0.374991
4.13917
0.256166
1.30962
0.159808
0.0444239
2.49316
0.352414
2.00976
2.53274
0.715638
1.10803
0.367207
0.0633182
1.2779
1.61812
0.643841
1.62345
0.952533
1.20434
0.648714
0.507651
0.128182
0.970534
0.518063
2.75296
0.203611
0.338145
1.25035
1.85899
0.530386
0.38072
0.715586
5.0378
0.636373
1.58983
1.19793
2.46462
1.86898
0.0301618
0.963441
0.424352
0.628549
0.184685
3.36295
0.96338
1.68934
0.216853
0.478591
0.312684
0.322121
0.294967
0.921075
3.15503
1.00973
0.952931
0.11208
0.398414
0.034554
0.826923
2.7473
3.05203
0.541252
3.19025
0.811336
3.04193
0.503057
0.159641
2.56893
0.480466
0.979384
1.26284
0.0708882
1.59678
0.839648
1.75771
2.9435
1.46883
0.339247
0.00700398
0.783738
0.129162
0.238867
1.2906
0.825396
0.623897
0.885479
0.674462
1.47874
1.78513
0.111877
0.636949
0.425173
1.74107
0.691613
2.37295
0.521125
0.447519
0.547642
0.138805
0.643622
1.3568
0.825675
0.572104
0.583631
1.91188
1.21322
0.0719226
2.00626
1.51035
0.618528
0.293199
0.7371
0.707963
0.179528
1.00507
1.85292
0.299252
0.082016
0.251147
0.831735
0.155242
1.75807
0.69035
0.129531
0.952638
2.75726
1.06458
0.352625
0.275876
0.176041
0.0999159
0.959179
0.223399
0.782
0.904858
0.0770386
1.97442
0.511231
0.523392
0.107658
0.974599
0.0448308
2.16303
0.0766872
2.28659
0.713396
1.62439
0.0314456
0.562842
1.62347
1.12695
0.514227
0.12412
2.1847
0.448224
5.00188
1.28585
0.0313428
1.50712
2.81166
0.46203
0.367213
0.514657
0.230415
2.28823
0.600321
0.605939
1.99859
0.326979
0.464134
0.881409
0.221128
0.419275
0.113071
2.36497
1.15632
0.602432
1.4534
0.0693547
0.551252
0.551554
2.18293
1.55157
0.452771
0.0988219
0.00293507
1.35778
2.30421
0.909236
0.133266
0.896405
0.970752
0.734621
4.30072
0.935789
0.2098
1.86528
1.16406
1.21463
2.15207
1.38752
1.41493
1.09144
0.0182107
0.0336938
0.511557
0.396093
0.675415
2.16279
0.0466286
1.17633
1.1124
0.0270953
0.391949
0.367694
1.37645
0.69191
2.30787
0.649373
2.42807
1.0494
0.61649
0.141942
0.225041
1.2372
0.8525
1.92556
0.996357
1.25804
1.43755
0.126797
0.13583
3.10604
0.0933275
0.0507962
1.14928
0.617128
0.00355078
2.62338
0.91078
1.87025
0.645909
0.660428
0.570561
1.34845
4.26762
0.119102
1.46157
1.15534
0.706606
0.197569
0.556923
0.39628
2.05523
0.614116
0.0112237
0.612414
3.39783
0.605747
0.297914
0.780764
3.99906
0.344907
0.537473
0.236932
3.24203
0.63662
0.334135
0.376526
0.372743
1.84834
1.6342
1.63949
0.867871
0.906843
0.0749151
0.764323
0.25732
0.0975496
2.43768
0.0397133
0.429717
0.376717
1.03693
0.354852
0.382092
0.321812
1.03588
0.0519009
0.387199
1.1063
0.758959
0.329873
0.244361
0.541375
0.595542
1.78707
0.527423
2.32098
0.450448
0.0943292
0.440956
3.51012
1.2841
0.597285
0.962956
0.0331276
0.423454
4.06437
0.0739748
0.940731
2.78617
0.428394
0.186822
1.27055
0.37443
1.53329
0.277964
2.04606
1.06724
1.67222
0.284922
1.14741
0.280691
0.313701
1.42889
0.184166
0.000729283
0.288877
0.0104425
0.555596
0.185169
0.94651
0.634855
0.220267
0.345255
0.861002
2.19168
1.83481
0.163821
1.5323
4.36686
0.728225
0.736857
0.549151
1.38493
0.842605
1.33514
0.0123764
1.52551
0.483551
0.158068
0.488042
0.635722
1.46938
1.00763
0.816399
0.311833
0.971112
0.315033
2.19503
1.13285
0.0522639
1.17599
0.195866
0.318677
0.597067
1.1896
0.719694
4.60796
0.0047402
0.324471
1.08554
0.282764
1.43302
0.806172
3.56339
2.79476
1.53054
0.088003
1.67474
1.60576
0.480484
0.297348
0.023241
2.86046
1.08961
0.030136
0.141424
1.53699
0.317451
0.470459
1.57957
0.203083
0.620493
0.616363
0.423641
0.00853722
0.808655
1.13097
0.0233526
0.0499992
0.0362857
0.196775
1.06059
2.03012
0.788131
0.0908479
1.36708
2.37965
2.13504
2.82339
0.415661
1.40907
1.45618
0.817939
2.08539
0.560939
0.119444
0.00996449
0.0108038
1.97645
0.112814
6.12174
0.0324623
0.480285
1.30736
0.132043
0.425613
0.233277
2.71508
0.289732
1.34408
2.30391
0.288181
1.51838
1.48578
0.168863
0.0684459
2.63371
2.61629
0.912789
0.334934
0.164751
2.69193
0.551446
6.11125
0.408002
0.362533
0.788083
1.01491
0.103491
0.266209
1.3888
1.38938
0.19408
1.79703
0.153964
3.03048
1.61079
0.148229
1.1813
0.115639
1.69224
0.096743
0.2691
1.39264
0.362446
0.069817
1.63655
1.72824
2.1227
1.55408
0.505721
0.0609144
2.7486
0.104885
0.564266
1.00081
1.47416
0.205207
0.298002
0.657734
3.5468
1.2962
1.187
1.15751
0.2845
0.704897
0.00619255
1.91011
0.224129
0.0834173
2.44969
0.032328
1.07929
1.39358
1.24107
0.105925
0.117833
0.0450116
0.96503
0.675436
1.00146
0.917945
0.00640896
0.115742
0.312177
1.04523
1.02414
0.213884
0.0361001
0.267515
1.8826
1.4176
0.21513
0.0522609
0.352237
0.769344
2.741
0.0948166
0.766724
0.378489
0.747567
0.293532
0.973871
0.262341
2.07558
0.855751
0.0105381
1.15712
0.869133
0.67793
1.54959
0.470696
0.357176
1.61542
0.77561
1.67457
0.776806
2.75974
0.460951
0.427101
0.30566
0.401422
0.406689
1.54357
0.649813
0.0391622
3.77952
0.562494
0.89114
1.57509
0.492726
2.05615
0.150327
0.52526
2.15892
1.52509
1.06697
0.0641189
2.11384
1.54391
0.00143523
1.14076
1.4638
0.550033
0.94498
0.549455
1.70285
0.10673
0.678325
0.304804
0.578209
0.542826
0.574077
1.90622
0.44113
1.01043
0.627102
0.363622
0.728132
0.549159
0.849831
0.174772
0.106195
0.13771
0.00743933
0.770875
0.552004
0.105202
0.0132581
0.38611
0.117197
0.40487
0.676153
2.77076
1.3733
1.68273
1.35526
1.49932
2.13953
4.50398
0.545985
0.488512
0.0704539
0.22864
0.178883
0.0170238
0.7378
1.91383
0.0348614
1.04786
1.16689
6.2644
1.57369
0.0198767
0.847143
0.151087
2.52666
0.0999874
0.365299
0.782584
2.03975
0.766932
0.687792
0.445976
2.81524
0.962808
1.14333
0.127847
1.62037
0.503826
1.2582
0.783483
1.06171
0.203045
0.901385
0.131897
0.440297
0.273872
0.233698
0.490198
0.131852
0.408229
3.46356
1.01633
0.494534
0.192076
0.31609
1.3144
0.656606
1.84279
3.06092
1.88029
0.836622
3.03477
1.35827
0.170187
3.64798
0.600056
2.79977
0.0327842
3.39107
0.266501
0.193657
0.360352
0.369595
0.568245
0.0364726
1.14814
1.63579
0.658831
1.7989
1.27403
0.0946404
0.293174
0.416694
0.615781
0.836848
1.96568
0.165545
1.4311
2.0668
0.386204
0.695499
0.473636
1.43315
0.444281
0.406384
0.119131
2.91092
0.313027
0.722069
1.0842
0.295656
0.132965
0.149781
0.150245
0.377595
1.33683
0.673454
0.302108
1.06806
0.982963
0.880669
0.193453
0.875038
3.60858
0.200869
2.60229
0.839159
3.03764
0.322989
0.404345
0.501366
3.50685
0.668862
0.21494
1.29848
0.0896161
0.46764
0.296867
2.92253
0.128043
1.78332
0.525443
3.45656
0.684851
1.92729
0.840025
1.24648
0.849779
0.452139
0.24145
1.52246
1.83372
0.922739
0.576378
2.84472
1.08802
0.268878
0.978849
1.65781
2.81396
0.155105
3.00087
1.4683
2.02744
2.10537
2.91792
0.0509616
0.705086
0.470585
0.684874
1.84303
1.46069
0.151144
0.513694
1.40736
0.423031
0.714772
0.690188
0.261966
0.648534
0.585183
0.364772
0.0536234
3.47908
1.00147
0.298206
0.127826
2.44706
1.11152
0.125418
0.170062
1.05677
1.37204
0.965938
0.271071
0.115582
0.557778
0.879965
1.28604
0.0474204
0.0192746
0.781254
0.403089
0.835654
0.667357
0.71083
0.427586
0.632709
0.0122252
0.568502
0.137074
0.460315
1.59807
0.591918
0.705088
2.50622
0.149651
0.441968
0.140579
0.553512
0.256846
2.00455
0.427491
1.35735
0.386835
2.23579
0.520677
1.67162
0.474095
2.23842
1.03687
1.225
2.01231
0.781557
0.0336013
1.28618
0.331073
2.49266
2.70999
3.07473
3.3968
0.122161
0.381472
5.42138
0.738199
1.46208
0.540555
0.0547245
2.06132
0.751269
0.0185314
0.890706
0.58416
0.237252
0.84675
2.69061
1.6992
1.99467
2.1667
1.44769
0.674693
1.81148
0.705718
0.0875696
0.0384699
0.507585
0.879948
2.91583
0.590622
0.33577
0.194966
2.55429
2.14914
0.944633
1.4059
0.732751
0.372247
0.00567311
0.307133
0.925753
2.35833
2.62133
0.426445
2.99907
3.74224
0.593383
0.20389
0.0113281
0.0819287
0.106233
1.18337
1.2009
0.543482
1.33625
0.0862893
2.40911
1.90444
1.5303
1.51689
0.624361
0.158067
0.619603
2.24763
0.771595
0.876706
1.91416
0.117371
0.266216
2.0567
0.231832
0.895646
0.0811289
0.130824
0.832272
0.251048
0.786945
0.00608089
2.89375
0.885003
0.911159
1.31359
0.757315
0.569455
0.22041
0.529357
0.309617
2.60446
0.0951867
0.544961
1.94871
1.26434
0.591123
0.122779
1.512
0.463219
0.311164
1.71843
0.944531
1.22713
0.531757
0.192984
1.42809
1.49425
1.14688
0.196217
4.6874
1.74908
0.142825
1.2678
0.435188
0.274896
1.06231
1.53308
0.312578
0.284646
0.270436
0.431185
0.296768
0.598164
0.29602
0.241428
1.11237
3.76632
1.5458
0.821128
2.46898
0.401631
0.515198
0.116357
2.60383
1.31484
0.345896
0.76853
1.35528
1.15776
1.3907
2.40284
0.190987
0.66272
0.364839
2.1543
2.07599
1.78991
1.43192
2.85739
0.487046
0.773387
0.444473
0.145361
0.410358
0.540253
1.70812
0.868672
0.316082
1.7244
0.336174
1.05337
0.390179
0.808991
1.81441
1.4824
3.63694
1.29531
0.209144
0.767673
0.881504
0.281693
0.200739
0.241053
0.86318
0.289658
0.646463
0.726923
0.932167
0.915493
0.162208
0.993446
1.00069
0.640053
0.651687
0.496754
0.481436
1.73294
0.772948
0.252173
0.686931
0.547009
0.228488
0.92726
0.268839
0.15551
0.108605
0.210793
0.484469
0.425367
1.35684
1.50454
0.0726412
2.20868
2.12489
0.489013
0.568735
0.0199973
1.40987
0.969559
3.02223
1.53397
0.677576
1.27518
0.104912
0.288417
0.392666
0.735071
1.57099
0.197715
0.904838
1.04294
0.646341
0.102771
0.234651
0.420005
0.272056
0.571641
1.09266
0.307045
0.00132367
0.503702
0.359443
0.654094
0.98869
2.58919
0.239718
2.49121
0.226637
0.168425
1.24494
0.0237788
0.108047
0.292611
0.595873
4.34614
1.75753
0.165119
0.711332
0.0892144
0.872659
0.217194
0.188801
0.832906
1.66982
0.906075
1.18517
1.38249
0.527875
0.827659
0.636573
0.101999
0.0955166
0.142269
0.571986
2.33021
3.74552
1.51504
0.626861
1.38562
0.276071
1.05612
0.00823974
0.346439
0.904312
0.299472
3.67357
0.291458
0.44663
0.441602
0.266207
0.757706
0.354654
1.94916
0.778458
0.295389
0.630078
0.474886
0.67129
0.692
0.0402915
1.10533
1.44255
2.06317
4.76562
1.91102
0.865428
0.947523
0.0680042
0.181293
0.37418
0.00351734
1.06629
1.69575
2.6228
1.35364
2.67896
0.422945
0.480148
0.301776
0.280898
0.767592
0.990071
0.278163
1.40153
2.40007
1.08332
2.24425
0.425533
2.81792
2.94132
0.669086
2.36377
1.43971
0.157799
3.18157
0.236442
1.34511
1.68389
0.871184
0.430453
0.131821
0.34183
0.165422
0.439495
0.629605
1.50751
0.730896
0.318453
0.527433
0.174089
0.285949
0.647662
0.245252
1.27619
2.76116
0.870101
1.29339
0.335606
1.80767
0.837272
0.1666
0.545851
1.78992
0.144951
0.261314
2.3728
0.23404
3.46621
6.51733
1.5202
0.133836
0.471469
3.81567
0.330812
1.10339
0.357755
1.09268
0.205012
1.52745
0.229555
2.42132
0.817699
0.275219
2.19764
2.62668
0.0411898
0.495665
0.942296
0.891496
0.835698
2.01248
0.565387
0.987051
0.120771
0.640428
0.972742
4.23884
0.926359
0.666386
0.206456
0.290695
1.28465
1.11517
1.19003
0.206155
0.0101432
0.13082
2.88143
3.26114
0.298742
3.43845
0.850674
0.249778
2.53542
0.0441448
0.669659
0.107947
1.92369
0.710153
0.0653103
0.457137
0.203543
0.522143
0.098628
0.10303
0.388774
0.422431
0.0274099
0.330245
2.35698
0.498094
2.49438
0.245692
1.0909
0.465909
0.101157
0.0896373
0.761712
1.39134
2.03512
0.19497
1.04654
0.13673
0.483838
0.139366
1.50886
3.16011
1.32805
1.48595
0.0363481
1.27101
0.844141
0.855207
3.46095
1.1552
2.49424
1.82325
0.0548878
0.162416
0.415034
0.170706
1.16016
0.229612
0.256866
1.06283
1.26962
0.780182
0.162899
0.776804
1.3968
0.651084
0.982809
1.18486
0.668494
0.465551
1.52831
0.692693
1.22726
0.223391
1.47169
0.0307933
0.840513
1.26176
0.00552323
1.93827
0.0380811
2.00469
0.762965
0.0988333
0.0318437
1.23089
0.0141373
0.78191
0.491673
0.0344477
0.721365
0.879935
0.772178
2.81761
0.093384
0.662704
2.63754
0.516008
1.40821
0.330021
0.22762
0.487389
0.106318
0.0647857
2.67607
0.0355392
0.883793
0.287729
1.13561
0.753313
0.157199
1.87129
0.577902
0.15006
0.897959
0.774771
0.085821
2.22897
1.12211
0.00748524
0.99493
0.198363
0.333875
1.56664
2.13172
2.19771
5.02605
0.459687
0.224559
1.36499
0.0182779
0.572155
0.259219
0.0345413
3.36994
0.465105
1.1972
0.957463
0.155931
0.112918
0.926149
2.64836
0.155631
0.581215
0.36224
1.50697
0.234713
1.42287
2.3491
0.168651
0.496051
0.173729
0.0860436
1.24146
0.444755
0.870018
0.399391
0.248994
0.364907
0.688428
0.129863
0.289202
1.66304
0.292492
0.870059
0.0563299
0.675934
2.28389
0.510287
0.782651
0.568604
0.431734
4.92837
0.196355
1.77907
0.620516
0.701386
0.158268
0.111978
1.40301
0.249848
1.01254
0.747396
1.17371
0.906345
0.281739
0.776662
1.78175
0.131406
0.0689442
1.08754
0.319636
0.211133
0.0700592
1.51671
1.71197
0.411852
1.81067
0.762517
0.322564
0.613405
0.131689
0.658628
0.448326
2.79044
0.112757
1.7695
1.28535
1.71274
1.11959
0.597569
0.632916
0.377121
1.97233
0.164087
0.0762861
0.892251
2.95298
1.23986
0.362541
0.151153
0.658083
0.0503007
0.404466
0.512955
0.0677542
1.01671
0.130097
4.00474
0.3299
0.0159558
1.19467
3.4396
0.433425
0.368559
0.64476
1.03631
0.754779
0.679667
0.673537
0.950476
1.56921
0.486608
0.419843
2.87376
0.0171121
0.032614
2.3322
1.19854
1.3271
0.489907
0.264049
0.00127675
2.33874
0.312211
0.873929
1.59623
1.00154
0.174314
0.677204
1.02156
1.40133
0.395975
0.608556
0.0966653
0.901054
1.69591
0.0896621
1.29346
0.00118582
1.09477
0.419552
0.014115
1.77161
0.303615
2.16654
1.04114
1.75495
0.207352
2.20743
1.11006
1.18069
1.25786
0.203392
0.37121
0.587876
1.33941
0.148921
0.0314425
2.59227
0.494103
0.830689
0.220665
0.126375
1.55078
1.01351
0.252544
4.25931
1.03197
0.728245
0.143591
2.29689
0.297394
0.571795
0.930573
2.04745
0.815714
0.321478
0.551541
7.6537
0.0153306
0.695938
0.76532
1.2273
2.41757
0.221693
0.0275313
0.0273691
0.925078
0.168507
2.71071
0.865206
0.0360868
1.43896
0.358423
1.96761
0.210015
3.16593
2.26228
0.781945
2.90943
1.11511
1.30382
1.92002
1.04046
0.168359
0.985578
0.842373
0.689197
3.91637
1.61926
0.312239
4.79395
0.28555
0.0168298
0.354406
0.154825
0.216422
3.69052
0.428482
0.187443
0.823591
0.0970248
2.15254
0.0605976
0.370217
0.270662
0.342443
0.510723
1.40659
0.617544
3.76281
0.140544
0.60095
0.637478
0.696797
2.27859
0.193419
1.12616
2.65739
0.460742
0.520039
0.336333
0.0180495
2.781
0.979239
0.242109
1.12816
2.0512
1.05341
0.648509
1.15491
1.08515
1.16637
0.573117
0.538496
0.622353
1.40866
1.20745
1.83583
0.0446809
0.129939
0.722361
0.262328
0.781226
3.00309
0.29603
0.89014
1.60478
2.48183
2.5869
0.0483828
0.750163
0.821794
0.209059
0.684288
1.95989
1.17296
0.769985
6.24788
0.959158
0.835511
0.138363
0.754133
0.341529
1.61843
1.75387
0.146274
0.322246
0.0386949
0.587789
0.587686
0.286677
0.214205
0.0923222
1.26151
0.0802453
0.550011
0.465553
0.508729
1.29325
0.496689
1.84223
1.64171
0.110842
1.38885
1.88855
0.935086
0.434528
0.370984
2.20914
1.83906
0.207781
1.15324
1.21504
0.0706476
1.04926
0.746365
1.08097
2.8253
1.28026
0.0593941
1.64076
7.17971
0.631494
0.860763
0.902103
0.314938
1.43184
0.0267433
0.914631
0.730297
0.381256
0.624243
0.542432
0.785141
0.522144
0.349228
0.254794
0.359943
0.883513
0.0307616
0.14274
2.17184
0.423926
7.78314
0.204674
0.672787
0.582458
0.188796
0.647325
1.15006
0.922608
1.52406
0.135114
2.51274
0.453133
2.825
0.754505
1.67386
0.302604
0.405088
2.7644
2.91675
3.8488
0.687223
2.41744
1.1113
0.00895957
0.304736
2.10655
0.777091
1.90505
0.954405
1.52484
1.66538
2.50599
0.759318
2.87559
0.142731
0.689734
3.27113
0.848299
1.05096
1.94534
2.0506
0.0444088
1.47261
1.48334
1.3321
2.7876
1.29415
0.42473
0.967229
3.35712
0.753085
0.226543
0.508911
0.0833603
0.294955
0.79268
0.272256
0.408173
1.88427
1.12537
0.251636
3.88513
0.502974
0.443853
0.473638
0.0345868
0.634395
0.158031
0.164038
0.98558
0.693175
0.399737
1.75212
1.11921
6.09315
1.31368
0.0850941
0.99575
2.7865
0.346449
2.64254
1.82369
1.34812
1.23305
0.0763357
2.95668
0.838531
0.228245
0.111689
1.78758
0.615804
0.732002
0.267188
1.25022
1.81085
1.36843
0.0299328
1.00203
2.56316
2.11406
0.0513533
0.409286
1.08521
1.29402
1.08944
1.11725
1.30422
0.859347
1.55198
0.174671
1.27316
0.270546
2.3244
2.44761
1.55394
0.518849
0.307306
0.0593519
0.878112
2.19012
1.95185
0.594528
0.0448414
0.0322371
1.31707
0.361229
0.323083
0.268874
3.81145
0.933247
0.737359
0.440592
2.86776
0.048895
0.222074
1.46077
0.11468
0.202563
1.11383
0.126748
0.766169
0.823028
0.211025
0.634101
0.495008
0.00756681
0.069829
0.186739
1.60731
0.275422
0.60824
0.118825
0.563444
0.943554
0.0158388
2.15405
0.96951
0.145438
0.771143
3.11803
0.85955
0.23954
0.496522
1.2652
2.38862
0.531507
0.135983
0.782345
0.3809
1.08023
0.101052
2.12637
0.216165
1.82062
0.76686
1.13351
1.79699
0.345439
2.78135
0.610355
0.264278
2.25223
2.67996
0.829438
0.81623
5.40545
0.57394
0.183826
0.516526
1.08662
0.0775793
0.417952
0.208673
2.71874
0.0841438
0.251965
0.759816
0.0368268
0.221691
0.0472837
0.125078
0.877033
2.28684
0.522668
0.359962
0.24925
2.79371
0.14382
0.543186
1.70211
1.88915
1.2406
2.14921
1.45671
1.38526
0.467091
1.05416
1.61431
0.690419
0.459318
0.922198
1.07279
0.140716
2.57256
0.918017
0.586546
1.28608
0.231016
0.747801
0.157337
0.158796
2.57275
1.50893
0.0531902
1.40744
1.04444
1.14329
0.185467
0.247473
1.74053
0.00440992
1.11537
1.56417
0.957538
0.328981
0.282281
4.2484
0.0780951
1.22061
0.526289
0.902588
2.34319
1.76718
1.29882
0.118212
0.812837
1.26178
1.22841
0.0387058
0.442497
0.275239
0.297441
0.491128
0.518084
0.353523
0.296341
0.449214
0.527905
0.233991
0.154686
0.202243
0.757031
1.74255
1.47697
0.0930052
0.171215
5.16576
0.176358
0.448392
0.309887
0.247725
0.559813
3.68436
0.274151
0.700106
0.0828827
0.175725
0.0983738
0.732043
0.239677
0.173741
0.382337
0.076307
1.94566
0.209692
0.565098
0.240813
1.86077
1.41396
2.10072
1.32735
0.133272
1.15746
1.90077
3.39638
0.334322
0.753243
0.698035
2.09381
0.0977748
0.726376
3.20299
0.167284
0.127852
4.67534
0.840339
0.248095
0.812205
3.22031
0.711915
0.365052
0.413541
0.374446
0.911999
1.53502
0.0904758
0.346336
4.52887
2.92459
0.172283
1.31762
0.229793
0.16163
2.30973
0.517674
0.180969
0.953959
1.1596
1.72775
1.22644
1.18463
0.202734
0.274251
0.992722
2.2947
0.228768
2.54198
0.0650837
1.439
2.47256
1.2919
0.621322
0.226157
1.88365
0.378456
1.71381
1.21147
0.574098
0.00452675
0.970788
1.05793
0.448496
0.400902
0.199475
0.904163
0.108877
0.386717
0.812543
0.0806891
0.603217
0.514685
0.269699
0.174953
0.622431
1.08827
3.20454
0.31959
0.0569862
0.492879
1.20268
1.47846
0.475546
0.553703
0.371914
2.89715
0.738984
2.56242
0.316225
1.77893
0.600078
1.35346
0.161567
0.953535
0.590877
0.554382
3.16194
1.78703
0.00692813
2.50283
1.07914
0.868146
0.475925
0.82502
0.375725
0.460924
1.14494
0.533493
0.325798
0.785772
0.31774
0.446145
1.05089
0.0544721
0.559158
0.229167
0.827061
2.76991
2.58445
0.00548516
1.55272
1.95144
0.570868
0.04259
0.875357
0.154041
0.132457
0.499783
1.95241
1.3864
0.0889404
0.0884154
0.645481
1.80533
0.762782
2.563
0.0817128
0.975853
1.03554
1.30197
1.18497
0.636197
1.01486
1.30502
0.283402
0.774268
2.05388
0.021869
1.53312
0.875359
0.348884
0.823623
3.0967
0.0566665
0.189573
0.0331978
0.260354
0.00880664
0.914685
1.99286
0.283382
0.0247633
0.389612
1.31138
0.118597
0.487015
1.90271
0.280418
0.862846
1.08502
0.0651932
0.755272
2.61293
0.465057
0.610569
0.678907
0.720134
2.29753
0.169069
0.6787
2.85516
2.20204
0.865394
0.836466
0.96994
0.0875746
1.06187
0.452528
4.65145
0.508406
0.255112
0.825041
0.643622
2.65259
0.339098
0.123299
0.660392
1.26531
0.426226
0.831895
0.838144
0.343354
2.34986
0.626052
1.76378
0.244522
0.330594
0.710593
0.316573
1.60163
2.8422
3.04926
0.222907
0.42101
0.901285
1.08891
1.3638
1.18736
1.64868
0.912497
2.00755
0.493882
0.0434177
0.266374
2.23239
0.346124
3.2142
2.19865
2.99758
0.168698
3.73273
1.13972
0.147849
0.515055
0.298975
2.28989
0.936491
1.34342
0.0132651
1.81347
1.6793
1.60855
2.82192
1.28059
0.163562
0.068357
0.383196
1.13448
0.800012
0.397848
0.275769
0.0673493
1.02629
3.04812
0.225637
1.07666
2.76315
0.915922
0.383089
1.80263
2.33142
0.730655
0.122405
3.21672
0.173585
0.518977
1.21759
2.06754
1.35886
0.851645
0.499436
1.11511
0.160223
2.55679
0.00125988
0.887368
0.704966
0.266499
0.389836
4.06764
0.0145314
0.942316
4.65466
0.189818
1.52019
0.642278
0.312898
1.38037
0.33177
0.288052
1.15631
0.411472
0.348029
0.826342
1.15254
0.687912
0.802017
0.0406651
0.210112
0.030442
0.898704
0.540118
2.06105
1.95596
1.68182
1.85002
0.617718
0.682881
0.24699
1.51134
0.400355
1.15674
1.07887
1.38991
0.325422
0.205055
0.707678
1.63575
0.526424
1.29847
0.0711542
3.16006
1.76982
0.792997
0.120137
0.205973
2.27334
0.906203
0.455216
0.929946
0.539383
0.66533
1.21672
0.243192
2.01885
4.85703
0.309284
1.3716
1.38648
0.587392
0.0634056
0.447946
2.3765
1.08479
1.15032
1.81913
0.32085
0.609983
0.0836111
1.79174
0.620971
0.519484
0.21732
0.357947
1.74833
0.312734
1.6577
0.538099
1.04118
0.896464
1.18155
0.853892
1.33167
1.13166
1.66306
0.459782
0.49874
0.11488
1.77392
1.757
0.298296
0.941396
1.02662
0.939216
0.347046
0.546354
0.501105
0.0303247
2.07491
0.136441
0.319706
0.856417
2.22907
0.763086
1.16203
0.551305
1.11942
0.792656
1.06957
0.177514
0.741721
0.0133832
0.498437
0.944291
0.788345
0.176324
0.760816
3.24878
0.0892843
3.12649
0.261532
0.575728
0.604418
1.07912
2.03151
1.03088
0.441842
1.63391
3.7699
1.04558
0.642581
0.333381
0.0435273
1.59074
0.976668
0.282451
0.139759
2.13554
1.11493
3.85814
0.0695483
1.38631
0.623478
0.076335
1.01139
4.46345
0.225589
0.476074
1.45987
0.0204881
0.926234
1.942
1.1455
2.14082
0.30962
0.345529
1.98109
2.00478
1.17022
0.750468
0.855127
0.183938
1.42841
0.850635
0.492099
0.16322
1.42784
0.880011
0.197439
1.01688
0.810225
1.27705
1.87659
0.24859
0.0349384
0.6981
0.327052
0.513139
0.575076
0.472975
1.50132
1.56765
0.535295
0.162467
0.825519
2.00947
1.28267
3.8175
0.365561
0.0237401
1.76101
0.79643
1.17523
0.109655
0.706204
0.337275
0.544521
1.87939
0.208406
0.125522
0.141174
0.234068
0.481935
0.249742
0.510332
0.526558
0.427214
1.2471
0.0457686
0.197855
0.332691
0.685643
3.50294
0.0417285
3.186
0.256678
1.03006
0.879504
1.84995
2.53335
0.289731
0.802284
0.95055
0.3309
2.45184
1.60793
0.47151
2.27468
0.931641
1.81956
0.0600384
1.00536
0.861387
3.06921
0.20812
1.05295
2.07598
1.60521
0.945362
0.358578
0.767534
2.28901
0.69857
0.0156215
0.478001
0.478359
0.228419
0.154972
2.31517
0.636738
1.57319
0.249855
0.445619
0.200432
1.14175
1.01753
3.15387
0.119593
1.32245
0.0649139
0.26076
0.751279
0.167455
2.68714
0.121512
0.732919
0.49124
0.0592775
0.299495
0.150339
0.370434
2.19599
0.0629721
0.494557
0.761034
1.41964
1.83224
0.954971
0.864193
1.77302
2.24319
0.86787
0.350817
0.297202
0.900786
1.7607
0.0854438
2.43859
0.0276237
5.96276
0.625175
0.0908796
0.0312655
0.0138217
0.153086
1.17035
0.146861
0.560485
2.93217
0.246825
0.538982
1.87622
0.0167542
0.345805
0.334724
0.161506
2.66748
1.08036
1.8929
0.124911
0.335987
2.08177
1.22654
1.00146
0.360178
0.317419
0.43954
1.37879
0.0425484
0.683777
0.701722
4.41489
1.62631
1.84592
0.0512945
1.81966
1.21367
0.550034
1.17665
1.70772
0.35259
0.241791
0.075888
0.190957
1.86558
0.0374608
1.18712
0.151664
0.40052
0.356623
0.149384
0.248203
0.00319576
2.33932
0.63885
1.20328
2.46706
0.192094
0.0688779
3.62929
1.87146
0.558519
2.96206
0.863871
0.180659
0.16833
1.08917
0.320952
0.796771
0.750761
0.526772
0.393636
0.0236598
1.23215
1.3583
0.167746
0.746251
0.222993
2.25552
0.00507534
2.3631
0.485849
2.64268
1.00825
3.44042
0.769487
0.611472
0.77602
0.85427
0.801601
0.215782
0.0165083
1.99583
1.57059
0.550164
0.698794
4.86975
1.05009
1.69081
0.142696
0.389044
0.528216
0.693567
0.129544
0.354379
2.74798
0.929571
0.387114
0.127802
0.903201
1.24486
1.08068
0.423193
0.229128
2.16251
2.28765
0.5753
2.8206
1.2861
0.872024
0.693839
2.17619
1.28901
1.89002
1.20911
2.71387
0.152668
2.42502
0.921704
0.0585618
0.590431
0.0912491
0.468263
1.20685
1.73339
0.10347
0.0836507
0.528559
0.39072
0.217395
0.454666
0.338866
0.134819
0.365308
0.394796
0.0431685
1.45714
1.78807
0.77458
3.15974
0.437175
0.819239
0.499415
5.68507
0.0831815
0.169391
0.670175
0.743139
0.563038
0.594366
0.0479252
3.72472
0.118326
0.751045
0.562547
0.812562
0.0269935
0.220346
0.068531
0.407789
1.65943
0.80637
1.06325
0.59954
0.022901
1.71532
0.706906
0.787131
1.49103
0.0383018
0.69352
1.75635
0.293174
1.5589
0.495508
1.1197
0.655871
1.96962
0.354563
0.612174
0.0167672
0.252731
3.85004
0.113047
1.63697
2.80291
0.149295
0.0474498
1.40953
2.23371
0.518671
1.29387
2.75162
0.622104
1.0408
0.809431
1.43491
0.822579
0.0187109
0.060432
0.886819
0.514594
0.302738
0.673637
0.734132
0.111213
0.335334
0.776458
1.409
2.58736
1.21219
0.874253
1.00026
1.1655
0.744167
2.77558
3.46782
1.5922
0.688089
0.985557
2.71371
1.69461
0.179913
0.287034
0.210573
0.100271
0.71528
2.21851
0.844684
0.824882
0.634292
2.55629
0.107981
1.02527
0.638407
0.651324
0.477707
0.562999
5.2054
0.121195
0.894746
0.548164
0.602893
0.317168
2.83815
0.519717
0.184392
2.24182
1.20466
4.58679
0.184028
1.19785
0.117802
0.771594
0.828702
1.4604
0.320624
0.369965
1.62594
0.572471
1.3946
0.137599
0.609203
1.28316
1.97023
1.92421
2.03957
0.501664
1.21204
0.00845288
0.352538
0.0914862
0.267171
2.14863
0.360192
1.74526
1.54616
1.26684
1.01676
2.97313
0.173027
1.47054
1.11045
0.288775
2.17557
0.671623
3.02822
0.904757
1.06558
0.0100282
3.76873
0.0473666
1.27474
1.78472
0.867671
0.714707
0.197094
0.113454
0.0437558
3.54632
0.0822783
0.322247
1.70369
1.66873
1.00589
2.50111
3.12326
1.24873
1.41219
0.38605
1.6428
1.19343
0.179137
0.247065
0.619154
0.905215
0.505326
0.039889
0.813315
0.629928
0.0551246
0.329608
0.743057
5.27843
1.8984
2.31636
3.71089
3.80313
3.46197
0.0426476
0.849095
1.28316
0.641145
0.485924
0.324815
5.82108
0.0324795
0.112404
0.166366
1.04905
0.0725315
1.27443
0.901268
2.15309
4.50853
0.275016
2.25583
0.198851
2.10644
1.25613
4.08939
0.247246
2.12199
0.339462
1.39715
1.8249
0.161701
0.0138704
0.420643
0.903526
0.292136
0.696653
0.823652
0.197097
0.585271
0.475074
5.28603
0.975648
5.36503
0.182397
2.17465
0.708535
1.54928
0.938874
2.14047
0.514522
0.43257
0.0822501
0.0690139
0.679255
0.354773
0.855725
0.639714
0.192789
0.967723
3.18927
0.213159
0.980081
1.3949
0.663526
0.678631
1.24168
0.4797
0.208474
0.786135
1.21947
2.67574
0.00545576
1.05801
0.0591956
2.29042
0.504175
1.3824
0.067563
0.410727
0.128521
0.573093
1.36409
0.90835
0.44343
0.774209
0.0511313
0.0591036
1.29158
2.50535
0.290155
0.173215
0.570546
1.01043
0.563543
0.264112
1.93974
0.495506
0.950051
2.68741
0.408289
1.51866
2.38336
0.987858
0.215536
0.379613
0.491742
1.88723
0.482661
0.543208
0.89558
0.447647
5.71007
1.77568
2.50887
0.084969
1.03451
3.03318
0.635022
1.42085
4.54902
1.02606
1.45532
0.0586358
0.350709
1.69236
0.279114
1.32783
2.12711
1.27459
0.791811
0.387761
0.528133
2.66313
0.997025
2.31909
0.18006
1.23707
3.39846
0.0545096
5.33571
0.319816
0.30911
2.18024
1.03644
0.491423
1.74415
1.36842
0.764304
0.722353
1.01153
0.0539139
1.29032
2.55731
3.30142
1.45093
0.82009
1.22885
0.187628
2.69214
2.38887
2.91565
1.19816
0.103424
1.81755
0.116819
0.756033
0.362159
0.221787
1.41615
0.172291
1.01922
1.02303
0.147493
0.569577
1.68866
0.105537
0.13164
0.0981787
2.16368
0.305447
0.477424
2.83185
0.796203
1.54312
0.343284
0.279263
1.57324
0.604934
0.633535
4.87138
1.58684
1.10167
2.16356
0.146549
2.78417
1.36575
0.414051
0.274333
1.01903
0.0518296
0.465843
0.370787
2.43976
1.60947
0.176375
1.20917
1.29996
2.10333
1.18404
0.478594
0.126148
1.83471
2.32628
0.964849
1.60652
1.02104
0.849509
0.121119
1.65978
3.27234
0.0165153
0.0430268
0.21039
0.596153
1.5686
1.26294
0.404997
1.32302
0.444599
0.129224
0.939997
0.00955919
0.715961
2.55788
0.068347
1.80803
1.84129
1.96354
0.016783
1.32378
0.449077
0.138047
0.793164
1.22167
1.51287
0.180287
0.431429
0.977651
1.19451
1.82956
1.23007
0.153703
0.253745
0.565731
0.340912
1.14967
2.86554
2.96015
3.66877
1.11938
1.85414
0.917618
0.0277448
0.947673
0.658823
0.0396061
0.398143
0.07562
0.172255
1.05301
0.410291
0.379527
3.21552
1.55599
0.121768
2.38985
0.0776065
1.82514
2.01816
0.445339
0.301346
1.66497
0.903618
0.249486
1.45465
0.93551
1.65963
2.52831
1.33701
1.6796
1.79653
0.73107
4.34184
0.0948198
0.91571
0.00115099
0.721915
1.82741
0.830686
0.163701
1.97742
0.461018
0.464659
1.26195
2.02611
0.688661
0.16804
1.68616
0.130114
0.294281
0.395886
0.368904
1.85838
0.972592
1.35735
0.609318
0.883977
0.275667
0.0701278
0.230434
0.353606
0.822698
2.77927
0.160994
0.649492
0.689613
0.330474
2.67806
0.864631
0.597811
0.378331
1.06463
2.12089
0.34865
2.62369
2.60988
5.74902
0.250599
0.154142
0.403153
0.381944
0.0604849
0.333746
0.655666
0.102907
1.95408
0.64475
1.51902
0.00107636
0.615577
1.90848
1.94554
0.879528
0.594127
1.81101
0.265501
1.91418
0.385195
0.222515
0.557923
0.647267
3.28504
0.338356
0.0151888
2.01457
3.33835
0.417146
0.197815
1.50239
0.445498
1.01414
1.0777
1.55844
1.16578
0.226131
0.341645
0.852075
0.90735
0.00501245
0.23977
0.569212
0.530597
0.128072
1.01014
0.016957
0.601998
1.47264
0.126145
0.268858
0.384647
0.160303
0.0928963
0.193372
1.08713
0.335144
1.14084
2.08725
0.334496
0.238327
0.228725
0.176508
1.63967
0.539936
0.833868
3.08022
0.252205
1.98849
0.806563
0.387333
0.9512
0.240102
0.0437753
1.55407
0.181581
0.728438
0.386665
0.907338
2.79848
0.75949
1.34418
0.61576
1.59045
1.05893
0.0409377
0.531054
0.638744
0.888534
0.841249
0.192674
0.631206
0.604539
0.461534
0.991652
0.647159
1.69498
0.200906
3.02933
0.38028
1.8129
1.05585
0.275934
0.371227
0.473124
1.57096
0.593552
2.9772
1.23463
1.13215
0.793842
0.34555
0.0196062
0.803774
0.841933
0.572239
0.935421
0.76675
0.784569
0.912766
1.51225
1.5472
0.207321
1.7117
1.09188
1.30203
0.22289
0.346465
0.290183
0.395815
3.44302
0.244641
0.0309035
1.73162
0.216251
0.4154
1.82117
2.96626
2.39165
1.26389
0.776396
1.76678
0.615865
0.702817
0.672751
0.683446
1.22779
1.37737
0.64765
0.231318
1.09923
0.51156
0.0068694
0.985406
0.835884
0.426326
1.71378
3.21996
0.614154
0.993533
2.95688
0.428939
0.574473
2.06978
0.360153
0.949356
2.04678
3.1025
0.974761
0.636879
0.0521564
0.0688484
0.010193
0.0213603
2.75613
1.31655
0.703417
3.391
0.486203
0.0942402
0.0772386
3.24865
4.35019
0.613969
1.21508
1.78064
0.524771
0.243403
0.334918
0.242917
0.880623
0.251599
1.93742
0.682898
0.135079
0.136443
0.161236
0.64416
0.535568
0.0608311
0.00110671
0.073559
0.0372373
0.643919
0.075483
1.55755
1.41437
1.62497
0.855567
1.77778
0.145035
0.325232
2.39203
0.755847
0.596292
1.98456
1.36506
0.150723
0.892414
0.0357686
0.156838
1.92544
0.495914
0.765985
1.46134
1.61915
0.112695
4.50197
0.615881
0.720316
1.65372
3.56864
5.51583
0.30739
1.85371
2.15523
0.289242
0.74072
0.781113
1.19169
0.67931
0.595131
0.786315
1.51197
0.103645
1.08818
0.980184
1.21641
0.0557547
0.105674
0.28403
3.93215
1.98258
0.0864305
0.454252
0.89237
0.989814
0.716822
0.922145
0.00183563
0.424127
0.477365
0.0156462
2.36306
1.80001
0.224623
0.562788
0.958107
0.0806723
0.559988
2.6512
3.61397
0.462449
1.28821
1.1223
0.691302
1.97129
3.5131
1.95202
1.53118
1.05992
0.173464
0.474959
1.40373
0.280118
0.680214
1.30645
0.300116
0.0380596
0.00885182
1.29751
1.18119
0.0348186
0.376306
2.09717
0.165936
0.426583
0.304282
0.770406
0.981941
0.431311
2.20455
0.294934
0.191256
0.45046
0.203912
1.96752
0.153279
0.836494
0.537511
1.10454
0.756787
0.17134
0.0243578
0.882769
0.479784
1.34873
0.689988
0.689504
0.0133021
3.05674
0.332257
0.103947
0.114016
1.81997
0.409421
1.47871
3.99594
0.370279
0.573731
0.122332
0.0892505
0.240215
0.257388
1.37049
0.193653
0.0994385
0.0778626
2.25019
0.186567
0.462209
0.613266
0.532822
0.137276
1.25686
0.353924
3.05999
1.81845
0.0560366
1.08978
0.796883
0.145718
0.882789
2.43834
0.419299
0.563206
0.212588
0.884643
0.0303987
0.282936
1.31456
0.627869
0.497596
0.378119
0.0566083
1.94294
0.241842
0.712017
1.50331
0.658875
0.903352
0.415569
0.517551
1.82935
0.227237
1.92046
0.506549
0.493889
0.0436011
0.736545
0.0822544
2.84224
1.20223
0.502908
0.679772
0.859612
0.636293
1.18252
1.42483
1.69116
0.110739
1.22813
0.0958317
1.46302
0.841626
0.0375708
0.256217
1.87756
0.313395
1.01226
0.0240633
0.655975
1.39029
1.76466
0.797605
0.0209247
0.087272
0.989113
0.0257262
1.18786
0.0421381
0.802091
0.161653
1.6176
1.56221
0.198909
1.96896
0.0867318
0.162561
0.840498
0.95335
0.0149377
0.704306
0.0613809
0.723502
0.138118
0.163497
3.68884
0.868601
2.05973
0.0235994
0.213617
0.439294
0.355824
0.613868
2.90324
1.4873
0.314537
0.625574
1.5105
0.598235
0.0551361
0.0288966
2.41701
0.963494
0.299342
1.51694
0.0984859
4.37893
2.60906
1.89144
0.284088
0.665957
0.232336
0.661939
1.12932
2.2967
0.186497
2.39277
1.53811
1.80088
0.838699
0.387677
0.202642
0.527245
0.721902
1.79301
0.556682
0.0400141
0.502533
1.70311
0.0111914
0.319802
0.649089
0.480411
0.540765
1.39479
1.61789
1.87685
0.00873277
3.332
0.455856
2.04264
0.521209
0.082591
0.476373
0.658034
0.0638978
4.10871
0.895356
0.645221
0.391308
1.37972
0.327135
0.626148
0.163144
1.82011
0.308121
0.114824
0.390961
1.51791
0.135819
0.971609
0.887857
0.0161843
0.167574
0.373952
0.774056
2.87777
0.247056
0.677209
0.881089
0.783723
0.0293895
0.305471
0.297426
0.621868
0.821936
0.4072
0.011467
0.450702
0.204274
0.855319
0.28941
0.131522
0.241621
0.603633
0.343174
2.31482
0.682217
0.12177
0.627194
3.15561
0.163346
0.850058
1.30892
1.30402
1.28512
0.768481
0.0360706
0.287949
0.389541
1.08094
0.288359
0.232439
0.03553
0.972368
1.15638
0.756849
0.0591808
0.263396
0.671954
0.596945
0.97064
2.13764
3.57445
0.982474
5.03491
1.28566
0.775686
1.42949
0.234546
0.155918
0.735048
1.10853
1.53435
0.0520549
0.239511
0.0530723
1.74506
0.0809328
0.590196
0.284623
0.848575
1.99817
1.00238
0.56745
1.03899
1.44353
0.636976
0.754179
1.77049
0.577511
0.238893
0.47588
0.0133085
0.730098
2.40576
0.555939
0.896731
0.525505
0.962252
0.621831
1.45469
0.219667
0.997049
0.433839
0.367851
1.84503
0.210686
1.26726
2.59263
0.226157
0.517894
0.233171
0.901821
0.374387
0.628548
0.160894
0.57997
0.347653
0.915563
1.07859
0.0181202
1.48618
2.93871
1.95886
0.286801
0.194544
0.12781
1.08777
1.17184
0.100351
0.0351431
0.974361
0.204169
0.93865
1.03535
0.753944
2.78516
0.128292
0.241255
0.69884
0.525259
0.667949
1.58763
0.903442
0.927151
0.0525355
2.98157
0.491571
0.00501456
0.0479121
1.06679
1.37238
0.965956
1.84748
0.72415
3.47951
0.107628
2.15536
0.269821
1.27468
0.535621
0.0978669
0.0548068
1.59183
0.642997
0.0647352
2.60595
0.164398
0.608691
1.16194
0.651195
0.952742
3.04033
0.0214912
1.36952
2.12789
1.28583
0.119829
0.831911
0.152168
0.174367
0.542402
0.363285
3.84875
0.373935
0.0315102
0.720907
2.29865
0.116107
0.496279
1.40899
0.406314
0.657807
0.236501
0.968913
0.814291
5.37141
4.15938
1.40352
0.675903
0.647454
0.629954
0.304518
0.769168
0.182269
1.34499
0.594561
1.15498
0.217851
1.10742
0.454832
0.502901
1.19678
0.855993
1.95059
1.2786
0.556584
0.298451
1.35586
1.01948
0.262995
0.222217
1.0654
0.714571
1.34316
0.0403042
0.290754
0.299535
1.8128
0.384336
0.369146
0.958839
0.467994
0.308385
0.899007
0.37472
0.720675
2.20294
1.75017
0.260192
0.697895
0.218721
1.25724
0.474089
1.05343
0.790393
2.61763
0.506096
0.0715852
0.658257
0.421968
0.936051
0.322286
0.245809
0.432435
0.318446
0.107656
1.37414
2.15434
0.694606
0.247988
1.17632
0.273799
0.565976
1.88624
1.49982
0.121375
0.320039
0.684963
0.998054
0.0321585
0.124254
0.471829
1.02972
0.684757
4.50814
0.0866548
0.226931
0.176727
0.572748
0.489778
3.49223
1.07003
0.266147
0.107937
0.0578317
4.28648
0.248689
2.25465
0.469863
1.13908
0.333698
2.57004
2.97854
1.73806
0.343408
0.159897
1.96283
0.18545
0.244254
0.129316
1.46823
1.50806
0.563836
1.24798
0.944174
1.46315
0.570131
0.509161
0.123324
0.0781469
0.355602
4.7098
0.38173
1.48702
0.646893
0.912224
2.92102
0.0621946
2.45198
0.880413
1.04373
1.62896
1.99445
1.33409
0.0912752
1.23652
0.192475
2.69553
0.0635257
0.0964019
0.0220412
1.02042
0.964077
0.722402
0.164914
0.481313
0.781005
2.34394
0.0503077
0.204717
0.354231
3.0409
0.845326
0.728657
0.269741
1.69991
0.349396
0.55508
0.355921
0.496781
0.0826042
2.50562
0.339816
0.164179
0.357655
2.65101
0.816809
0.275916
0.600073
1.56895
0.522995
1.23929
1.27492
0.805088
0.000525459
0.55341
2.27299
2.73499
2.41692
0.183971
0.382812
0.83787
1.77114
1.88603
0.12673
0.424248
0.0957973
2.54719
0.0634422
0.788141
2.27371
0.538227
0.995027
0.598874
1.82606
0.043059
1.20529
1.39153
3.27796
0.472237
0.210947
0.522977
0.582135
0.0634194
0.00615755
2.3062
0.471524
0.325249
3.83144
0.239909
0.557818
1.46715
0.0987625
0.100328
0.455114
1.11071
0.402973
0.616535
0.220577
2.64426
2.5267
0.713689
1.2414
1.73646
0.720241
0.655959
5.46881
2.06754
0.168685
3.0149
0.130432
0.205725
0.0633988
0.455157
0.755506
0.37865
0.210759
1.68549
0.114091
0.103869
1.52909
1.91714
0.285044
0.461408
0.00808067
0.162377
0.746252
0.425541
0.539294
0.619516
2.1119
1.57754
0.095076
0.770191
0.445846
0.750789
0.465358
0.480254
0.588388
1.32909
0.47386
0.385846
0.776556
2.80264
1.59037
0.965478
0.548276
2.42463
0.925686
0.436242
1.94938
1.16301
0.64158
1.17055
0.212127
0.0539512
0.0796021
2.05854
0.185881
0.0809921
1.50324
1.30279
0.325264
1.20107
0.126437
0.427582
0.217766
3.62342
0.0324394
0.391347
0.235181
4.20904
0.0291757
0.302294
0.269695
1.50252
0.24954
0.903754
0.0656518
2.37119
0.590505
0.926201
0.121864
3.39648
0.00526735
0.0633037
3.33814
1.40877
0.700119
0.967057
0.800628
1.14135
0.607869
1.28096
2.64125
2.17281
0.0725267
1.54148
0.0265616
1.50673
1.63637
0.524907
0.704575
1.53732
1.36849
0.471886
3.64701
3.51838
1.97527
3.04551
1.12501
0.758214
0.0778986
0.0615491
1.95424
0.182889
0.63337
0.00802932
0.507029
0.176107
1.13331
2.84075
0.442904
0.0120325
1.0348
0.595059
0.0916736
0.210716
1.1093
0.229685
0.628864
1.25371
0.960167
0.20781
0.108415
0.912894
1.95535
0.0876984
1.98186
1.43421
0.12415
4.57038
0.0888123
3.22645
1.37161
0.318446
0.434498
1.90609
1.39205
0.465956
1.15074
0.0526057
0.457611
0.0839803
1.00523
0.656694
0.32354
0.0606341
1.69925
0.343201
0.496181
1.00397
2.62353
0.021009
3.00682
0.893241
0.216392
1.04857
1.65308
0.29396
0.424567
1.60167
0.00466889
1.19617
0.382053
0.343071
1.5896
1.5037
0.0762137
1.46746
0.721891
1.59746
0.986351
0.125406
0.109834
5.76896
0.876491
1.04772
1.11953
0.931734
1.78702
1.11518
0.655431
1.23416
0.26361
0.0557325
0.948666
0.281118
1.50084
0.416562
0.297538
2.05783
0.858669
0.158878
0.645027
0.622582
0.587533
1.32082
0.312924
0.342579
1.47212
0.807499
0.687122
0.974631
2.32249
0.275775
1.47381
2.47804
0.29979
2.41004
0.322777
2.9238
0.10914
0.349908
2.80524
0.492662
2.02984
0.324092
0.388048
0.21988
0.763073
1.00604
2.23984
1.26737
0.179553
2.24984
0.35291
0.547081
1.16831
0.0152526
4.76524
0.195486
1.07726
0.286409
0.148886
1.13377
0.379297
0.252043
0.475911
0.510846
0.139228
0.305593
0.571197
1.55522
0.241275
3.82333
0.582396
0.570301
2.09874
0.862881
0.119148
0.0327304
0.260761
0.499824
2.71746
0.0840076
0.382961
0.412507
0.719242
0.60314
1.57282
4.7748
0.0973825
0.22961
1.37819
1.12648
0.728603
3.86262
0.0848727
4.14923
0.040987
2.83559
0.771945
0.183779
0.329972
2.26546
0.660004
0.67383
0.224465
1.09782
0.453861
2.70765
0.830683
0.493366
0.945992
1.14966
0.386541
0.659782
0.449263
1.41242
0.622861
1.80172
1.00501
0.633111
3.40348
0.806048
0.349744
1.00606
0.957856
0.379664
0.103659
0.252147
0.150773
0.0850434
0.0316016
0.663535
1.06996
0.56367
1.80998
0.440148
1.53772
5.22821
1.06665
0.508066
1.88615
2.12197
1.71078
0.0357542
0.947911
0.582967
1.01702
1.47658
0.489074
0.769162
0.117998
0.275169
1.14797
0.116737
0.515908
2.82413
2.32601
1.36967
0.275016
0.75768
1.20055
0.0538591
0.876338
0.703541
0.135086
0.600563
0.58563
0.462242
2.04032
0.252392
0.0795303
0.579291
0.903224
0.512679
0.356419
1.10752
0.850796
0.277682
1.57899
0.346944
0.871997
0.179116
0.326742
0.401344
1.83449
0.0368159
1.35207
0.356972
0.262642
3.9155
1.05199
3.74038
2.7244
2.82925
1.19383
0.0641469
0.0505594
0.81455
0.113583
1.73133
2.88596
0.982663
0.461711
0.918868
0.869052
1.87683
0.266884
1.14523
0.602371
1.35553
0.591094
0.0518237
0.159008
0.807882
1.35506
0.600856
2.0364
0.924314
0.518157
0.0174183
0.0714348
1.11327
0.0476261
0.150256
0.015238
0.473808
0.483993
1.31724
1.30736
1.14014
0.537507
0.575863
3.12849
0.352745
1.36605
0.703811
0.272653
0.250699
0.633567
0.207207
3.40009
0.216095
0.269029
1.23808
0.337224
0.0172101
0.37407
1.11352
1.4974
0.366293
2.3213
0.776521
0.0381443
0.915749
0.0303327
0.964021
0.0122577
1.3751
0.0360648
0.127241
0.997757
0.0278917
1.03943
0.0185806
2.38411
0.324358
0.816871
0.214506
4.21092
0.160833
3.17113
0.558361
3.47834
0.102156
0.299178
0.864598
0.206951
0.255754
2.47086
0.344922
0.405666
0.289067
0.330324
1.84321
1.49587
1.40699
0.523234
4.55613
0.0459036
2.60585
0.189076
0.258756
1.10129
0.186271
0.56659
1.64955
0.498481
0.590748
0.988884
1.59215
0.461134
1.50202
1.23069
1.83879
1.71875
0.0676172
2.14087
2.23967
0.629928
1.4074
1.44371
2.74972
1.26174
1.65337
0.484823
1.01577
0.135048
0.386576
0.72787
0.260458
0.972527
0.774325
0.0787407
2.50413
0.814629
0.329525
0.206317
0.816567
0.0827909
0.220809
0.200536
0.797674
0.0435109
0.0957579
0.270202
0.0908959
0.602972
1.29478
2.93525
1.19167
0.216657
0.315226
1.51718
1.90652
0.883534
0.803413
0.267111
0.578628
1.01342
0.804994
0.8283
0.918187
0.195893
1.35215
0.362627
0.599556
0.292338
0.737715
0.327299
0.371556
0.153561
2.14974
0.572197
0.14401
0.792237
0.947115
0.769474
0.0395225
0.135774
1.01269
0.422385
0.350403
0.641978
0.447809
0.335401
0.542037
0.953329
0.618033
0.820409
0.58176
0.490668
0.823818
3.19987
5.83428
1.63733
0.744973
0.0957168
0.123325
0.584295
0.864662
3.87893
2.18089
1.00565
0.0271539
1.65211
0.448521
2.61722
0.699156
0.789144
1.32111
2.19985
0.258984
4.27147
0.376207
0.928072
0.0265976
2.72559
2.06872
0.607633
0.510394
0.590777
0.284108
0.144552
4.20549
1.13358
1.37807
0.201243
0.794628
0.986942
2.95429
0.1187
0.422495
0.161842
0.0986879
1.64434
0.382709
1.45026
0.211418
0.171005
0.073062
0.135901
0.3306
1.27261
1.46752
0.159896
0.384126
1.67613
1.64737
2.59771
0.277467
0.180158
2.05233
0.133009
0.56599
1.49143
0.844112
0.943608
2.17512
1.18223
0.664531
0.25213
0.74749
0.210877
1.39016
1.20274
1.00421
0.471993
0.472914
0.355221
0.0855076
0.501913
1.09271
0.812851
1.35622
0.476551
0.442711
0.22574
0.0475819
0.79367
0.841413
0.599446
0.658254
0.0643339
0.0451547
2.21787
2.76037
0.143244
1.02836
2.69106
2.09376
1.38379
2.36066
0.440026
1.99637
0.295146
1.38241
1.60838
1.30882
1.31906
0.343456
0.0386843
1.16216
0.0499626
3.82155
0.727958
3.09699
2.93151
2.6578
1.31155
0.225014
0.434667
2.62457
0.536949
1.82492
0.0392989
0.0506129
0.174049
0.358684
0.0701102
0.657468
0.645068
1.62633
0.3555
1.10911
0.920242
0.47648
0.380647
0.576036
1.89089
0.6212
0.101296
2.60414
4.93958
2.07729
1.11615
1.35639
0.923666
0.404486
0.0602403
0.355742
0.0204831
1.90491
0.361917
0.401649
0.527859
0.528135
0.370076
0.812522
1.04206
1.32771
2.24904
0.898522
0.120083
0.0203569
0.773751
1.93681
0.586876
3.06638
1.08266
0.418225
0.2274
1.68706
0.964633
0.0131859
2.69362
0.0959891
1.11993
1.73818
0.398704
0.966871
1.81422
0.241889
2.85055
0.512805
0.0218754
1.52796
2.86285
2.59122
0.951978
0.961538
1.17831
0.0189213
0.146585
2.07442
0.159884
0.303257
1.68508
0.224473
3.57469
0.0822098
1.50572
1.80654
1.08121
0.560513
0.560604
0.00414778
0.499457
0.0625109
1.87683
1.26833
1.04766
0.930871
0.730443
0.58625
0.239808
0.172762
0.289166
0.248884
2.63359
1.30479
1.96332
1.56129
1.22278
0.284619
0.887529
1.16519
1.23172
0.240874
1.28378
0.0782179
0.611181
0.0912436
0.425173
1.27184
1.21917
0.0784905
0.98103
1.22105
0.388981
1.68491
1.29179
0.584403
4.1793
1.62872
1.48352
2.09824
0.041378
0.655503
0.0118839
0.763074
0.568859
4.07704
0.235606
0.748863
1.40651
0.521551
1.22153
1.74357
0.169061
0.795079
0.51824
3.56881
1.68764
0.628534
0.352431
2.82355
0.700826
1.77995
0.236578
1.14132
0.434746
0.0671757
1.39658
1.73899
1.40915
0.0920094
1.28927
1.08521
0.161155
0.712734
0.385192
0.275857
1.15808
0.0779625
0.96822
1.87042
0.330266
1.52181
0.369563
0.462986
0.684837
0.533848
0.0335465
0.743795
2.94982
0.30779
2.8901
0.623286
1.11732
3.52951
3.82588
0.566837
1.24094
2.38497
0.323531
0.215379
0.552682
0.345578
1.07787
0.433364
0.211343
0.678785
0.650655
1.64401
0.402529
0.271339
1.70009
0.312141
2.9567
0.23694
0.958234
0.630709
1.61448
0.495816
0.696404
0.049305
3.55013
0.862331
0.207698
0.345512
1.5468
0.832811
0.409125
0.434711
1.42244
2.00324
0.447367
0.634489
0.0468036
1.47302
0.576112
0.0871201
0.773163
1.1695
2.82428
0.943736
3.18124
0.479982
1.28933
0.033416
0.978214
0.182127
0.885536
3.8921
1.01485
2.39977
0.36006
0.916019
0.393283
0.131817
1.5233
1.0043
1.07212
1.58994
0.0836464
0.590736
0.18255
0.302843
0.542982
1.03952
0.389363
2.50694
0.900252
1.50994
0.61967
1.99332
1.35169
0.833462
2.07961
0.145572
0.404088
0.87777
0.689985
1.12601
0.900156
0.0503432
0.69894
0.12973
0.921169
0.839817
1.44278
2.33408
1.14671
0.246105
0.45237
3.76625
0.122659
1.78771
1.27433
2.77041
1.10296
1.1308
0.190042
1.05752
0.143944
0.458441
1.15456
0.450106
0.689657
0.47929
0.156088
0.1087
0.0146337
0.40344
0.398466
0.0802249
0.520557
0.817072
0.314369
0.277574
0.718976
1.52209
0.263368
2.93973
0.605858
1.43293
0.0434433
0.338395
0.122858
0.0175857
1.42551
0.35605
0.514121
1.42212
1.62639
1.9373
0.0345048
0.03346
0.396605
1.51246
4.31746
0.651194
2.11992
0.390519
0.340616
1.15508
1.72198
0.948618
0.703232
0.664172
1.01663
0.423161
0.818817
0.154654
0.97033
0.159855
1.42048
0.864071
0.573096
0.244477
0.144244
2.76536
0.289751
1.21904
0.089645
0.0118263
0.339872
1.51194
0.550346
0.659352
0.261559
0.231962
0.329677
0.808911
1.58759
2.95494
0.0235903
0.444982
0.157384
1.93754
1.23839
0.174564
0.905109
0.972106
0.413345
1.54547
0.532945
0.194888
2.32211
0.424126
0.221736
1.28239
0.172626
1.50862
0.683237
0.19862
0.315201
0.822943
1.07822
0.524672
0.639037
0.27989
1.08123
0.0727005
0.631219
1.55867
0.0164932
0.135293
0.093681
3.17597
0.867764
3.70855
0.137386
0.542792
2.15381
0.10877
0.477001
1.41813
0.223781
0.676179
0.62264
0.00954585
3.19415
0.0980533
0.936833
0.851362
0.613466
0.659425
0.396469
0.0133962
0.703166
1.54051
3.52011
3.87346
0.517945
0.799474
2.68934
1.23059
0.157023
0.109725
0.611673
1.76001
0.344731
1.80415
0.553212
1.06676
0.646849
1.82746
0.213174
0.245344
0.0986324
0.547259
4.28218
1.87149
0.152024
0.751808
1.51669
0.820905
1.38987
0.673705
0.00377391
0.408693
0.071506
0.357944
0.920917
1.75277
0.267815
0.900406
0.232064
1.15727
0.888378
0.750416
1.3481
0.203156
0.28414
2.67083
0.533308
1.49239
0.0609332
0.779913
0.727765
0.186376
0.0111783
0.427971
1.35487
1.10131
0.786025
0.554678
0.275799
0.397035
0.254498
2.65548
1.59951
0.137181
2.02579
2.73903
2.46521
1.45091
1.4805
0.699987
0.514257
0.112808
0.149434
3.43935
0.198281
0.718417
0.301022
0.174166
3.38733
0.0404508
0.742176
1.1581
1.46029
1.24832
1.88822
3.35264
0.834944
0.195184
1.13977
0.479531
0.171792
1.29633
0.238957
0.586815
0.168582
0.357073
1.6581
0.638293
4.4514
0.00295253
1.27188
0.129932
0.217031
0.182559
1.68717
1.03702
0.0849359
0.282378
0.180252
0.564312
0.282146
1.70931
0.627753
0.079059
1.10492
1.67233
0.769133
0.983043
1.43333
0.642217
2.00946
2.28246
0.874893
0.808335
0.504505
4.66575
0.660055
0.15169
1.71057
1.08799
1.56554
0.485131
0.661242
0.903812
0.508392
0.396366
3.26666
0.46884
1.17508
1.23892
0.140819
0.114398
0.295221
0.269255
1.17818
2.0274
0.0926811
0.913471
3.72215
1.50854
0.0770685
1.21399
0.0816411
1.66161
1.13535
0.0174893
0.368697
0.867048
4.54612
1.55701
3.8124
0.450383
0.273245
1.76576
0.19859
1.2904
0.0987555
0.536662
0.9317
1.24501
0.73446
0.42522
0.110871
0.33881
1.24319
1.24268
1.32146
0.0594462
0.0714003
0.212039
1.95494
0.665701
1.34119
1.95366
0.82844
0.531617
2.18648
3.27247
0.630187
0.425101
0.410964
0.110936
0.179256
0.955164
2.93389
1.54492
0.0190264
2.37771
0.412613
0.46977
0.0729411
0.390587
0.12032
0.229866
0.485077
2.47173
0.266427
0.521965
0.459929
0.551724
0.050196
0.0387898
0.463138
0.0304036
0.898035
1.30967
0.227743
0.362281
0.0522617
2.14623
0.157005
3.16958
0.130226
2.72303
0.230389
1.23638
1.119
1.27271
0.0773807
1.06563
0.575952
1.09136
1.86593
0.804812
0.305873
1.26187
0.400467
1.34719
1.96301
0.834869
0.169008
2.80823
0.334379
1.55266
1.50952
0.92664
0.307702
0.00332553
1.03835
2.86281
0.632881
1.21212
1.45661
0.446984
0.187651
1.49747
0.774972
0.211646
0.62558
0.936731
0.576283
1.23826
1.59567
0.361046
1.27085
0.235673
1.1127
1.31238
0.230452
0.10152
2.07499
1.41294
3.4038
1.01613
0.618963
1.14266
2.2871
0.0961095
0.561412
0.699124
0.2027
2.41761
2.40023
0.390855
2.89077
1.94717
1.07345
1.8784
0.472216
1.79915
0.67787
0.645674
1.39529
1.32585
0.40564
0.837607
0.182626
0.830845
0.0513368
1.78761
0.167088
0.76044
3.38623
0.00625402
0.770525
2.86049
0.71098
0.617772
0.587846
2.63633
0.143952
0.888469
0.507599
2.19708
0.818994
3.1678
0.15357
0.747795
0.0442801
0.782951
0.476326
0.872785
0.873863
2.88199
0.138616
0.906631
0.622999
0.404588
4.94004
0.802923
1.12621
2.68808
0.35897
0.30991
1.19477
1.84022
0.0172894
0.613292
0.918365
1.69426
0.310757
0.0540235
0.217246
1.19587
0.819683
0.421956
2.56371
0.255851
3.75771
3.60643
1.77493
0.357599
1.84202
0.573016
0.595269
1.63962
0.601897
0.26754
1.08501
0.0697551
0.2698
0.214223
0.482744
0.133383
0.00208906
0.659814
0.354351
0.249918
0.762671
0.250447
0.445088
0.417429
0.631218
2.81939
1.09999
0.0357913
1.52476
2.63566
1.09692
0.0300902
0.158275
0.537026
0.158169
1.95066
0.480723
0.381169
0.943523
0.980241
0.0587516
0.122316
0.885319
0.637473
0.404014
0.246898
0.00530188
1.76718
0.231919
0.624173
1.52463
0.466573
1.42631
0.532475
0.286236
0.0207688
0.512002
1.29825
0.474946
0.536863
2.83891
0.880129
0.515649
0.225555
6.17852
0.119846
0.14927
2.41442
0.148773
2.12592
0.0167773
0.439648
1.61223
0.310314
1.51597
1.45342
0.753522
2.44122
0.303835
0.215345
3.58895
0.813655
0.474308
0.739659
0.677893
0.756064
0.185241
0.272017
0.804846
0.53506
0.774158
0.285857
0.422415
0.464549
0.563405
2.59502
1.28117
0.130685
0.218397
0.18641
0.648658
0.353688
0.437687
4.76516
0.710683
2.39858
2.68815
0.999741
0.836759
0.174074
0.0933782
1.5171
0.102368
3.67056
0.3334
0.749232
0.268864
0.0243987
0.274319
0.370257
0.374304
0.179372
0.546262
1.13311
0.177178
4.32383
0.526223
2.62107
0.204663
0.505183
4.38714
1.7001
0.230391
4.96523
0.0644311
0.262438
1.65409
1.08738
1.27856
1.57585
0.94203
1.22431
0.538599
0.736615
2.25639
0.576603
1.36156
0.514659
1.5878
0.494053
1.53376
0.769183
0.954461
1.13097
0.110136
1.9988
0.961773
0.0148682
4.15441
0.592776
0.493244
0.241572
0.387647
0.441139
0.347447
0.42284
0.0335879
0.187492
0.421674
0.426296
0.255637
0.291158
0.583123
1.00215
0.493338
2.90828
0.103626
1.04909
0.583771
1.38802
2.11045
1.29603
0.703372
1.54932
0.647665
1.0746
0.352585
0.545724
2.68257
2.09171
0.444111
3.81167
0.846925
3.01063
1.74946
2.02103
0.107844
0.427557
0.0133721
0.0233487
0.464732
0.449767
2.26846
0.191672
2.43616
0.0395728
0.0375567
1.15279
2.25064
0.924962
0.245867
0.0911653
1.21045
1.39331
1.94981
0.912555
0.522016
0.459371
0.254006
4.7894
0.0271323
0.679841
1.63966
1.51283
2.63799
0.19589
0.59955
1.06203
0.131294
0.267997
1.20243
1.90668
1.35795
1.07719
0.118997
0.536056
1.0455
2.70687
0.483683
0.282705
0.102479
1.31925
0.106302
0.0673159
0.935114
0.33022
0.96168
1.60572
1.21857
0.299914
0.884315
4.32173
4.61579
1.08178
0.141612
0.184719
3.99154
0.113632
1.54169
0.350161
0.250266
0.0626415
0.750973
0.409261
0.309056
0.350138
0.34982
1.21144
0.0178526
0.418172
0.00806025
0.0694401
0.594807
2.23023
1.10054
0.909175
1.16378
0.181708
1.03361
1.08754
1.01959
1.2
0.897402
0.610189
0.345438
0.145593
0.0834689
