S
1.06792
0.97486
0.93661
1.02803
1.08224
0.882332
0.893893
0.910272
0.798222
1.08533
0.986383
0.991098
0.964771
1.00808
1.00542
1.22638
1.06197
1.12161
1.03282
0.899471
1.04084
0.949266
1.03396
0.944771
1.0256
0.938368
0.926074
0.961482
1.02908
0.811606
1.03315
0.884076
0.951797
0.934895
1.03699
0.889075
1.06894
0.930885
1.01624
0.994811
1.05421
1.13513
1.16823
0.997579
1.19727
0.985805
0.988954
1.14729
1.09182
1.10919
1.02945
1.09278
1.25863
1.09294
0.773141
0.991944
1.23155
1.04057
1.12267
0.798231
0.919795
1.07764
0.835651
1.05174
0.881619
0.882276
0.896582
0.963209
1.17669
1.1597
0.958219
0.940839
1.23087
1.04982
0.732332
1.13042
0.892457
0.968396
0.962666
0.880989
1.01592
1.03071
1.05888
0.88647
1.01885
0.891466
0.879814
0.86534
1.07441
1.0294
0.912289
1.15018
0.935904
0.971904
0.891801
0.97077
1.14814
0.9727
0.954244
0.942184
1.01689
1.00287
0.88296
1.02897
0.920787
0.924147
0.970424
0.976159
1.02796
1.06796
0.80893
0.876316
0.978632
1.09125
0.951146
1.06063
0.996371
0.981883
1.02506
0.942131
1.231
1.04971
0.954255
1.06424
0.952398
1.01124
1.16058
1.0011
1.04431
0.989237
0.927731
0.910693
1.01652
1.0279
1.13423
1.01336
0.923169
1.07199
1.04692
0.914868
0.830955
1.10664
0.970733
0.883171
1.14538
1.02038
1.1095
0.947738
0.960717
1.09806
1.12789
1.1719
1.0976
1.07207
0.878697
0.851703
0.912638
1.03941
1.00636
0.998949
1.10139
0.985392
0.932206
0.778674
0.977822
0.970914
0.961176
1.04939
0.858678
0.999067
0.914789
1.03609
0.913146
0.873314
0.902161
0.754544
0.966451
0.99831
0.991091
0.799072
0.985173
1.00091
0.905173
1.05468
0.968099
1.06145
0.877962
0.82874
1.01771
1.01293
0.947969
0.88114
0.978871
1.09862
1.00321
0.995933
0.927253
0.976172
1.09773
0.994648
1.06486
0.908481
1.01101
0.932077
1.03386
0.911902
1.09093
0.825627
1.13008
1.0613
0.970556
0.959922
0.969285
1.01712
1.00476
0.918137
0.914837
0.896991
1.05958
1.11965
0.966544
0.923431
0.765304
1.01466
0.994933
1.09492
0.89746
1.09305
0.890936
1.00875
1.08091
0.973183
0.89572
0.84531
0.949259
1.01355
1.13795
1.096
1.19134
1.04433
1.03123
0.984662
1.08565
0.973858
0.96392
0.963577
1.01942
0.9192
0.988062
0.988003
1.0807
0.973191
0.902194
1.03534
1.0428
0.886593
1.00714
0.930343
1.08179
0.987517
1.01208
1.00279
0.897288
1.3131
0.753096
1.07991
0.996179
0.927808
0.97318
0.996367
0.923489
1.09244
0.991387
1.03059
0.934482
1.14667
1.04365
0.998693
0.895453
1.03847
1.03823
1.00209
1.1334
0.837303
0.787816
0.853394
1.12954
1.11043
1.01706
0.869178
0.779848
1.17524
0.982734
0.807808
1.05029
0.909219
1.19699
1.09512
0.926409
0.968475
0.840257
0.99054
0.997239
1.1521
0.92072
0.91371
1.04601
1.09558
0.961785
1.0306
0.943599
1.0298
0.975318
1.01899
0.889177
1.22684
0.863916
1.03154
0.804934
1.11448
1.11569
1.02493
0.991544
0.946414
0.886237
0.868
1.00343
0.843988
0.829222
1.16578
0.956861
0.868513
0.886589
0.89278
1.17015
1.1306
1.06441
1.0241
0.96556
1.01931
0.957293
1.00406
1.03917
1.09985
0.969729
1.04271
0.878337
0.907345
0.864889
0.941087
0.909557
1.04699
1.06838
0.90386
1.08063
0.990231
0.931875
1.11298
1.00872
0.91684
0.839099
0.916105
0.764573
1.05485
1.1082
0.979908
0.913093
0.993809
0.97484
0.893527
1.15624
0.824443
1.15891
0.916644
0.913178
0.859276
0.964085
1.14455
0.999701
1.13117
0.92191
0.919652
0.938098
0.924651
1.09929
0.910672
1.12496
1.10637
1.11499
0.890967
0.936725
1.01635
0.954677
0.90187
0.912574
1.39352
1.07401
1.00959
1.08118
0.831002
1.10858
0.802934
0.989145
1.10805
1.09359
0.874994
0.949361
0.95852
1.1326
1.00083
1.02593
0.877926
0.967244
0.949763
0.997988
0.936601
0.816526
1.00778
0.86293
0.980323
0.960116
0.873401
0.828318
0.863024
0.981029
1.0912
0.932696
0.999783
1.01918
0.892447
0.961717
1.02518
1.18954
1.0556
0.846575
1.13705
0.912447
0.966457
0.908839
1.14774
0.96896
1.00415
1.05331
0.981626
0.996533
0.971665
0.991396
1.05515
1.14558
1.05244
1.05235
0.947286
0.826629
0.952023
1.04396
1.00119
1.02383
1.11424
0.814162
0.969701
1.08852
0.930602
1.04031
0.937099
1.09632
0.926469
1.1195
0.991661
1.11303
0.916697
1.04208
0.980569
1.0968
0.967033
1.13101
1.047
1.01737
0.975771
0.951973
1.03291
1.09984
1.1024
1.07639
1.01593
1.05298
0.958556
1.02384
1.02755
1.10998
1.06982
0.963184
0.982963
1.07631
1.04087
1.02223
1.21452
1.09046
0.935593
0.888874
0.981235
1.0891
1.2139
0.820388
1.03511
0.967805
1.01732
1.12461
1.12082
0.881708
1.05326
1.00293
1.13725
0.971871
0.854367
0.998622
0.887588
1.01665
0.921367
1.01731
1.18932
0.976424
1.11172
0.978199
0.894955
0.912227
0.895869
1.14187
0.962306
0.843315
1.07483
0.96893
0.866013
0.883679
1.05215
0.977722
0.803865
0.838669
0.954738
0.990011
0.993164
0.951241
0.998469
1.09715
1.03484
1.11649
0.950271
1.07036
1.20207
1.01064
0.95563
0.960843
1.06014
0.835923
0.887614
0.883192
0.979911
1.13671
0.929998
0.933334
0.968249
1.12166
1.01243
0.98943
0.94467
0.960234
1.04032
0.939208
0.975956
0.950536
0.923037
1.11848
1.13433
0.966415
0.816142
0.966095
0.960595
0.857678
1.01317
1.02328
0.9722
1.08362
1.09218
1.07494
1.11023
1.02734
1.04453
1.13579
0.903551
1.11286
0.988448
1.03316
0.986122
1.10506
0.982645
1.12242
1.10545
0.975716
1.1308
0.815954
0.934302
1.02845
0.994959
0.97811
1.19343
1.00925
0.836362
1.02117
0.893846
1.19381
0.910485
1.0079
1.02846
1.07462
0.970025
0.899773
1.04989
1.08284
0.863426
1.14237
1.03944
0.903107
0.982309
1.09183
0.948891
0.92927
0.998769
1.01287
0.873212
0.865832
1.06861
0.866028
1.10229
0.979681
0.943791
1.00067
0.995979
0.999333
1.12999
0.8752
1.0372
0.933183
1.11052
0.873026
0.827058
0.948179
0.941561
1.19831
1.13516
1.06461
0.898479
0.984901
0.947605
0.880635
0.969589
0.812602
1.0642
1.04168
1.00738
1.05503
0.952232
0.974676
0.909306
1.06901
0.967498
1.00581
1.16511
0.978551
0.980498
1.13745
1.05462
1.01141
1.03393
1.06226
0.787068
1.02011
0.814568
0.922049
0.972202
0.775775
0.987176
0.829161
1.13921
0.87284
1.05324
0.824156
0.875576
0.909949
0.91008
1.0778
0.979737
0.896036
0.902988
0.886434
1.10657
1.02656
0.724295
1.18512
1.05344
1.01787
1.11722
1.06435
0.99936
0.827057
1.03628
0.86036
0.882218
0.905251
0.940434
0.986779
0.909142
1.1186
1.00022
0.952445
1.03796
0.949294
1.07109
1.0794
1.22105
1.02654
0.969665
0.964424
0.89886
0.956869
0.899408
0.818366
0.949008
0.973634
1.31058
0.992648
0.935497
0.927095
1.03213
0.72494
0.82418
1.08451
0.982482
1.11056
0.956545
1.06567
1.20187
0.991092
1.05866
0.89556
0.930621
0.993686
1.00345
1.02621
0.983327
0.981414
0.945029
0.960193
0.980357
0.9246
1.0372
1.01635
0.942613
0.997844
0.9995
1.04443
0.897149
1.13363
1.09849
0.979413
1.03349
1.02876
1.05053
1.03086
0.92321
0.926926
1.00471
1.08644
1.03424
0.883473
1.11868
0.949634
0.893764
1.01096
0.932506
0.952963
1.09995
1.03667
0.953715
1.01489
0.891835
0.833071
1.08394
0.987357
1.09107
0.971584
0.959473
1.1451
1.03612
0.972661
1.03099
1.01908
1.10611
1.14645
1.04283
0.990841
1.06753
0.910714
1.12404
1.19715
0.99687
1.01369
0.929744
1.09974
0.866741
0.906942
0.994579
1.05736
1.05757
0.838947
0.978503
1.07451
0.944902
1.02332
1.10093
0.898211
1.01467
1.07193
1.016
0.956612
0.942178
1.02856
1.042
1.29042
0.79546
0.902692
0.993149
1.07726
0.916423
0.963188
0.977256
0.912395
0.928324
0.911461
0.919732
0.929308
0.935837
1.06854
0.963993
0.763319
1.0218
0.956765
0.975919
0.868653
1.02307
0.774583
1.11404
1.04343
1.10409
1.02184
1.01363
1.02545
1.0048
1.00064
0.845977
0.857548
0.907984
1.00203
1.02184
0.801924
0.861356
1.03903
1.06218
1.15972
0.980767
0.956274
1.10353
0.98961
1.06617
0.918459
0.863139
1.0688
0.918431
1.15664
0.97813
1.02891
1.03937
1.36362
1.0145
0.888634
0.903335
0.971983
1.07237
0.891472
0.964476
0.910528
1.0304
0.970699
1.0232
0.993949
0.929611
1.17029
0.924242
0.650624
0.82009
0.834403
1.01616
1.01546
1.16457
1.04368
1.11702
0.90731
1.02612
0.907933
0.966226
1.2031
1.17425
1.09027
0.752742
1.00638
0.962721
1.09161
1.0484
0.961967
0.897833
1.02441
0.943728
0.911076
0.941333
1.24748
1.12647
0.797989
0.904772
1.06406
1.06366
0.989371
0.906071
0.961453
1.00213
0.963111
1.09936
1.1148
1.07516
0.936765
1.01129
1.05521
1.10899
0.854532
0.879102
1.04592
0.923862
0.91911
1.16729
1.15031
1.0764
0.904098
1.05679
0.866577
0.973637
0.906728
0.921648
1.12684
0.970956
0.949815
1.19154
0.902852
0.946458
1.26888
1.0353
0.847955
0.891532
1.01198
0.933421
0.885508
1.07648
1.02931
1.03104
0.974641
0.875581
1.17795
1.09566
1.02025
1.05167
1.12846
0.928638
1.04993
1.05229
1.1052
0.951648
1.11357
1.06286
0.98673
1.0916
0.892629
1.09936
1.21926
1.03037
1.21889
0.872488
1.13189
1.01607
0.991278
0.99734
0.975332
0.998616
0.935806
1.0164
1.07608
1.14631
0.779827
1.15352
0.980061
1.18184
0.880828
0.911125
1.22384
0.98901
0.956094
1.22038
1.06212
0.885867
1.10379
0.91786
1.20437
0.875548
1.04165
1.06098
0.904654
0.926522
1.07261
1.32508
1.03389
1.04697
0.896993
0.945671
0.827916
1.10988
1.06577
1.08641
0.979021
0.995553
0.927626
0.894854
1.02497
0.980692
1.02842
0.856641
0.840722
1.02305
0.804424
1.13325
1.08076
0.97447
0.960887
0.935306
1.1093
1.01299
0.858032
1.04693
1.04627
0.882766
1.05447
1.07679
1.08676
1.18545
0.946916
1.04489
0.951327
0.936702
0.933024
1.01964
0.961797
1.01217
0.966252
1.02777
0.788538
0.876178
0.85502
1.22032
0.95864
0.847509
0.939284
0.975383
1.09832
1.0755
0.850545
1.10883
0.978623
1.10238
0.924428
1.1171
0.864028
0.934744
0.941785
0.924094
0.989789
0.878155
0.874875
1.03692
0.943993
0.845021
1.00554
1.12097
1.24254
0.961261
0.902419
1.11601
1.08943
0.925082
0.918598
1.02224
1.10057
1.05924
0.901833
0.958775
1.04311
1.04773
1.21733
0.925052
0.866085
1.00856
0.854159
0.881554
0.911697
1.09833
1.06353
0.881169
0.902466
1.22505
0.965442
0.960833
1.04508
0.995036
0.961114
1.01635
0.899548
0.835046
0.972594
1.01199
1.34475
1.07911
0.940283
1.06314
1.01725
1.15729
1.07736
1.0279
1.07111
0.925399
0.890234
0.906891
0.971608
1.01887
0.934189
1.07887
0.972286
0.987249
0.910964
1.09039
0.945639
1.03271
1.00495
0.833194
1.15228
1.02657
1.11733
0.923889
0.919712
0.953476
1.0584
1.10001
0.873574
0.860794
0.937241
1.17248
1.01155
0.853201
0.936854
1.02776
0.974784
1.08409
1.12622
0.917969
1.18548
1.09812
1.09556
1.0039
1.13386
0.944727
1.02852
1.05613
1.08532
0.89063
1.03022
0.967263
0.974713
0.858898
1.07867
1.07474
0.8408
1.26174
0.998816
1.01173
0.829603
1.10607
1.11263
1.06622
0.956974
1.04663
1.00659
0.879354
0.919172
0.856993
1.00546
1.10224
0.914785
0.975924
0.929988
1.10676
0.787066
1.09061
0.998677
0.979274
1.02654
1.00513
0.905691
1.00723
1.00941
0.902548
0.915538
1.13686
0.976996
1.03465
0.954735
0.857833
1.06336
0.853884
0.944789
1.22148
0.93513
1.04215
1.08134
1.14935
0.935905
0.999275
1.05126
1.12759
1.1473
1.04395
1.06644
0.88684
1.05863
0.931515
0.996697
1.01041
0.919431
1.1166
1.1741
1.11679
0.917389
1.04638
1.08371
1.02835
0.910274
0.988689
1.06574
0.947287
0.931159
0.912896
1.22649
1.08836
0.929813
0.971064
0.990233
1.06359
1.09295
1.00151
1.10547
1.00077
0.900942
0.984493
1.08446
1.07082
0.998349
1.04659
0.936093
0.931681
1.02492
0.853971
0.967362
1.03636
0.870657
0.908781
0.956433
0.979592
1.00252
1.06366
0.896301
1.05647
0.961871
1.02718
0.958601
1.13957
1.0142
0.936856
1.05206
1.11658
1.09166
1.1521
1.06524
1.10274
0.924747
0.986407
1.16089
1.0761
1.09679
0.89171
0.953019
0.948862
1.03159
0.982422
1.14895
0.936094
1.07181
1.2002
1.12615
0.938616
0.949118
1.04332
0.953343
0.948116
1.02577
1.04829
0.923148
1.10247
0.870469
1.03409
1.2543
1.06163
1.20229
1.09666
0.906961
0.978982
0.896254
0.967936
1.09233
0.954964
1.15172
0.899286
0.921113
0.890822
1.0069
0.911335
1.14454
1.08046
0.795799
1.21083
1.12327
0.883426
0.993355
0.940191
0.901423
1.06772
1.09004
0.941577
0.911773
1.14883
1.21356
0.993368
1.04819
0.932891
0.90872
1.04607
0.997111
0.846169
0.905618
1.02078
0.991534
0.920954
0.97217
1.01396
0.865184
1.11904
1.12347
0.72029
0.907643
0.936303
0.923845
1.06349
1.11462
0.859417
1.10896
0.876613
0.998943
1.05348
0.926997
1.01463
1.07287
0.886356
0.931095
0.937282
1.07203
1.29836
0.993933
1.0176
0.993102
0.917978
0.879323
1.06767
1.06768
1.10156
1.07621
1.04065
0.953957
0.981949
0.950703
0.974177
1.12751
0.970925
0.891973
1.09954
1.0211
0.993671
0.832207
1.13596
1.12181
1.00571
0.947811
0.881559
0.915151
1.07147
0.980202
1.0331
1.19866
1.00188
0.991228
0.910889
1.03147
0.833038
0.954341
1.00702
1.07392
0.933341
1.10136
1.02566
0.954082
0.870681
0.972174
1.04282
1.00418
0.831315
0.94521
1.09649
1.0181
0.980561
1.04696
0.934471
1.0163
1.18866
0.817113
1.0913
1.10649
0.98672
0.810337
1.09909
0.905876
0.962037
0.944598
0.977934
1.10333
0.959688
1.00627
0.946791
0.857068
0.76619
0.940339
1.07835
1.00527
0.914369
0.956331
1.0604
1.0363
1.22205
1.04537
1.00421
1.12979
0.999135
1.02455
1.00424
1.05098
1.03735
1.02763
0.915376
1.05196
1.04655
0.913995
1.03557
1.13353
1.0504
1.12624
0.912072
0.834643
1.20392
0.958466
1.0745
0.82099
0.908493
1.2076
1.09938
1.08385
0.975293
0.878766
0.976825
0.898941
1.11964
1.04045
0.923485
1.13741
1.06091
1.18325
1.01418
0.988278
1.10224
0.94186
0.864893
1.12696
1.164
0.971756
1.05103
0.942724
1.12172
0.957303
1.06419
0.890424
1.015
0.77752
0.997528
0.896643
1.07167
1.08015
0.974022
0.98148
1.01675
0.831317
1.05948
0.936233
1.04353
0.988825
0.980891
0.78314
1.02447
1.04423
1.03205
1.04209
0.899005
0.975936
1.14573
0.834197
1.20373
1.19849
1.02211
0.864897
1.06521
1.07208
0.920758
1.12596
1.00112
0.968783
1.11969
0.962708
1.05442
0.894793
0.988377
1.08853
1.05811
1.01716
0.979053
0.891101
0.789774
0.916648
0.867909
0.97185
1.18533
1.07469
1.01458
1.02015
1.05695
1.11628
0.958872
1.01908
1.07626
1.01066
0.779619
1.08627
0.893074
1.20853
0.959113
1.03286
0.998048
0.970874
0.919409
0.929862
0.994925
1.147
0.938641
0.992586
1.08566
0.99173
1.16993
1.13066
0.991578
1.09371
1.09543
1.02141
1.03545
1.12243
0.901134
0.964803
0.896195
1.07296
0.879763
1.12566
0.88483
1.04079
0.887648
1.00934
1.08744
0.930527
1.06041
0.957044
1.19197
0.954214
0.914801
0.79486
0.849237
0.99233
0.967202
1.00659
1.0746
0.860959
0.909669
1.0362
0.849079
1.02504
1.14114
1.03756
1.06934
0.983081
0.988396
0.865017
1.1778
0.976528
1.26883
0.951138
1.0725
1.01108
0.93601
0.954249
1.0096
0.933509
0.917444
0.999949
0.95834
0.951142
0.974276
0.893018
0.972405
0.983867
1.23257
1.05631
1.12771
0.977491
1.03064
1.04418
0.866772
1.01051
0.986975
0.919171
0.814493
1.03074
1.21174
0.958462
0.991242
0.890123
1.00031
1.25986
1.04241
0.935172
0.892036
1.15908
1.1337
1.03603
0.933253
1.0835
1.25722
0.943143
1.05076
1.1045
0.960233
0.896883
0.966641
1.21653
0.915416
0.919855
0.986227
0.90245
0.90452
0.964709
1.38879
1.14899
0.881291
1.03422
0.951237
0.957498
0.890932
0.949931
0.999717
0.820422
0.9756
1.11559
1.05944
1.01417
0.977337
1.04469
1.16047
1.12025
1.04154
1.06408
0.956191
1.13345
1.05777
1.0157
1.17888
1.08857
1.18508
0.89681
0.988539
0.801515
1.0333
1.12793
0.963907
1.01313
0.947589
1.17197
1.07247
0.787191
1.06424
0.869778
0.878199
0.912835
0.901713
1.07651
0.922746
0.899934
0.969277
0.888185
1.08766
1.03361
0.899888
1.24324
0.863681
0.976746
1.07865
1.02428
0.947216
0.935627
1.02846
0.887387
1.05712
1.13691
0.998505
0.866239
1.03962
1.01761
1.08281
1.01246
0.946803
0.887113
1.08693
1.16653
1.03887
1.05527
1.0524
1.16731
1.03545
0.809146
0.996817
0.931343
1.01367
0.905667
1.00967
1.02438
0.990693
0.980901
1.15322
1.02016
0.933075
1.02826
1.09025
1.07518
0.976674
1.14282
1.11905
0.782771
1.05226
1.0228
1.00122
0.849353
1.11932
0.931971
0.946386
1.02839
1.15666
1.01514
1.07101
0.840169
1.00734
0.903536
1.02292
0.714732
0.894342
1.20727
0.990756
0.959526
1.01169
0.887519
0.894146
0.914495
0.967778
0.868218
0.969762
1.0155
0.934304
0.892332
1.00728
1.05691
0.909828
1.04298
0.878776
1.01032
1.03844
0.922917
1.00431
0.878919
1.01813
1.0728
0.74541
0.944636
1.05715
0.963101
1.01071
0.869162
0.891246
0.935674
0.9266
0.89752
0.995252
0.894673
0.970099
1.18201
1.15707
0.839659
1.0412
1.07244
1.0204
0.951582
0.859383
1.07599
0.929644
1.0574
0.938069
1.01524
1.35609
0.86508
0.96463
0.906437
1.0145
1.01727
1.04447
1.15423
0.751997
1.1242
0.963767
1.02866
0.976745
0.929746
0.887976
0.951332
0.875383
1.04259
1.13812
1.05448
1.05272
1.08835
0.875963
1.05046
0.99239
0.902848
1.10473
0.911543
1.03573
1.03045
1.05092
1.13833
0.982757
1.2113
1.02703
0.830164
0.893675
1.03261
1.0326
1.03662
1.02078
0.894973
1.18777
0.992865
0.913994
1.14675
0.910899
1.05586
1.08688
1.02858
0.97578
0.906392
0.964101
0.974306
0.906411
0.989988
1.10861
1.09597
0.874452
1.08479
0.995722
0.955528
1.16224
0.782544
1.18967
0.976974
0.948585
1.08523
0.969621
0.849583
0.930947
1.02087
1.14735
0.953771
0.957493
0.922023
1.10047
0.910541
1.12054
0.898025
0.944764
0.992975
1.08046
1.142
0.903754
0.98711
1.13308
0.985665
0.953298
1.00569
0.927912
0.873709
1.02964
0.93105
1.01414
1.03175
1.18885
1.09374
1.05503
1.01848
1.10381
0.979298
0.932242
1.10886
0.912346
0.898524
0.992866
1.07007
0.959094
0.982891
0.901446
1.00859
1.18089
0.915196
0.830899
1.07836
1.12747
0.963529
1.00379
1.07927
1.0184
0.932739
0.936144
0.937714
1.06647
1.05745
0.853044
0.929551
0.974137
0.868276
0.844308
0.8264
1.06329
1.07165
1.05759
1.03705
0.939645
0.837374
0.922463
1.11626
1.076
0.851013
1.19416
0.969579
0.849205
1.04888
0.964436
0.99206
1.09248
1.04741
1.01035
1.01688
0.89884
1.04843
1.04508
1.04741
0.919876
1.08108
1.11976
0.927046
1.13786
0.915915
1.05789
1.13637
0.861639
1.05018
0.915057
0.720091
0.792774
1.08413
1.09272
0.933753
1.17037
1.14165
1.16888
1.03367
1.03968
1.04369
1.04374
1.00908
1.02319
1.12017
0.912009
1.00739
0.911347
1.09512
1.07709
0.999045
0.89574
1.1269
1.11691
1.12639
0.881723
0.909605
1.12317
0.960059
0.97727
1.0747
0.935686
1.12081
0.913615
0.997331
1.04415
1.00236
0.847984
0.970151
0.976297
1.06257
1.15833
1.02532
0.868763
1.02256
1.06729
0.923963
1.02112
0.994069
1.01219
0.981402
1.17958
0.952671
0.906633
1.06091
0.912907
1.10666
1.11049
1.12883
0.970174
0.99653
1.07949
0.996435
0.867001
1.09307
0.966905
0.97404
0.950765
1.06996
0.867153
1.00071
1.05405
0.978265
0.9723
0.831106
0.829277
1.01567
0.790019
1.11987
0.987004
0.852901
1.04486
1.03683
1.08672
0.924378
0.908004
0.936562
0.850956
0.95146
1.05679
1.03053
0.89249
1.08543
0.84532
1.01029
0.919823
1.05156
1.1511
1.23176
0.992226
0.928634
0.975243
0.886098
0.961845
0.960114
1.05268
0.836706
1.16945
0.963374
0.928563
0.94605
1.09262
1.04076
0.98677
0.824732
1.05124
0.953282
1.22053
1.00932
0.938832
0.889592
1.07938
1.02123
0.950702
0.897812
0.880603
1.1516
0.819437
0.89067
1.02714
1.12398
1.02317
1.04477
1.17046
0.915142
0.876251
0.837642
0.898021
1.05472
1.02665
1.01104
0.821138
0.958313
0.877524
0.950338
0.933
1.1096
0.977371
1.09598
1.16713
1.04013
0.840877
0.936004
0.919688
0.828728
0.900846
1.00959
1.08177
1.17073
0.931661
1.04955
0.949611
0.928029
0.84128
0.921403
0.796913
1.04373
0.889652
0.96024
0.856302
0.905314
0.94484
0.935331
1.00477
1.06954
1.14794
1.18479
1.0922
0.942355
0.890223
1.03142
1.00921
0.875212
1.08095
0.897872
0.842677
1.14504
1.15988
1.02008
1.08102
1.17525
1.22885
1.07821
0.996567
0.872583
0.917378
0.936259
1.0395
1.08556
1.11652
0.984647
0.821459
0.861746
1.02494
0.961996
1.02258
0.883469
0.958535
1.05289
0.956784
0.91842
0.938456
1.11943
0.934135
1.13406
1.14017
1.02152
1.08338
0.948261
1.05062
0.922023
0.95719
1.05674
1.01899
1.04639
0.95735
1.11619
0.999982
1.12356
0.892887
0.848262
1.28284
1.04587
1.01285
0.994435
1.07041
0.907703
0.945767
1.09515
0.987948
0.987663
1.02333
1.07001
1.06827
0.925153
0.884062
1.01418
0.870008
0.986776
1.06627
0.957248
0.968143
1.09112
0.898495
0.942863
0.99521
1.04
0.916414
1.06584
1.02456
1.07556
1.04453
0.982034
0.995992
1.05877
0.790618
1.11697
1.06937
0.833438
0.930746
1.00634
0.973916
1.03708
1.10116
1.03784
0.991559
0.953683
1.19144
0.906298
0.997598
0.969132
0.995984
1.02397
0.998206
1.10903
0.827063
0.992718
0.972445
0.962522
0.908372
1.19384
0.970986
0.979701
0.958391
1.13846
1.11518
1.11938
0.819402
0.889089
1.07824
0.860597
0.997885
0.943194
1.02811
0.842643
0.986976
1.14423
0.904733
0.921329
1.11167
0.867262
0.857868
0.909436
0.927205
0.968356
0.907052
0.876005
1.01981
1.10194
1.05271
1.05119
1.22191
0.844854
0.972831
0.876271
1.03801
0.850759
1.06222
1.25464
0.851152
0.853085
0.932712
1.05795
0.895534
1.00804
1.05554
1.17366
0.941082
1.01535
0.840283
1.07981
0.913188
1.05943
0.860151
0.895671
0.987293
0.916408
1.13574
1.07955
1.15087
0.85659
1.08272
0.913997
1.14047
1.0785
0.968909
1.01597
1.02194
1.06563
0.96454
0.864368
0.986001
1.0404
1.25394
1.05999
1.12763
1.06129
0.890962
1.0385
0.995206
0.855207
1.05345
1.02575
1.06426
0.969645
1.04773
1.02539
1.13193
1.2459
1.06381
0.886776
0.892145
1.13914
0.881834
0.947126
0.941025
1.05363
0.833722
1.0768
0.875413
1.13512
1.07032
1.00453
0.992129
1.09234
0.982175
1.04822
1.02398
0.958266
1.09056
0.983919
1.11575
0.948825
1.0734
1.18482
1.02921
0.941781
1.16215
1.19659
0.8925
1.00852
1.01264
1.31095
1.00435
1.05865
0.909668
0.983509
1.03778
0.920447
0.879566
1.03707
1.12867
0.893847
0.951164
1.10135
0.913296
1.09926
0.880857
1.0265
1.01256
0.874158
0.902123
1.03269
1.07317
0.920785
1.29891
0.790019
1.11245
0.797753
0.927462
0.947202
0.978214
1.15653
0.855143
1.24338
0.973693
0.955651
0.905445
0.78654
1.03432
0.975756
1.088
0.869674
0.950753
0.931582
0.973076
0.848948
0.990248
1.08287
0.926826
0.689106
0.760581
0.933623
1.1255
0.958422
1.04919
0.921996
0.926128
1.01895
0.945497
0.913895
0.980043
0.946221
1.05901
1.01347
0.865238
0.967477
1.04845
1.04478
0.988122
0.930447
1.07711
0.9405
1.12927
1.19273
0.996826
1.08903
1.09584
1.10346
1.08202
0.913351
0.923845
1.08203
0.924328
0.971953
0.999632
1.01601
1.11338
0.994446
0.964781
1.09035
1.17911
0.953217
0.975942
0.924428
0.936387
1.16381
1.07323
0.969291
0.93546
1.02206
0.877535
0.958741
0.988756
0.96111
0.981047
0.883683
0.852346
0.884907
0.873515
1.02521
0.944033
1.02042
0.826558
0.785094
0.99684
0.962499
1.12286
0.91566
0.964723
0.959529
0.834833
0.965552
1.09933
0.955658
1.06648
1.0896
0.810429
0.991673
1.06954
1.07009
1.04848
1.05981
1.162
0.936468
0.972361
0.989695
1.0568
0.942523
1.22231
0.965031
1.06479
1.03003
1.16027
0.916898
0.959597
0.999864
0.984891
0.795318
1.13053
1.18247
0.999776
1.06845
0.810897
1.02726
0.962729
1.08225
0.998133
1.06727
1.00177
1.0787
0.893643
0.969715
1.20453
0.997849
0.705008
0.951817
1.1118
0.985646
1.08979
0.918094
1.04632
1.04158
1.07199
1.111
0.93113
0.973941
0.94995
0.915456
1.11321
0.929496
0.939656
0.78339
1.05371
1.02426
0.993469
1.06879
1.09459
1.10086
1.29563
1.16323
0.888376
1.04584
0.812707
1.00342
0.940763
0.989246
0.950272
1.07162
1.08426
0.96374
0.840647
0.994709
1.08089
0.868491
1.12318
0.839636
1.09322
0.996437
1.13554
1.15073
1.00091
1.054
1.13787
1.01303
1.10147
0.782214
1.18717
0.96017
0.998116
1.17431
1.02029
1.00098
0.985447
0.880915
1.03652
1.06965
1.18911
0.889493
1.09712
1.03708
0.838764
0.915691
0.980473
0.90137
0.964465
1.20288
1.14438
0.919501
1.17557
1.05095
0.840228
0.966826
1.02784
1.00767
0.811359
0.873944
0.797744
0.993084
0.963191
1.05179
1.0189
0.947258
0.884324
1.07014
0.909439
0.978732
0.96538
0.935611
0.926376
1.04655
0.958416
0.964187
0.798095
0.831866
0.942267
0.91094
1.07408
0.905894
1.12216
0.962028
1.0865
0.954019
0.909421
1.00425
1.12778
0.977652
0.92846
0.910418
1.23337
1.02891
1.16682
0.725008
1.17817
0.959359
1.00166
0.987647
0.78606
0.939975
1.18421
1.11673
1.27868
0.902985
1.2043
0.972185
0.997652
1.11883
1.2114
1.07994
0.888668
0.944645
0.882142
0.940129
1.0397
0.957194
1.03746
0.905518
0.94903
1.0388
0.826797
0.952783
1.01029
1.05638
0.849803
1.05155
0.949639
1.02039
0.922272
0.926854
0.886684
1.16574
1.07782
0.93737
0.9667
1.01418
1.04558
1.03659
1.14349
0.931821
0.988423
1.18186
1.08318
1.11752
0.860123
1.0516
1.09187
1.23985
1.06937
1.03856
0.961575
0.866786
1.0025
1.01357
0.969239
0.951791
1.07141
0.813036
0.848428
0.931684
0.923552
0.990004
0.882602
1.16998
1.09403
1.02699
0.934218
1.17656
1.12461
0.884572
0.906306
0.965101
1.00801
0.972196
1.0019
0.951042
0.880064
0.950219
1.04596
0.964043
1.08534
1.07226
1.19213
0.960272
0.942162
1.00716
1.02479
0.982038
0.825136
1.04803
1.0964
0.916281
0.887358
1.01276
1.02505
0.931981
1.00565
0.982579
0.841668
0.910867
0.990971
0.992152
1.02959
1.00157
1.0437
1.11249
1.01653
0.959408
1.07517
0.943694
1.00677
0.953775
1.04827
0.984287
0.955229
1.09274
1.16088
1.18319
0.943389
0.879552
1.17965
0.875598
1.12061
0.921253
0.857023
0.987316
0.942168
0.991112
0.845015
0.94781
0.967941
0.928776
1.03618
1.20966
0.920086
1.12781
0.8786
0.95283
0.943363
0.869872
0.992189
1.07598
1.05863
1.0812
1.03768
0.844086
1.02802
1.07727
0.889822
0.960252
0.837596
1.05967
0.930405
0.864954
1.01902
0.871861
1.17022
0.891396
1.21742
0.926951
1.1099
0.993995
1.1529
0.957711
1.13708
0.848382
0.995448
1.0299
1.21716
1.19988
0.883798
1.02746
1.05589
0.94316
1.14218
0.955529
1.04123
1.18127
1.14439
0.951888
1.00216
1.04605
1.05266
1.09165
1.05888
1.00076
1.13875
1.02317
1.09196
1.06223
0.92616
0.88602
0.95826
1.0125
0.974429
0.966791
1.25753
0.977357
1.05715
0.969959
1.09598
0.882927
0.966415
0.937495
0.972961
1.06435
0.95546
0.987665
1.01844
1.11821
0.93256
1.03561
1.18532
0.890237
0.916551
0.978269
1.19894
0.829108
1.03661
1.05344
0.920574
0.887981
0.931262
0.962451
0.943714
0.952616
1.08725
1.12858
1.02951
0.913538
0.989825
1.11036
0.968547
1.07552
1.05351
1.05456
1.04929
0.862934
0.717628
0.824831
0.869662
0.914551
1.17621
0.976475
0.87962
0.960802
1.00383
0.902978
1.07699
1.10487
1.00849
0.90991
0.904998
0.955174
0.962727
0.928933
1.01586
1.06004
0.940978
1.07007
0.845597
1.13055
0.96578
1.13083
0.914359
1.27311
0.886499
1.05007
1.02809
0.967827
1.143
1.05797
1.03113
0.944422
0.966472
1.08139
1.06881
1.02896
1.01978
0.851196
0.966478
1.04739
1.14133
1.01197
0.898081
1.03966
1.06025
0.924518
1.0295
0.93126
0.894793
0.868402
0.960809
0.9506
1.02778
0.937212
0.901243
0.863493
1.11751
0.949937
0.944054
0.97902
1.18053
1.08428
0.901756
0.984021
0.932381
1.10014
1.00151
1.13869
1.09967
0.992424
1.05631
0.979033
1.0363
1.12522
0.991212
1.18754
0.969757
1.03965
0.941373
1.17784
1.01335
0.825588
0.894949
0.957941
0.915465
1.09274
0.967624
1.04865
0.842468
0.937109
0.957739
0.940074
1.0322
1.08633
0.950458
1.14323
1.02929
1.0143
1.05012
0.923848
0.94205
1.0325
1.00625
1.08643
0.829277
0.877092
1.02231
0.877591
0.988048
0.970976
1.18333
1.0722
0.909448
0.950143
0.977401
1.00235
0.849845
0.95533
1.17532
1.02003
1.05898
0.890283
1.13307
0.978267
1.03884
0.949964
0.992282
1.00284
1.19623
1.00184
0.825305
0.856988
0.941573
0.915809
1.14962
1.1271
0.83546
0.835633
1.12459
1.15495
0.823184
0.903155
1.093
0.837086
0.968374
0.984463
0.910318
1.01589
0.943187
1.06649
1.02609
0.984236
0.908151
0.867527
0.696295
0.815567
1.16223
1.13455
1.11277
1.1449
0.924331
0.828975
0.815553
1.12159
0.978671
1.01822
1.05398
1.09137
1.10061
0.858318
0.964937
1.17875
1.00437
0.81665
1.04698
0.90495
0.982321
0.961015
1.05403
0.981963
1.00138
1.05423
1.02596
1.06808
0.921567
1.07925
0.960799
1.01963
1.15853
0.930102
0.86952
1.00006
1.00553
1.09561
0.931106
1.0218
0.853238
1.21272
0.91228
1.02852
0.853742
1.13194
0.972475
0.869214
0.858106
0.964127
0.898482
0.85508
1.08099
1.05189
0.884085
0.971502
1.15709
1.15688
0.99252
0.864153
1.0398
0.939924
1.08379
1.12615
0.88687
0.863385
1.12493
1.22009
0.922194
1.00993
1.01013
1.19296
0.871036
0.983931
0.99389
0.804993
1.09137
0.856488
1.04794
0.933073
0.865211
1.03871
0.951606
1.07154
0.98498
1.07388
0.992663
0.970476
0.951732
0.968914
1.14852
1.01796
0.827604
1.02032
1.01003
1.18017
0.859209
0.880687
0.842566
0.943513
1.08023
1.29785
0.980125
0.9624
1.01774
0.954522
0.93811
0.998835
0.84432
0.926582
0.903444
0.868754
1.20444
0.982399
1.03483
1.13914
1.0402
0.876603
1.20996
1.02083
0.848739
0.847279
0.879791
1.19413
1.09022
1.02967
1.0323
1.00821
1.2236
0.979486
0.955647
0.909462
1.06915
1.05323
1.04511
0.996135
0.873539
1.05551
0.92555
1.10945
0.89637
0.962862
1.00656
0.901671
0.932269
1.02539
1.09015
0.971917
0.937184
1.06442
0.924788
0.88367
0.780234
1.21062
1.19997
1.20196
1.17967
1.05687
1.06971
0.975529
1.08474
0.943922
0.927638
0.944515
1.02433
0.959278
0.959783
1.05322
0.924704
0.991896
1.0567
0.955625
1.23679
1.02629
1.00426
0.972588
0.970935
0.984954
1.07779
1.03831
1.00441
1.28309
1.03027
1.0473
1.05329
1.20211
1.00386
1.10897
0.843229
0.937953
1.05326
0.950231
1.04343
1.01313
1.0149
0.913359
0.846598
1.11161
1.09737
0.878296
0.808129
1.03554
0.951061
0.9385
0.840917
1.05198
0.809211
0.865261
0.93093
0.802912
0.898461
0.99749
1.05106
1.0135
1.00638
1.04328
1.06141
1.01957
0.825408
0.949114
0.955809
0.887736
0.994132
1.15218
0.930736
1.10768
0.948558
1.03838
0.965427
1.08664
0.926799
1.05099
1.1625
0.911147
0.818709
0.930831
1.17905
0.863225
0.949851
0.834164
1.09537
1.10681
0.823363
0.962045
0.813491
1.07267
0.926307
0.964142
0.979058
1.08604
1.00046
0.864969
0.869451
1.11892
0.920355
0.883648
1.0255
1.0355
1.16251
1.03053
1.0493
0.928338
1.20241
0.994156
0.96669
1.02142
1.06618
1.2692
0.832389
1.0805
0.95116
1.09788
0.81653
1.0923
0.873048
0.982588
1.06163
1.05843
1.07888
0.998962
1.03094
0.811589
1.00141
0.896634
0.947904
0.905028
1.02642
1.06585
1.06379
0.930298
1.00255
0.865664
0.962251
1.00608
0.903959
0.95061
1.01406
0.962322
0.954299
0.98001
0.972113
1.25661
1.20877
1.04169
1.13566
0.879512
1.12269
0.931274
0.933901
1.04306
0.937861
1.04377
0.737128
0.986568
1.17019
1.2036
0.833725
1.06603
0.978045
0.945648
0.946026
1.09033
0.915526
1.05151
1.02425
1.03637
0.878546
0.981121
1.06198
0.862877
0.727959
0.986815
0.883117
0.88253
1.05959
0.926956
0.791961
0.951109
1.04096
1.02191
1.17521
1.05168
0.907318
1.10576
0.983006
0.835259
1.23611
0.974127
1.00327
0.988978
0.929458
0.935406
1.00154
0.938692
0.914425
0.955747
1.23845
0.894785
0.730636
1.07816
1.08484
1.07898
0.99832
0.861609
1.04603
0.977158
0.996115
0.992193
1.01808
0.896482
0.977536
1.14251
0.925968
0.92448
0.852214
1.00789
0.973645
0.894882
0.938888
1.15076
0.994001
0.95199
1.06155
1.21306
0.875656
0.891592
0.988912
1.05144
1.03749
1.02777
1.24035
1.01793
0.877687
0.955338
0.924648
0.965808
0.797238
0.930807
0.960306
1.00311
1.03595
1.15115
0.943905
1.03007
0.98092
1.07419
0.979443
1.17499
0.983347
1.06141
0.850077
1.0054
1.10732
0.988364
1.13233
1.04375
0.877633
1.04404
0.866255
1.05133
0.775177
1.00569
1.00879
1.04911
0.983205
1.01278
1.22539
0.927203
0.88438
1.02635
1.03311
0.992898
0.792221
1.02017
1.2359
1.2465
0.913516
1.00242
0.892608
1.1413
0.90586
1.06001
1.1213
0.936898
1.07064
1.04752
0.948601
1.01366
0.899209
0.960471
0.92279
1.23437
0.963452
1.15653
1.01277
1.0115
1.12126
0.981296
0.950834
0.806828
1.07504
1.18329
1.14828
1.12403
0.959068
0.981021
1.1032
0.877561
1.12792
0.938994
1.01619
1.00782
1.21524
0.950949
0.883613
1.12971
0.965023
1.01134
0.920959
1.07055
1.03544
0.988879
0.936884
1.00826
1.02351
0.894796
0.960958
0.954615
1.00186
0.969144
0.971164
1.25047
0.979945
1.02991
0.945279
0.979736
1.01608
1.02935
1.00321
0.817807
1.05332
0.845522
0.9361
0.989109
1.01413
1.05688
1.15739
1.15985
0.981069
1.00989
1.03348
0.987499
0.981594
1.01361
0.850161
0.910231
0.931157
1.01225
1.04433
1.14957
1.02136
0.868366
1.05784
0.877467
1.01059
1.00377
0.894298
1.01519
0.970618
0.945642
0.926094
0.860034
1.21604
1.0167
1.02339
1.05459
0.935809
0.979318
1.23171
0.966671
1.17534
0.951659
1.06554
0.923088
1.10948
0.969575
1.03835
0.916361
1.06048
1.04051
1.13133
1.15396
1.0853
0.9941
0.945027
0.873035
0.960716
1.10031
0.961136
0.991882
0.987948
0.930946
0.911251
1.08713
1.10191
1.02362
0.922906
0.860943
1.11063
0.920234
1.02437
1.05599
0.929778
0.987719
0.897445
0.916613
0.982647
0.945365
0.972867
1.09648
0.853368
0.962443
1.09441
0.846289
1.05291
0.838265
1.20668
0.858481
1.06633
0.984671
0.936317
1.04835
0.864255
1.05508
1.0378
1.05414
0.811049
0.999824
0.882957
1.01622
1.07354
0.984255
0.99411
1.12976
0.975721
0.917932
1.12014
0.92166
1.00909
1.02546
0.992973
0.900938
1.09677
1.10138
1.09384
0.868133
0.886711
0.892818
0.954221
0.829358
1.01675
1.14425
1.08528
0.997252
0.959254
1.13177
0.898841
0.893844
0.997674
0.982081
1.00174
1.04182
0.995434
0.802047
0.999044
1.05811
0.780258
0.86799
1.0491
0.9836
0.9862
1.18193
0.920494
0.909001
0.895172
1.17627
0.997461
1.1473
1.03649
1.04231
1.08678
0.830865
1.16765
0.991083
1.0266
0.97656
1.07905
0.855387
1.0165
1.03622
0.759441
1.20251
1.13489
0.917567
1.02535
1.00702
1.03086
1.09293
1.04129
0.866096
1.07111
0.961307
0.96274
1.12335
1.08155
0.972506
0.916852
0.939752
1.01918
1.22229
1.04092
0.929387
1.109
0.930341
0.97293
1.01331
0.962746
1.08992
0.953836
1.17763
0.936184
1.02851
1.04188
0.979757
1.10519
1.11143
0.993469
1.06316
1.00163
1.08803
0.893572
0.942838
0.881061
1.03827
1.15562
0.950261
1.13062
0.914799
0.842213
0.927981
0.806644
1.06902
1.15296
1.05684
1.12209
1.14221
0.990936
0.852464
1.01406
0.888168
0.892563
1.09023
0.928012
0.942407
1.06832
1.00967
1.03677
1.11342
1.02281
0.983548
0.724341
0.998658
0.78237
0.945021
1.12504
1.02435
1.15252
1.08417
0.997048
1.03668
0.828604
1.22579
0.957441
1.01858
0.930243
0.910093
0.948708
0.875393
1.10124
0.97768
0.944708
1.04122
1.03216
0.999167
0.88562
0.987956
0.896166
0.975909
0.985511
0.954401
0.889892
1.18033
1.04937
0.986239
0.933908
1.00392
1.01514
1.15634
1.13832
0.838212
1.01624
0.887418
0.954617
1.1701
1.14549
0.957766
0.959319
0.98521
0.918978
1.03415
1.08307
0.832088
0.907112
0.883967
0.907947
1.05436
1.14238
1.08373
1.03505
0.952661
1.03415
1.11907
0.880859
0.870314
1.03355
0.968653
0.973033
0.669231
0.98135
1.08089
1.13365
0.824547
1.16558
1.0804
0.903848
1.05225
0.831608
0.964557
1.03388
0.791762
1.04726
1.01406
0.906835
1.16998
1.01446
0.874298
1.17873
0.876023
1.03377
0.964072
1.00601
0.925946
0.934856
0.812908
0.907422
1.05758
0.822224
1.04091
1.11396
0.931277
1.01156
1.03839
1.00728
1.23887
1.01407
1.14943
0.959218
1.00833
1.01194
0.946972
0.830579
0.921114
0.937096
1.19543
1.01309
0.842675
1.1669
0.906154
0.910011
1.01384
0.838792
1.09863
1.0871
1.00312
0.990886
0.885968
0.951775
0.998641
0.964086
0.999322
0.750151
1.00444
1.06534
0.993033
1.13307
1.02799
1.13162
0.988349
0.953802
1.07522
1.06047
1.03355
1.10903
0.874122
0.946824
1.00603
1.0558
1.06963
1.12869
0.844097
1.05001
0.912981
1.04695
1.07033
0.995257
0.892151
1.06713
0.982245
0.873963
0.907848
1.05023
1.05487
1.03518
0.78218
1.07696
0.959787
1.13887
1.06237
1.05495
1.00119
0.807092
0.967238
0.968321
0.961109
0.905037
1.07103
0.985208
0.850687
1.02789
0.934848
1.03442
1.07278
1.0762
0.898487
1.11253
1.11581
0.962458
0.909704
0.816369
0.840194
0.997551
0.853881
0.97571
1.12446
1.00387
0.924324
0.957642
0.871338
0.98623
0.940225
1.06319
0.991946
1.17772
1.07546
0.831674
0.964718
0.834523
1.03935
1.09118
0.918792
0.998922
0.985437
0.985303
1.01417
1.01353
0.992475
0.983159
0.928046
0.946574
0.976109
1.0794
1.10719
0.934425
0.906714
1.01558
0.952315
1.02783
0.921064
1.01206
1.02435
1.0074
0.939743
1.03277
1.01202
1.12176
1.0712
1.15649
0.887454
0.864585
1.02194
1.00763
0.978606
1.02387
0.933259
1.06965
0.975304
1.03742
1.10366
0.842852
1.16021
1.11957
1.06263
1.10939
1.01839
1.06848
0.991278
1.07957
0.820828
0.934393
0.980003
0.868575
1.13249
1.03816
0.995792
0.879117
0.972177
0.93793
1.21481
0.906678
0.859477
0.944955
0.911855
1.02373
1.06728
0.989136
0.987055
0.908561
0.882938
1.13342
0.9769
0.779981
1.2093
1.06586
1.05622
1.12474
0.963767
0.960219
0.889992
0.951122
0.906484
1.0373
0.916694
1.05576
0.889671
1.01577
0.863439
1.21636
1.0099
1.00471
1.0765
1.21339
1.08422
1.02895
0.8518
1.15023
1.02248
1.27355
0.734552
0.845382
0.85834
1.0427
1.04154
1.03398
0.975378
1.05958
1.08718
0.953114
1.0278
0.78633
0.8999
1.00565
1.03356
0.865507
0.785551
0.991518
0.984192
0.775289
1.06776
0.984763
0.957266
1.07734
0.832884
0.889515
0.973781
1.16706
0.853734
1.04324
0.981377
0.928729
0.966521
0.907053
1.02045
0.94054
0.899361
0.940001
1.01039
0.949865
1.15699
1.04683
1.09341
0.948396
0.907074
0.978199
0.737678
0.961628
0.978002
0.897636
1.1768
1.10234
0.922722
1.09843
0.920501
0.986256
0.792198
0.961555
0.971828
1.07371
1.11815
1.04507
1.06598
0.881643
0.89006
1.0271
0.865891
1.01904
1.00674
0.967921
1.07965
0.972414
1.00471
0.902347
1.11453
0.948878
1.10834
0.806632
0.769999
0.973044
0.909239
1.10012
1.22444
1.06301
0.904451
1.01236
1.13727
0.9207
1.09212
1.00909
0.90461
0.979668
1.19978
1.12494
1.02902
1.0933
0.971464
0.893451
1.19578
0.90339
0.981219
0.977098
0.86984
1.0482
1.07982
0.958088
0.870464
0.942124
0.930487
0.93109
1.0469
1.01416
0.989881
0.883212
0.968371
1.15703
1.03426
0.976163
1.06817
0.949752
1.10363
1.05865
0.865584
0.997746
1.01219
0.902312
1.02989
1.21159
0.992405
0.887215
0.989582
0.966873
0.947228
0.982163
0.818118
1.07669
1.0159
1.02073
0.941109
0.924432
1.05323
0.929403
1.21458
1.05977
1.2369
0.847905
0.966667
1.06482
1.0134
0.980321
0.780395
0.842266
0.91541
0.968332
0.933284
1.13692
1.03484
1.04636
1.03252
0.885808
1.0244
0.993418
0.855386
1.02819
0.836002
1.00515
1.08514
0.892921
1.04398
1.01071
0.87678
1.11626
1.00693
1.05724
0.947927
1.01299
1.09791
1.16296
0.879101
0.859032
1.06967
1.00395
1.0145
0.96198
0.980072
1.00244
0.975531
1.0201
1.05276
1.00776
0.932081
1.00464
0.893191
1.08561
1.02841
1.13285
1.03066
0.914388
0.774482
1.14856
0.752853
1.16763
0.933883
0.932482
1.02732
0.926728
0.829206
0.861397
0.992629
0.977796
0.9364
1.02176
1.01631
1.04994
1.09969
0.997483
1.00785
0.87224
1.03495
0.930445
0.952286
1.03507
0.973529
0.969984
1.04745
1.05726
0.903378
0.903988
1.19438
0.979455
0.825891
1.05579
1.0165
1.16226
1.03318
1.09894
1.10224
1.03607
1.17152
0.883926
1.13964
0.868608
1.03551
0.813609
1.12993
1.06812
1.21861
0.919416
1.17285
1.14809
0.958221
1.02494
0.989904
0.871152
0.930209
1.02967
0.853715
1.01486
1.09366
0.903655
1.11615
0.765472
0.866367
0.917531
0.933976
1.1278
1.16826
0.907914
0.890489
1.25197
1.04059
0.963991
0.997396
1.02297
0.938013
1.06945
0.993739
0.976114
1.22756
0.992688
1.01346
0.819037
0.994658
0.968531
1.16488
1.14753
0.932611
1.09427
0.995152
0.867387
0.930148
0.911004
1.08729
0.995092
0.988924
1.06307
0.869962
1.15746
0.94177
0.884046
1.10093
0.835046
1.21408
1.09942
0.941794
0.918914
1.16487
1.05018
0.884529
1.10278
1.12611
1.04993
1.11182
1.01872
0.925792
1.05455
1.07315
0.853894
0.956094
0.99625
1.1574
1.01995
0.997282
0.936948
0.926554
0.998459
1.04957
0.808748
1.00147
0.967398
0.903587
0.88709
0.948633
0.877647
1.04492
1.03183
1.06335
1.0504
1.024
1.17943
1.13495
0.94184
0.839832
0.820117
1.10023
1.11979
0.94723
0.942266
0.95162
0.971967
0.823091
0.72671
1.10732
1.05731
1.15485
0.934423
0.91807
0.909079
0.985478
1.07083
1.05136
0.796626
0.879129
1.0754
0.940048
0.900114
0.811648
1.13837
0.972112
1.08365
0.963763
1.20168
0.841211
0.938917
0.952548
0.993337
0.874953
0.971867
1.12549
1.03473
0.825361
0.825848
0.872957
1.00557
1.04436
0.926853
0.972524
0.919032
0.954366
1.15965
0.971636
0.993641
1.22221
0.949286
1.07096
1.16788
1.18078
1.14617
1.0702
0.936206
0.823898
1.08055
1.19557
0.98962
0.833215
1.03636
0.858275
0.993076
0.994431
0.915018
0.919256
0.961392
0.962429
1.06978
1.1628
0.902263
0.98964
0.999745
0.894156
0.88015
1.13245
1.09209
1.04097
0.898056
1.05919
1.03645
0.964327
0.753625
0.979812
1.00581
0.991196
0.974341
1.06487
0.835942
0.92403
1.15503
0.916267
0.874742
1.28698
0.931764
0.918149
0.813437
1.12444
1.03294
1.08533
1.05772
1.04528
1.18262
0.922034
1.08206
1.00704
1.03233
1.06317
1.01782
0.979447
0.970431
0.986337
0.936833
1.03625
1.02002
1.09429
1.01752
0.912574
0.979161
1.05391
1.05303
0.91564
0.90917
0.963719
1.08324
0.938809
0.880045
0.854984
1.06534
1.00637
1.01728
1.03613
1.1226
1.12025
1.07678
1.07511
0.838045
0.969916
0.941157
0.960933
0.919893
0.981884
1.17504
0.838863
1.20837
0.93918
0.848725
0.935651
1.03405
1.04738
1.05531
1.03207
1.16171
0.87011
1.021
1.1327
1.01214
0.964844
1.06413
1.13464
1.02582
0.906479
1.14995
1.00455
0.835726
1.00449
0.898158
0.768352
1.09706
0.957711
1.00229
1.00184
1.03158
0.879718
1.1896
0.878522
0.981669
1.13206
0.92893
0.893192
0.99203
0.83804
1.17997
0.982205
0.991583
0.906718
1.06709
1.00025
0.82112
0.886596
1.00126
0.889013
1.00468
0.880959
1.01536
0.918892
0.941813
0.850511
1.00208
1.01007
0.795587
1.04041
0.962387
1.01854
0.977396
1.01798
1.07081
0.939729
1.19082
0.985282
1.03601
0.964475
0.903785
1.13418
0.886297
0.795395
1.05947
0.847973
0.91801
1.11687
0.78614
1.18677
0.902135
1.19818
0.947194
0.856863
0.836472
0.959273
0.862944
0.893694
0.990904
0.985258
1.1154
1.06143
1.10036
1.0014
0.922638
0.911363
0.908947
0.957833
0.977092
1.00385
1.21454
1.04201
0.997292
1.03286
0.932865
0.898769
1.00412
0.859588
0.918848
0.87037
1.13243
1.03363
0.864435
1.0932
0.965628
1.03131
1.02928
0.95859
1.0621
0.970144
1.07636
1.05043
1.08071
1.11005
1.02477
0.954363
1.19501
1.07894
0.854789
0.915939
1.04911
1.11484
0.95235
1.04467
0.997139
0.891149
0.840728
0.993303
1.02314
1.1081
0.961223
1.03407
0.896971
1.07887
0.932702
0.983042
0.990694
0.98773
1.08519
0.860506
0.929486
0.970121
1.10222
0.844734
1.00034
0.973494
0.942971
1.07908
0.984765
1.22349
0.906904
1.10241
1.04257
1.07497
0.924177
0.982556
0.987495
0.829522
0.949239
0.89173
1.0395
0.928947
0.884419
1.06151
1.19337
0.922711
1.0421
0.829998
1.18359
0.845102
1.01715
0.85428
0.967918
0.920069
0.900259
1.16039
0.836796
0.914084
1.0765
0.893544
0.870605
1.0393
1.0983
0.959079
0.84541
1.1354
1.05004
1.0422
0.931507
1.14881
0.939509
0.881048
0.967456
0.969545
0.894691
0.917698
1.06667
1.03679
1.16935
1.01204
0.906887
0.969344
1.01687
1.05896
1.04386
1.01692
1.07233
0.951921
0.997144
1.0047
0.913751
1.03245
0.942173
1.05811
0.877939
0.936158
1.03691
1.04498
1.08131
0.962867
1.15857
0.855394
1.16315
0.889333
1.15971
0.934193
0.998923
1.04557
0.851227
1.0996
0.972088
1.14866
1.00407
0.834244
0.953409
1.11068
0.904518
0.984352
1.03651
0.90094
0.954065
1.03278
0.862384
1.04534
1.36463
0.982609
0.95132
1.00507
0.912303
0.997639
0.957677
0.887496
1.07166
0.972643
0.922049
0.90461
0.953688
0.857348
0.954727
1.01043
0.996419
0.979446
0.902825
0.99854
1.18546
1.04718
1.12901
1.02984
0.979668
0.924982
1.03279
1.01869
0.988333
1.00585
1.00115
1.09874
0.970133
0.995242
1.01227
1.0546
0.995022
0.954899
1.11947
0.988514
1.01748
1.03297
0.950324
1.06521
0.960731
1.04246
0.742713
1.01582
1.02102
1.20756
1.07128
1.05126
1.29041
0.956657
1.01489
0.956576
0.980247
0.995037
1.02498
1.05838
1.19628
1.01997
1.08925
0.88449
1.19457
1.10556
0.920413
0.873834
0.923668
0.892535
1.03108
0.784641
1.23274
1.08225
0.943342
1.09809
0.937041
0.992809
0.87205
0.964905
0.977303
1.07153
1.03969
1.05916
0.890419
1.20771
0.760001
1.08175
0.99954
1.21253
0.968254
0.927973
0.981036
1.00893
0.987974
1.03734
0.921133
0.934297
0.917563
1.06884
0.974243
0.897476
1.07173
1.01205
1.02994
0.863622
0.873136
0.99172
0.940171
0.972353
0.898188
1.06985
1.05402
0.944166
0.874417
1.1866
1.13246
0.935281
1.04927
1.15923
1.10542
0.954968
0.899957
0.931585
1.10902
0.998226
0.796285
1.02251
0.925624
1.01979
0.907568
1.04069
1.01931
0.908197
0.846802
0.836625
1.00419
0.990941
0.874352
1.01204
0.885893
1.17188
0.952275
0.912822
1.00565
1.17954
1.03395
0.926112
0.888101
1.13801
0.854455
1.04866
0.890989
0.960537
0.978943
0.999435
0.982299
1.02916
0.954834
1.06019
0.878375
0.858866
1.1129
1.00551
1.07862
1.14902
0.899718
0.948193
0.957253
0.988258
0.917802
0.978473
1.25864
1.0383
1.02307
0.91326
0.853175
1.09805
0.930602
1.02133
1.01522
1.07812
1.02521
0.854669
0.959768
0.916304
1.05494
0.86935
1.05037
1.03124
0.886509
0.900958
0.895472
1.08236
1.14035
1.02923
0.873349
1.07198
1.03977
0.825653
0.794596
0.907762
0.98676
1.16028
0.943541
0.975639
1.06568
0.937492
1.02955
1.0937
0.787191
1.02428
1.02074
0.962567
0.996792
0.973589
0.972207
1.06398
1.10944
0.930665
1.06588
1.17635
1.0312
1.09206
0.978528
0.93275
0.954206
0.971831
0.982226
0.942179
1.1115
1.14065
1.05322
0.958877
1.00362
0.942917
0.794919
0.991574
0.99109
0.823225
0.879685
0.861304
1.2343
1.06994
1.12213
0.976665
0.981777
0.948852
0.825585
0.966638
1.12395
1.12198
0.924947
0.996259
0.852106
1.35317
0.882874
0.893012
0.951625
1.03737
0.915144
0.912022
0.842463
0.813602
1.12921
0.901432
1.11539
0.96815
1.21916
0.998653
0.926075
1.14401
1.0158
1.08225
0.916938
0.987526
0.772373
0.995785
0.810327
0.965476
1.15497
0.997459
0.880774
0.981349
0.955942
1.02521
1.03367
0.882937
1.09263
0.985157
0.943101
1.13341
1.05809
0.945092
1.1231
0.953663
1.05976
0.97155
1.09458
0.958758
1.18879
1.16019
1.09715
0.992447
0.961468
0.962395
1.0751
0.924913
0.9774
1.14598
0.933694
1.10063
0.903921
0.933733
1.17112
0.877892
1.00517
1.29168
0.940831
0.944546
1.11907
0.902382
1.09299
1.1764
0.952775
0.948067
0.892634
0.972579
0.847911
1.14084
1.24
0.858419
1.21435
1.00095
1.00815
1.09314
0.939948
0.963034
1.13467
0.852748
0.878481
1.01167
1.07274
0.991043
0.965
0.917674
0.938066
0.889466
0.995583
1.12073
0.981955
1.27243
1.31002
1.09239
1.0232
0.931589
1.00755
1.13673
0.989241
0.900141
1.02549
1.05166
0.821312
0.975311
1.00001
0.981724
1.10116
1.07607
1.15474
1.0995
1.0199
1.00406
1.02077
0.969032
0.984222
0.919046
0.972598
1.00043
0.979815
0.966405
0.994869
0.951803
0.953924
1.03211
1.22756
1.06257
1.01394
0.936112
1.0127
0.901871
1.25552
1.01387
0.890884
0.866516
0.83391
0.923805
1.10327
0.899463
0.955541
1.20587
0.945837
0.956387
0.926404
1.00087
1.08483
1.16272
1.34257
0.988545
0.910855
1.07317
1.01046
0.968788
0.978251
1.0509
1.12909
1.14927
0.953503
0.876688
1.20203
0.922016
1.09108
0.994577
0.913503
1.0606
0.955188
1.15753
0.913691
1.33706
1.01554
1.08441
0.893611
0.988845
0.838472
0.99874
1.16768
1.00865
1.11741
1.05101
1.02409
1.10648
0.981647
1.04933
1.0352
0.924612
1.1843
0.861665
1.16122
1.09558
1.05833
1.09271
0.972918
1.007
0.983972
0.933746
0.853549
1.02249
1.02525
0.846963
0.730972
0.957494
1.06141
0.886397
1.19443
0.888894
0.787237
0.986136
0.908471
0.80935
0.857131
0.899172
1.11216
0.882647
0.985859
1.36398
0.994355
1.16771
0.983043
0.994646
1.00759
0.856017
0.982989
0.931973
0.931246
0.873774
1.0348
0.924298
1.08878
0.970778
1.03532
1.05779
0.80392
0.888545
1.16678
0.991696
1.1084
1.06659
1.02788
0.955756
1.03981
1.03484
1.00254
0.816823
0.974652
0.869422
1.08377
0.929635
1.04623
0.983345
0.995568
0.87813
1.14544
1.08547
1.09377
0.859211
0.911627
0.950379
0.815791
0.919009
1.00319
0.925197
0.921069
0.982037
0.91406
1.01526
0.943602
1.06274
0.856584
0.933005
0.915173
0.872031
1.11902
1.08143
0.993754
0.971011
1.05341
1.03629
1.07344
0.949201
1.04765
1.00799
0.999399
0.952365
0.840225
1.14657
0.915789
1.04754
0.999541
0.904268
1.07599
0.97347
1.04978
0.965341
0.919755
1.09617
0.806952
1.17114
0.915048
1.1228
0.784888
1.05732
1.01321
1.00571
1.14663
1.20019
0.971344
1.00122
0.970168
0.958915
1.00012
0.756008
1.0284
0.941219
1.05464
0.822809
0.993852
1.17583
1.02182
0.98153
1.0884
0.970027
1.13255
0.897767
1.0725
0.964176
1.04608
1.01622
1.26424
0.904543
0.964379
0.897883
1.1105
1.07942
1.0673
0.875546
0.92225
0.896419
1.02706
0.886843
0.969749
1.03532
1.06783
1.02875
1.00246
1.03682
1.05493
0.891854
0.948043
1.12716
0.941683
0.948069
0.821024
0.894606
1.05003
1.06254
0.841695
1.02471
0.998263
0.926692
0.99744
1.07001
0.787266
1.02938
0.891178
1.00901
1.06438
1.03419
0.813217
1.08186
1.0647
0.96192
1.03051
1.07106
1.03549
1.04648
1.03139
0.974267
0.982781
0.857024
1.15382
1.01911
0.987527
1.06282
1.02967
0.998671
0.949796
0.806853
0.878886
0.930629
1.00509
0.992421
1.11395
0.979829
1.19037
0.985448
0.86277
1.05283
0.892396
1.06969
0.944327
1.06627
0.837285
0.918144
0.946193
0.860644
1.17825
0.961572
0.941748
0.949883
1.03063
0.862019
0.918631
0.915598
1.00864
1.03103
1.03662
0.948479
0.985958
0.963879
0.987504
1.00082
0.941753
1.12461
0.882051
0.953908
1.09385
0.960329
0.912196
0.94804
0.917958
1.05138
0.976317
1.06831
0.92338
1.05683
0.879677
0.890051
0.990662
1.04859
1.09111
0.934302
1.01257
1.11738
1.16093
0.904455
0.837685
0.968403
1.06105
0.927808
1.23903
0.852541
1.10024
0.862034
1.11045
1.03986
1.24811
1.12425
0.933872
0.938086
1.12078
0.920122
0.886334
1.02911
0.999688
0.917703
1.0156
0.918442
0.955983
0.853466
1.119
0.960471
0.868886
0.957206
1.23076
0.881021
1.14791
0.934525
0.906558
1.04654
1.04151
0.912896
0.807782
0.894246
1.03056
0.945464
0.954467
0.914304
1.21094
0.988496
1.14273
0.978068
1.13948
1.08056
1.1436
0.948666
0.839472
0.818461
1.02785
1.1256
0.804985
0.809782
1.09421
0.751068
1.01164
1.01596
1.03632
0.975015
1.05295
0.962304
0.996014
0.911868
0.990535
1.0798
0.990506
0.912687
0.910847
0.996022
1.18417
1.04125
0.863743
1.02681
0.938826
1.15537
0.953644
1.00641
1.34467
1.05772
0.950989
0.961639
1.13756
1.04648
1.13787
1.1652
0.9875
1.02583
0.971431
0.868756
1.10634
0.957002
0.925641
0.893904
0.940717
1.02274
0.952569
1.2165
1.04715
1.02547
1.08031
1.01931
0.90559
1.06149
1.14878
1.03037
0.91952
0.994612
1.27793
1.04114
1.21281
1.0228
1.23181
0.976124
1.03414
0.986101
0.878896
1.07123
0.951502
1.09532
0.875877
0.919083
0.970764
1.09248
1.04236
1.10114
1.02673
0.969208
0.904312
0.959956
1.17578
1.14644
1.03078
0.928278
0.995594
1.00295
1.17143
1.04742
0.981046
1.01388
0.826392
0.973709
0.867613
0.973534
0.839353
1.02437
0.847343
0.926725
1.12063
1.01039
1.03235
1.15265
0.98521
0.995495
1.12969
0.8976
1.08219
0.842472
0.974378
1.00041
1.10139
0.962708
0.987145
1.02465
0.805822
1.09003
0.94354
0.949937
1.04639
1.02829
0.860783
1.07568
1.05485
1.04621
1.16654
0.963398
1.11612
1.12392
0.880814
0.96053
1.05676
1.21498
0.812204
0.920398
1.15206
0.958613
0.916597
1.03553
1.03643
1.15577
1.05689
0.992625
1.03875
1.07955
0.942758
0.891172
1.03328
0.889488
0.926276
0.87987
1.07843
1.07618
1.05922
0.981806
1.13511
1.27087
1.0311
1.06357
1.04602
1.11869
0.886381
1.02474
1.07694
1.20556
0.824265
0.876579
0.778798
0.953592
1.02557
1.03952
1.00796
1.12633
0.932629
0.926757
0.968616
1.01836
1.12296
0.931444
1.05324
1.00927
1.00408
0.881631
1.05777
0.969764
0.765679
0.858343
1.08798
1.03231
0.955571
0.939675
0.954305
0.933281
0.891878
0.996327
1.05026
0.962592
0.799271
0.836834
1.09125
0.937527
1.03895
1.01998
0.980032
0.89058
0.893285
1.04933
0.985525
0.899118
0.968567
0.759845
1.02071
1.05557
1.16338
1.05511
0.988861
0.879603
1.02312
0.981735
1.04737
1.06605
0.973279
1.07786
0.917652
1.01968
0.955301
0.950052
1.01081
1.00892
0.865468
1.05091
0.895975
1.04572
0.811664
0.861756
1.07071
0.907518
1.06371
1.14491
1.07987
1.01388
0.961393
1.06723
1.18356
1.04233
0.962691
0.973345
1.06748
1.05996
0.832553
0.914221
1.05159
0.791222
0.886409
0.970181
0.960353
0.983137
0.978731
0.887552
0.939393
1.03876
0.846506
0.89784
0.933161
1.05324
0.913028
0.88716
0.956388
1.0434
0.959534
1.20882
1.0924
1.18644
0.855518
1.01981
0.93954
0.868783
0.957067
0.963531
1.06837
0.962504
0.840757
1.00626
0.894851
1.04487
0.93836
1.09093
0.979552
0.934007
1.03212
1.07158
0.970463
0.933283
1.03387
0.864693
1.00732
0.95644
0.971268
0.928685
1.16623
1.10326
0.964664
0.988063
0.962784
1.14123
1.13886
0.9514
1.02053
0.909218
0.924276
1.02599
0.888144
1.02691
0.895973
0.985267
0.970019
0.857226
1.05029
0.970824
1.11818
0.991887
1.11953
1.08298
1.11736
0.914831
0.986181
1.00433
0.924146
1.07237
1.13948
1.24808
0.985864
0.955656
0.893985
1.1723
1.04851
0.889505
1.04735
1.03895
0.845053
1.10527
1.028
0.995796
0.996727
1.27635
0.927266
0.987334
1.06334
1.03264
1.1172
1.30558
1.04519
0.919838
0.995509
1.20749
0.968921
0.977828
1.01237
0.976256
1.02625
0.980963
0.897779
1.14955
1.03392
1.01702
1.0381
1.00602
0.907586
1.03409
0.981935
1.02378
1.03937
0.796621
0.864136
1.06882
0.991434
0.860698
0.932842
0.9798
1.03953
0.920897
0.967455
1.01202
1.00968
0.945572
0.969488
0.97981
0.950297
1.11468
0.905933
0.932207
0.897394
0.934395
1.14734
0.933879
0.946123
1.12624
1.1126
0.961244
0.97372
1.04767
0.953801
0.941431
1.10254
0.991532
0.901907
1.08441
0.921673
0.969125
1.17865
1.00952
0.938867
1.04996
1.04163
1.01897
1.08447
1.14163
1.02652
1.00727
1.03428
1.12075
0.844605
0.963622
0.995654
0.899319
0.902991
1.1876
0.895645
0.984828
0.990816
1.10824
1.09939
0.94179
1.18196
1.08471
1.04987
0.917884
0.854867
0.972188
1.07327
0.804692
0.995496
1.14817
0.900604
0.947737
0.891669
1.08324
1.04021
1.02708
1.08882
0.850763
0.894484
0.966151
1.0865
1.0399
0.950072
0.842423
1.04069
0.830876
1.11466
1.01805
1.18909
1.11419
0.993467
0.701277
1.13936
0.888849
1.00254
1.05112
0.851764
1.08494
0.920246
0.906046
1.05929
1.13115
0.9291
1.01132
1.09628
0.959463
0.971045
0.998029
1.08829
1.02719
0.961278
0.902606
1.00536
0.950665
0.891743
0.923733
0.884243
0.949687
1.02153
0.963604
0.973204
1.0912
0.988059
0.960976
1.17542
1.10078
0.830346
0.98239
0.96819
0.831505
1.03379
0.898128
0.979309
0.953818
0.969721
1.15097
0.893712
0.969815
1.21228
1.05942
0.933391
1.026
0.9794
1.22314
0.980985
0.980372
1.1122
1.15368
1.18965
1.09691
1.10003
0.887646
0.974771
0.902785
0.976131
0.833759
1.03801
1.02159
0.905986
0.910346
1.03076
1.01571
1.10417
1.20772
0.830498
0.974551
0.847486
0.967212
0.952075
1.12419
1.05964
0.998375
0.956317
0.95968
1.09993
0.931135
0.9253
1.26444
1.05422
0.827728
1.1028
0.914139
1.09259
1.01677
0.885674
1.08286
1.02887
0.985296
0.873293
1.00399
0.969145
0.751431
1.23478
1.05007
1.05408
0.796701
0.946068
0.892992
0.918099
0.994149
0.865028
0.98384
0.862542
1.0212
0.847883
1.01959
0.948399
0.963191
1.03119
1.19913
1.00668
1.06411
0.947407
1.08451
1.01862
0.99334
0.994302
0.968488
0.954549
0.848398
0.905536
0.988708
1.02148
1.00921
0.997699
1.02041
1.08882
0.831984
1.13535
0.841302
1.07152
0.822249
0.976492
1.0885
0.944157
1.03012
0.892998
1.02955
1.06392
0.963013
1.10525
1.17204
0.928027
0.950646
0.964337
0.970489
0.975656
0.91073
0.905489
1.14017
1.04821
1.05769
1.07139
1.04456
0.898841
1.04367
0.766577
0.967888
0.884638
1.01147
0.963357
1.07751
0.980086
0.981601
1.22352
1.1866
0.956159
0.964535
0.809176
0.949036
1.24002
1.14354
1.11741
0.808974
1.07824
0.995265
1.07328
0.883114
0.755122
0.994846
1.07056
1.01789
1.07243
1.03687
1.0674
1.10715
1.0077
1.03472
0.915759
1.0497
1.05435
1.09464
1.08492
0.805631
0.931533
0.908944
0.975561
0.780455
0.986536
1.00835
1.02691
0.945659
0.988739
0.952857
0.978793
1.07129
1.08528
1.11341
0.927301
0.988889
1.08021
1.04438
1.03391
1.16903
1.07611
0.899364
1.04022
0.997606
0.982261
1.05602
0.929744
1.08271
0.85674
1.10559
1.09441
1.03087
1.08909
0.868825
0.934237
0.970593
0.845538
0.975006
0.829225
0.952779
0.981357
1.10435
0.83371
0.883112
0.984516
0.936359
1.05196
0.942633
0.871586
0.819167
1.29867
0.975769
1.04099
1.14886
0.987068
1.16659
1.12159
0.848403
1.04536
0.91861
1.00087
1.13425
0.968366
1.04451
0.849216
0.93636
0.863192
1.04368
0.926687
0.969818
1.04703
0.986594
1.09642
1.10631
0.983315
1.11926
1.15205
1.07828
0.96429
0.992165
1.03202
1.05302
0.94434
1.1525
1.05125
1.1272
0.908868
0.936294
1.0762
0.930883
1.03089
0.970744
1.01501
1.06784
1.00484
0.905271
0.948833
1.01261
0.926677
1.14932
1.05057
0.879332
0.945602
0.923843
1.04073
1.18013
1.02002
0.915184
0.913254
1.00081
0.939737
1.24805
0.8593
1.11686
0.940392
0.933132
0.959407
0.893255
1.12661
0.993964
1.23444
0.890027
0.971442
0.971187
1.03113
1.14901
0.962031
0.944982
0.960654
1.05517
0.934811
1.01623
1.11816
0.910553
1.06224
1.01289
0.913622
1.08768
0.891759
1.04487
1.09167
0.998756
1.0112
1.01024
0.905202
0.894157
1.0148
0.995004
0.901147
1.11921
1.10872
0.906407
0.913768
0.990543
0.977969
1.10918
0.942579
0.97943
0.970143
0.850515
1.16463
0.880408
0.965808
0.929853
1.07208
0.937571
0.966411
1.0853
0.885697
0.972707
0.943112
1.09209
1.03541
0.973997
1.12476
0.8061
0.995974
1.0128
1.11387
1.17031
1.03182
0.993159
0.971757
0.724226
1.05809
1.01336
1.09081
1.15595
1.26257
0.920118
0.824796
1.08993
0.976639
0.960661
1.10723
1.0235
1.13794
0.921155
0.946288
1.0719
0.927854
0.978164
1.10607
0.950437
1.07959
0.877975
0.925579
0.977629
1.08836
0.859353
0.875269
1.00661
0.931021
0.737836
0.90368
0.883231
1.12541
0.933956
0.793923
1.14663
0.86704
0.918243
1.06837
1.0642
0.892664
1.0459
1.03912
1.00545
1.09711
0.944606
1.08119
0.924879
0.953598
1.16516
0.86772
1.0316
0.846616
0.92978
0.799754
0.977974
0.945499
0.992177
0.847905
1.02831
1.09899
1.04539
0.900838
1.00715
0.970889
1.03665
1.04366
0.891791
0.790335
1.0858
1.00266
1.06496
1.1079
0.983135
0.862803
1.01495
1.11063
1.10389
1.00678
0.864548
0.814375
1.15418
0.861419
1.04571
1.03744
0.872444
1.12463
0.992147
1.03478
0.914231
1.04457
1.03766
1.09524
0.997894
1.07029
0.9965
0.856512
1.17569
0.993452
1.01144
1.20289
0.977198
1.05273
1.11162
1.08565
0.88164
1.07873
0.897592
0.90725
1.03957
0.803682
1.05844
1.06284
0.848875
1.12196
1.25766
1.0003
0.856841
0.913883
0.922891
0.998003
0.957954
1.01033
1.05134
0.943798
0.964734
1.05057
0.982717
0.966874
0.825285
0.95597
0.904204
1.01293
0.890354
1.1853
0.948801
0.935846
0.932519
1.04985
1.19574
0.889224
0.816684
1.16589
1.00448
1.02097
0.826048
0.974425
1.2819
0.952351
1.18623
0.91711
0.989967
1.03394
0.939447
0.956629
0.900464
1.12572
1.09358
0.906864
0.925806
0.905926
1.03459
1.01676
0.920713
1.3111
1.03211
0.880247
1.00805
1.08823
1.01415
1.01174
1.14739
0.868127
0.911867
1.10632
0.861166
0.884635
1.12669
1.01953
1.11044
1.01105
0.900495
1.09588
0.870431
1.02406
0.961919
0.775003
1.12841
1.02854
1.02045
0.966762
0.956321
1.08129
1.11976
0.888538
1.06851
0.983294
0.811081
1.05836
1.00036
0.819173
0.864869
1.14201
1.0525
1.22319
0.907464
1.18066
0.799915
0.902931
0.896875
1.03251
1.10361
0.897843
1.08252
0.863591
1.0398
0.983536
1.10761
1.01831
0.950057
0.889675
1.01813
0.967243
0.975065
1.10201
1.01795
0.900678
1.11665
1.12142
1.0068
0.848263
0.935562
1.20933
0.899468
1.05767
0.932977
0.901487
1.07393
1.06202
1.00975
1.0415
0.873609
1.09956
1.25577
1.06374
1.20236
0.947845
0.968325
0.994774
0.797967
1.10309
0.868738
1.0292
0.957049
1.07076
0.987574
1.00546
0.934068
1.1993
1.00147
0.928349
1.05021
1.01333
0.860772
1.08518
0.864478
1.00497
0.964844
1.00833
1.03734
0.902368
0.99842
0.905795
0.966215
1.0397
0.981393
1.16736
0.889081
0.878869
0.939219
0.879146
1.11288
0.95085
1.08816
1.10142
1.07509
0.881273
0.90314
0.95631
1.06993
0.982828
1.04449
0.900748
1.06461
0.98512
0.950334
1.09126
0.894103
0.951409
1.04449
0.882625
1.03022
1.06785
0.859531
1.13421
0.941505
0.933128
1.00142
0.898857
0.991559
0.922826
0.839267
0.884095
1.03376
1.08751
1.23746
1.07114
0.944839
1.04022
0.993781
0.901331
0.970248
0.945028
0.920329
0.854656
1.17135
0.8909
0.988375
1.14171
0.87823
1.22248
0.916561
0.946948
1.00887
0.981133
0.954432
1.0347
1.05948
1.20158
1.09529
1.03685
0.962314
0.964217
0.937546
0.91893
1.08486
1.1067
0.891671
0.856124
0.948636
0.845954
0.982324
0.827882
0.994479
0.899248
0.935185
0.857465
0.979427
1.13757
0.954974
1.07457
1.12537
0.926835
0.924897
1.02182
0.981232
1.0456
1.01294
0.974028
0.796127
1.0462
1.14096
1.09319
0.97689
1.01502
1.10758
0.903896
1.05547
0.972025
0.97703
0.986506
0.832465
0.802435
1.11479
0.949974
1.02498
0.978589
1.01894
0.993767
1.10331
1.03571
1.04328
1.03703
0.970984
0.90615
1.13708
1.05939
0.903265
0.972633
1.06282
1.10226
0.992083
0.957226
0.992673
1.00433
1.08265
1.01464
0.910761
1.035
1.13222
0.983443
1.07601
0.983983
0.936109
0.912743
1.03747
1.03531
0.95865
1.1425
1.10687
0.981616
1.11505
1.05539
0.999774
1.05594
0.943565
0.759306
0.809816
0.899377
0.980862
1.02474
1.13652
1.11497
1.08801
1.21696
0.960537
0.922954
0.970441
1.02432
0.999278
1.02794
1.0824
1.02852
1.10862
1.05196
0.983424
0.993368
1.13269
0.937041
1.00254
1.08206
0.990985
0.920065
1.07236
0.945271
0.882084
0.883119
0.939888
0.991023
0.847943
1.03059
0.913927
0.981981
1.11848
0.949404
1.15738
0.854302
1.12982
0.811794
0.904261
1.04601
0.927167
1.04187
1.1797
1.16006
1.10019
1.04178
0.979112
1.12035
1.03669
1.0491
0.983762
1.05703
0.892784
1.06001
0.920134
1.01457
0.933962
0.933598
0.881122
1.13332
1.04844
1.17565
0.952305
1.21516
1.11419
1.11025
0.82911
0.885061
1.0984
1.00344
0.911377
0.83811
1.13209
1.09257
0.970732
0.852568
0.921905
0.948545
0.939806
0.862011
0.91178
1.03339
1.02808
1.07127
1.07098
1.0395
0.9212
1.03116
0.815809
1.03736
1.06819
1.03311
0.965208
1.15391
0.997362
0.921354
0.831003
0.872561
1.04842
1.06459
0.981012
0.913569
0.977107
1.03163
0.812682
1.05405
0.848288
0.996636
0.927088
1.11741
0.970104
1.02197
1.06686
1.12304
0.927257
0.885704
0.764101
1.02259
1.07832
1.06337
0.949318
0.977512
1.03105
1.17704
1.08388
0.981906
0.962984
1.01225
1.03408
0.968847
0.979721
1.11539
0.934945
0.988467
0.894465
1.00772
1.00977
0.956817
0.937405
0.905602
1.12325
1.02463
0.938578
0.896895
1.09998
1.03144
0.925034
0.999727
1.03346
0.965738
1.03429
1.08121
0.910506
0.930949
1.01879
1.10948
0.864352
0.818114
0.947719
0.90004
0.956134
1.08152
0.869553
1.07575
1.0185
0.913639
1.01597
1.14269
1.11507
1.03283
1.08442
0.898624
0.975085
1.0385
0.984723
1.36334
1.00253
0.9865
1.1822
0.949915
0.93055
0.991366
1.18466
0.901792
1.2068
0.941122
1.08183
0.996279
0.974332
0.940102
1.01693
0.923137
0.911087
1.00873
1.01238
1.00782
1.11389
0.915811
1.12356
0.988315
1.01395
1.00915
0.957122
0.955091
1.02352
1.08761
0.961055
1.00166
0.998968
1.0357
0.97702
1.07173
0.881091
1.06036
1.05445
1.02782
1.0383
1.08727
1.10512
1.08424
0.874949
1.1785
0.917622
1.03457
1.11814
0.948739
0.893796
0.986578
1.04545
1.11797
0.830405
0.838186
0.961142
0.992386
1.08132
0.990884
0.87691
1.06774
0.915444
1.0278
0.851371
0.835134
0.929692
0.883337
1.03274
1.10679
1.20623
1.08313
1.06694
0.919815
0.96569
1.05984
1.0668
1.10196
0.915934
1.09778
1.11655
0.959586
1.08929
1.00809
1.02245
1.12658
1.02096
0.917637
1.12952
0.941165
1.02447
0.848576
1.08307
0.990245
0.897277
1.11708
1.09825
0.963541
0.894116
0.829201
1.12394
1.23953
1.11477
0.940814
1.07667
1.11604
0.850266
1.05323
0.948461
0.872749
1.01579
1.07564
0.999186
0.913511
1.02277
0.948178
0.886445
1.05731
0.894801
0.98621
1.01343
1.18875
0.967058
1.08318
1.03052
0.985297
0.938991
1.06008
0.953103
0.961214
0.962441
1.03019
1.02574
1.00825
1.05935
0.999265
1.00032
0.972065
1.15574
0.79236
0.757207
0.95655
1.10074
0.973981
0.817639
1.14398
1.03125
0.992494
0.961392
1.13212
0.855527
1.03554
1.07031
0.967738
0.923569
0.853375
0.955341
1.21581
0.974207
1.1676
0.960739
1.00036
1.00304
1.10514
1.10745
1.13
1.08978
1.03501
0.920332
1.00859
0.925924
1.04949
0.850106
1.07373
0.884136
1.18371
0.902346
0.940712
0.949429
0.919423
1.0171
1.0571
1.1611
1.08217
0.874663
0.990412
1.16507
1.10278
0.884364
0.953539
0.961297
1.09344
0.76916
1.14166
1.05788
1.01197
1.05008
0.954176
0.963025
0.856264
0.879242
1.03289
1.0605
0.813988
0.944268
0.960844
1.2029
1.11585
1.05204
1.20407
0.745308
0.871747
0.940141
1.19619
0.999784
1.03569
0.978944
1.05721
1.05072
0.9737
0.964457
1.12042
1.03277
0.930295
1.04432
0.977197
0.845714
1.01235
0.975551
0.904943
1.12577
0.975895
1.00316
0.966495
0.936364
1.06366
1.00419
0.967627
0.83742
0.83449
0.983927
1.04285
0.99318
1.04089
0.908076
1.05721
1.18742
1.23942
0.939569
0.99519
0.991957
0.961191
0.966305
0.950063
1.05388
1.08481
1.17249
0.874586
1.08992
0.920513
0.859457
0.981421
1.00878
0.844768
0.969626
1.01288
0.960655
0.881854
0.888624
0.945316
0.924212
1.02903
1.00848
1.08782
1.20124
0.967152
1.04804
0.967275
0.987958
0.931524
0.948312
1.188
1.07836
0.866202
1.06385
0.824745
0.940866
0.898051
0.993275
0.989999
1.17635
1.00862
1.07623
0.947591
0.920843
0.938988
1.31847
1.1497
1.22573
1.13687
0.827395
1.00203
0.945836
0.99361
1.17276
1.15487
0.929061
1.18302
1.01421
0.881727
0.929941
1.12249
1.22764
0.991714
0.941777
0.994719
0.966802
0.971605
0.930967
1.00403
0.978933
0.992251
0.99411
0.951536
1.10069
0.962037
1.13713
0.915679
1.0569
1.11165
1.09165
1.29635
0.942085
0.873689
0.92514
0.929156
1.14757
1.10908
1.01316
0.960564
1.29329
1.02897
0.909564
0.915819
1.09767
1.06955
1.04148
0.973466
0.927384
0.950937
1.12009
0.964797
0.93028
0.96375
1.10638
0.953602
1.02433
0.877013
1.16383
1.08172
0.863323
0.926869
0.981572
0.944768
0.936101
1.01493
1.16548
1.1018
0.998732
0.956653
1.03621
1.10697
0.937269
1.1477
0.93517
0.924788
1.04735
0.991007
0.940581
0.93388
0.982891
0.995272
1.01043
0.904332
1.03807
0.907998
1.25585
1.18081
0.999299
1.0623
0.970191
1.03533
0.957004
0.856129
0.94151
0.934262
1.05671
1.02743
1.04053
0.896157
0.870062
0.907296
0.876932
1.17281
0.97795
0.887464
0.796765
0.929833
1.05541
1.103
0.982966
0.989307
0.927822
1.03992
1.22105
0.94259
0.997634
0.946749
1.08887
1.1059
1.19791
1.0839
1.01559
1.14316
1.07183
1.01713
1.07415
1.15864
0.927082
1.16194
1.01321
0.999186
1.09036
0.846669
0.899403
0.955473
1.2072
1.06656
1.10499
1.01267
1.14493
1.02359
0.970286
0.999019
0.918569
1.04494
1.08281
1.02406
0.939851
0.950817
1.07003
0.997937
1.00315
1.00195
0.95498
1.01359
0.882933
0.805626
0.946557
1.12272
0.93203
1.15955
1.18114
1.03497
0.896572
0.99603
0.999395
0.915213
0.899907
0.981708
1.11759
1.0323
1.21128
1.0698
0.977884
1.03797
0.967804
1.14141
0.943068
1.00881
0.907466
1.05499
1.09397
0.94918
1.08896
0.974944
0.975264
1.09909
0.715629
1.21451
1.05957
0.901046
0.89643
1.21095
1.01638
1.03178
0.909638
1.01007
1.03352
1.04626
0.895039
0.912468
0.965732
1.01579
1.25482
0.931746
1.02328
1.09033
0.928526
0.949508
0.946356
1.03305
0.977484
0.917772
0.977944
1.02674
0.86349
1.13588
0.987536
1.13111
1.17559
1.00342
1.14623
0.765489
1.14064
0.939855
1.04978
0.812986
1.02908
1.08521
0.832346
0.988695
1.02116
0.950028
0.836353
1.0173
1.08564
0.860407
1.0294
1.06437
0.961506
1.04079
1.03829
0.901295
0.88623
0.900479
1.09798
0.870306
0.941856
1.05057
0.979018
1.11163
1.02676
1.05865
1.14641
1.06313
0.983238
0.917679
1.01197
1.12104
0.94565
0.969552
1.14344
0.946281
1.09129
0.953583
0.783191
1.20197
0.957723
1.12143
1.00117
0.929678
1.09204
0.859891
1.08235
1.00209
0.991401
0.872316
0.996504
0.912174
1.08737
1.14014
1.06255
1.19363
1.14454
1.04576
1.01502
1.16806
0.988994
1.00489
0.98835
0.929009
0.994544
1.06757
1.08958
0.952554
1.09002
1.02919
0.822463
1.03417
0.99156
1.01738
1.06131
0.970217
1.08675
1.04358
0.958973
1.01954
0.832797
0.928271
0.842143
0.937741
1.21852
1.03858
1.05911
1.16594
1.15411
0.946561
1.09514
1.05729
0.857977
0.939204
0.977955
0.970831
0.998048
1.03404
0.873046
0.835766
1.13582
0.966912
0.890205
1.13996
1.04291
1.2233
0.871381
1.23556
0.864413
0.862435
1.1388
0.904111
1.0222
0.972431
1.1582
1.13109
1.02062
1.00342
0.978684
0.996056
0.889047
1.03529
0.920463
0.92107
1.00632
0.81406
0.903854
0.980337
0.85368
1.04931
1.06739
1.07511
1.10351
1.13313
1.052
1.10268
1.06415
0.935043
0.77565
1.11021
0.895081
0.981268
0.890826
1.0728
0.979922
0.990174
1.11611
1.05706
1.05738
1.08238
0.986204
0.911196
1.00515
1.00388
1.15577
0.986204
0.912897
1.13993
1.01471
1.1424
1.10731
1.1536
0.986673
1.09957
0.832423
1.00513
0.939224
1.01533
0.85482
1.01129
0.930801
1.12428
0.900489
0.890602
0.927239
0.97175
0.877857
1.10081
0.902693
1.21985
0.945745
1.05597
0.922935
1.14855
1.02994
0.961513
1.10099
1.02883
0.828107
0.972573
0.982942
1.16297
0.878949
1.05507
1.08765
1.03953
0.930655
0.882692
0.900069
0.894399
0.987212
0.941207
0.962044
0.997489
1.04074
0.856468
0.935799
1.00316
1.17801
0.977429
0.975294
1.2257
0.898158
1.04775
0.945193
0.697798
1.01651
0.947409
0.973707
1.14209
1.05201
0.98144
0.958909
0.988631
1.04743
0.889042
1.06086
0.998673
1.12149
0.98727
0.922655
1.00959
1.03499
0.950154
1.01217
1.03649
0.987417
0.957467
0.864732
1.06934
1.04457
1.05615
0.920404
0.921394
0.888571
0.914967
0.917567
0.830402
0.95063
0.947614
1.08675
1.01735
0.842075
0.855309
0.955934
0.965211
1.01059
0.798341
0.853286
1.04557
1.06899
0.939125
0.965533
0.894704
0.997233
1.09372
0.965286
1.05436
0.949127
0.908337
1.11788
0.910048
1.14947
0.948876
0.85355
1.11933
0.865741
1.02448
1.06054
1.19321
0.992171
0.940994
0.900444
1.02609
0.823275
0.973501
0.936819
1.32881
1.09461
0.855778
1.04751
0.990075
0.979411
0.980792
0.871634
0.885842
1.12811
0.8863
1.05988
0.968243
0.861294
1.20348
1.04017
0.901433
0.940441
0.890024
1.15294
1.13331
0.95967
0.995895
0.987718
1.00298
0.973972
0.90334
1.09854
0.995429
0.931512
0.986257
1.00321
0.911212
0.923671
0.96122
0.968108
0.915799
1.06737
1.06628
0.999703
0.959242
1.05385
0.802677
0.916726
0.855456
0.973096
1.001
1.04373
1.09937
0.916256
0.919289
0.955808
0.992004
1.11856
0.953039
0.905482
1.20801
1.00969
0.924114
0.972344
0.952612
0.96666
1.10985
0.991542
1.16875
0.893299
0.949378
1.02465
1.04917
1.00719
1.10985
0.826145
0.883316
0.975783
0.844134
0.968783
0.996486
1.07306
1.1669
0.993723
1.07273
0.877149
0.931015
1.15407
1.23987
1.03728
0.865683
1.07541
0.907766
1.07355
0.941131
0.982719
0.794563
1.01603
1.18956
0.989282
0.82937
1.14974
0.905712
1.05669
1.08934
0.80774
0.995266
0.91113
0.899658
0.912656
1.00766
0.886328
1.27095
0.954474
0.851188
1.01822
1.00039
0.956337
1.05501
0.95466
1.01133
0.874332
0.983541
1.07128
1.08735
1.09779
0.982177
1.11615
0.95977
0.983291
1.03038
1.03448
1.27326
0.957992
1.05768
0.931048
1.11521
0.974429
0.873449
0.869074
0.892631
1.0625
0.977968
1.09669
1.17729
1.04874
1.07728
1.0255
0.854152
1.05848
0.947579
1.00365
1.03679
1.04261
1.27178
0.906104
0.974463
0.987211
1.00878
0.952863
1.05468
1.22867
0.867858
0.991303
0.977776
0.942421
0.971777
0.925981
1.0103
0.931882
0.977028
1.1513
0.923982
1.13933
1.07066
0.845885
1.10393
1.10922
0.949523
0.994708
0.925858
1.2056
1.00518
1.08193
0.844817
0.808705
1.04194
1.14597
0.811229
0.87138
0.84892
1.14573
1.18978
1.08994
0.906278
1.03708
0.90862
1.22099
0.871169
1.01637
1.06446
0.941171
1.0919
0.925725
0.934031
0.978631
1.05811
0.964638
1.00207
1.13406
1.07105
1.1036
1.14856
1.03563
1.14091
1.02308
1.0041
0.88411
1.03942
1.11325
0.841932
0.821981
1.04594
1.07826
1.02378
0.818529
0.999742
0.941737
0.935427
0.94244
0.994044
0.886162
0.934385
0.899954
0.932649
0.892866
1.07054
1.27029
1.02912
0.923667
0.887101
1.1212
0.96823
0.974701
0.910749
1.10452
0.938996
1.05794
0.943507
0.911694
0.936161
0.973218
1.03913
1.05278
1.25522
1.1649
0.859447
1.31479
1.09182
1.05401
1.03101
1.03355
1.01012
1.08402
0.98127
0.821258
0.915433
0.901239
1.0251
0.88404
1.05696
1.11537
0.842933
1.24862
0.972016
0.898346
1.07895
0.988556
0.957842
0.840595
0.93703
1.06231
1.0308
1.02843
1.01124
1.07535
0.877648
0.784491
1.02688
1.00038
0.873809
0.985195
0.917691
0.941974
1.22343
0.969331
1.22077
0.921052
1.17964
0.965695
0.947566
0.926256
1.05694
1.00561
1.15215
1.00848
0.997117
0.868292
1.04745
1.04339
0.855399
0.924587
1.1199
1.08435
0.937051
1.00152
0.986639
0.922725
1.12251
0.940507
1.09436
1.26714
0.987006
1.22421
0.889619
0.910781
0.881666
1.12601
1.03224
0.998119
1.03733
0.954369
0.902939
0.92464
1.0871
1.06078
0.799991
0.947576
1.03996
0.930062
1.01793
1.03248
1.17015
1.1427
1.04749
1.04973
1.13673
0.953103
0.863852
1.08679
0.922328
0.887936
1.0137
0.946685
0.971088
1.0527
0.912423
1.06413
0.914638
0.954981
0.86468
1.1297
1.18709
0.915023
1.04153
1.18238
0.802568
1.04709
0.844062
1.19459
0.869793
1.00972
0.839678
0.950508
1.24461
0.968764
1.05733
1.17629
0.968508
1.01321
1.05043
1.1288
0.900608
0.967383
1.03329
1.07409
1.05092
1.15434
0.990207
0.936192
1.05116
0.96716
0.880019
0.960669
1.06146
1.08263
0.919855
1.01119
0.992568
0.790648
1.07795
1.03357
0.944463
0.732865
0.991279
0.985127
1.02985
0.854707
0.9287
1.02191
1.02413
0.863319
1.05361
0.875865
0.867717
1.06915
0.89058
1.05275
0.957504
0.945446
0.871752
0.895895
0.803191
1.09372
1.20187
0.910609
1.06128
0.863182
0.830011
1.05111
0.795956
1.10335
0.974738
1.10116
1.19976
0.963154
0.975642
1.06826
0.890072
0.98858
0.856327
1.07562
1.04385
0.972859
1.163
0.949323
0.868717
0.901355
1.00818
0.99428
1.05462
1.0364
1.08609
1.22324
1.22554
1.11434
0.769515
0.989509
1.00709
1.04369
0.965579
1.07342
1.04512
1.0707
0.981869
1.28534
0.982375
0.924039
1.09597
1.01726
0.925758
1.00337
1.06695
0.928176
1.11438
1.03237
0.970035
0.823819
1.03824
0.942397
1.02074
1.16667
0.885675
1.01607
1.0658
1.0112
1.01018
1.12524
0.96937
1.10211
0.89887
1.10997
0.863364
0.89822
1.0889
1.13294
1.05873
0.857498
0.87186
0.963971
1.1281
1.04692
0.955971
0.920511
0.980204
0.788294
1.05142
1.26205
1.13355
1.04738
1.04422
1.10879
0.982077
1.06276
1.0588
1.04126
1.03132
0.995973
1.00276
1.10906
1.074
1.02951
0.941314
0.974262
0.824117
0.964658
1.02025
1.14058
0.876561
1.06815
1.11956
1.08037
1.071
0.845366
1.06594
0.947359
1.14687
0.925136
0.798854
0.865934
0.824616
0.964487
1.01366
0.964633
0.841263
0.930992
0.966715
1.02342
1.01575
1.03719
0.864413
1.00674
0.965325
0.932915
0.976052
0.772864
1.00519
1.0264
1.19323
1.07502
0.850376
1.04739
1.07782
0.949806
1.00378
0.879952
1.18803
0.893017
0.986648
0.992441
0.890098
1.17444
1.08458
0.757753
0.919889
0.941482
0.938616
1.03422
1.0175
0.997904
1.22838
0.910867
1.01529
1.03016
0.832115
1.04195
1.12324
0.975619
0.77872
1.01678
0.959517
0.824601
0.845905
1.00432
1.02648
1.13519
1.05037
0.940061
0.973706
1.00893
0.98044
1.18247
1.06754
1.00715
1.10621
0.865968
1.02377
1.10927
1.05575
0.89746
1.00274
1.04043
1.08192
1.12916
0.966428
0.966691
1.02894
0.914428
0.95259
0.944878
1.06484
0.875814
1.092
0.913598
1.0402
0.949721
0.913122
0.978092
0.860781
0.934964
0.890321
1.0386
0.926542
0.96509
1.05939
1.10333
1.02626
0.818333
1.02348
0.947647
0.97648
1.06023
0.925022
1.02664
0.925591
1.2396
0.979697
1.00249
1.04282
1.06805
0.981658
0.860498
1.12677
1.07796
1.09787
0.971299
0.802993
1.10937
0.9802
0.975037
0.958174
1.13101
0.945729
1.09545
0.837415
0.944558
0.78747
0.910557
0.997764
0.915671
1.03806
1.06306
0.954699
1.04524
1.17913
1.00547
0.898795
1.05701
0.878077
1.06177
1.02503
0.975191
1.07999
0.998746
1.06789
0.780204
1.16435
0.781193
1.01398
1.05439
0.936825
1.12117
1.22143
1.01209
1.1157
1.04349
1.13018
1.11571
0.863507
0.962132
0.89192
0.927949
1.12111
1.09166
0.980139
1.12571
0.88205
0.86151
0.894673
1.01871
0.96948
0.964988
0.857144
0.869385
0.898502
1.00972
1.19169
1.12298
1.1925
0.92276
1.11145
0.946898
1.00066
1.03993
1.08375
0.992587
1.00607
0.975427
1.06501
0.946442
1.05145
0.93024
0.990268
1.22071
0.78301
0.971251
1.01046
0.958591
1.0949
0.923604
1.02389
1.0538
0.933343
0.775581
0.946416
1.13175
1.07108
1.14419
1.01147
0.909922
1.01438
1.05738
0.975022
1.18913
0.958707
1.05649
0.906768
1.05686
1.10784
1.13946
1.01455
0.940486
0.911784
1.13077
1.06711
1.21342
0.912588
1.03246
0.92935
0.93071
1.12378
0.890698
1.18634
0.998851
1.01318
0.909185
1.03914
1.05958
0.966226
0.825715
0.858119
0.904609
1.08307
1.0747
1.0999
0.985581
0.905426
1.02301
0.925187
0.881118
1.21228
0.92377
1.05927
0.936771
0.97207
1.05501
0.912575
1.05974
0.978119
1.21531
0.965781
0.893267
0.932598
0.884933
0.905241
1.02148
0.908764
1.09676
0.904525
1.17716
0.879816
1.06473
0.983244
1.22653
1.04721
0.944131
0.949783
0.972881
1.25501
0.95576
0.745275
1.02709
1.23312
0.900157
1.05449
0.842026
0.959997
0.900728
1.06372
1.03236
0.967596
1.08466
1.07655
1.11539
0.974301
1.07042
1.18387
0.980338
1.01556
0.9304
1.03966
1.02715
0.957575
0.843355
1.06341
0.863461
0.997951
1.04076
0.808694
1.2191
1.07818
1.04349
0.828501
0.875137
0.869119
0.996765
0.989883
1.15562
1.19503
1.14962
1.03637
1.11304
0.953411
0.992458
1.07032
0.811039
1.04783
1.02441
0.910581
0.924815
0.880198
1.01559
1.10821
0.898394
1.12979
0.875174
1.04727
1.00023
0.931974
0.880495
1.18864
1.10085
1.09255
0.941099
1.03004
0.931564
1.02915
1.13249
0.829889
0.972866
1.05496
1.11991
0.950701
1.14684
1.14236
1.05318
0.932806
0.982601
0.911931
1.14525
1.08462
1.08969
1.11242
1.28998
0.910368
0.958001
0.804685
1.03448
0.95133
0.895503
1.0861
1.00857
0.896787
1.07518
1.03225
1.0703
0.885369
0.818396
1.14964
0.917825
1.03086
0.916584
0.929779
0.874007
1.003
1.29153
1.1666
0.852005
1.05097
0.868633
0.938559
0.875876
1.10831
1.05319
0.955328
1.00188
0.946608
1.08913
0.969586
1.00405
0.971673
1.07513
1.02849
0.9903
0.824409
0.97879
0.936497
1.00706
0.882223
1.20242
1.05641
1.02716
1.03155
1.01302
1.01284
0.923676
0.97189
1.25471
0.932712
0.980988
0.951693
0.946434
1.01268
1.00018
0.783161
1.11533
0.948305
0.922055
1.27547
1.03468
1.05774
1.06894
0.902111
1.18405
0.825834
1.12548
1.17447
1.04568
0.984797
1.31482
0.914995
0.8879
1.13604
1.1724
1.06321
1.12487
1.08301
0.952055
0.984953
1.04695
1.11571
1.02001
1.04758
0.935036
0.838219
0.961955
0.913981
0.890723
0.890169
1.00589
1.05645
0.885534
1.09144
0.939495
1.20116
1.01749
1.07754
1.02141
0.933653
0.967651
0.938466
1.1275
0.939053
1.08488
0.956026
0.889886
0.871579
0.995881
0.91588
1.2187
1.16176
1.04462
0.791954
0.961569
1.10315
1.22316
1.10603
0.903714
0.891429
0.991866
0.883669
0.998857
0.952753
1.20213
0.949786
1.19162
1.05725
1.07885
1.07327
0.962082
1.21746
1.14937
0.988295
1.16287
1.00583
1.04439
1.02501
0.997432
1.09802
1.04586
0.994182
0.991404
0.879058
0.936334
0.972662
0.973521
0.94233
0.987703
1.04427
0.971906
1.03626
0.940205
1.15872
0.991484
0.956521
0.862035
1.04946
1.03917
0.88179
1.04144
0.899548
0.934407
1.08845
1.05849
0.946653
0.969156
0.831331
0.957176
0.929402
0.999937
0.997698
0.924248
0.936652
1.03181
0.94361
0.907368
1.03401
0.949681
0.90959
1.0498
0.970284
0.924335
0.923453
0.939531
0.96476
0.914932
1.02537
0.860671
0.920411
0.895519
0.833419
0.938799
0.974926
0.978524
1.02293
0.88151
1.08313
1.10346
1.10853
0.923836
0.94885
1.06924
1.04544
1.04498
0.947308
1.00174
0.915534
1.11715
1.03097
0.917842
0.981358
0.88433
1.01345
1.0589
1.22689
1.00254
0.920116
0.898555
0.966267
0.86671
0.975419
0.902465
0.979072
0.958642
0.933198
1.16087
1.01142
0.889427
0.972519
0.867855
0.922869
1.11427
1.024
0.953457
1.06688
1.18935
1.13625
1.01561
1.02738
1.11046
0.898174
0.922464
1.23395
1.09985
0.931573
1.19338
0.895578
0.981716
0.940515
0.954709
1.12857
1.02984
0.930286
0.994751
0.982365
1.03945
0.980952
1.08631
0.91367
1.01939
1.11248
1.04251
1.08349
1.11894
0.883991
0.943702
0.99275
1.10988
0.999139
1.08273
1.00455
1.01048
0.97873
1.04096
1.09169
0.964482
1.00284
1.00734
0.912369
0.940448
1.11413
1.26278
0.983715
0.915298
1.0751
1.02017
0.971037
0.871748
1.05245
0.843153
0.986033
1.01366
0.970755
0.956041
0.961448
0.888778
1.29578
1.17061
1.02705
0.988888
0.915113
0.824979
0.975743
0.856081
0.982998
1.14445
0.91889
1.13371
0.88213
0.915203
1.0893
0.828257
0.986391
1.03068
0.878172
0.922638
0.888029
1.04181
1.00701
0.942666
0.934708
0.992957
0.905455
1.03082
1.11081
0.968025
0.912887
1.03495
1.03253
1.09632
1.07579
0.896203
1.17541
0.930449
0.850955
0.875503
0.910923
1.06204
1.01988
0.941622
1.01261
0.871532
0.99275
1.01746
0.995226
0.953138
0.843279
1.00497
0.920513
1.12805
0.969227
0.940904
1.02601
1.0569
1.09608
0.97591
0.959534
1.05296
1.1769
1.1945
0.890294
0.85574
0.862417
1.0739
0.901777
1.06851
0.95278
0.847545
0.909504
0.94414
0.82981
0.917065
1.01296
1.06423
1.21527
1.07622
1.01179
0.942529
1.01865
0.864261
0.958446
0.984818
1.02658
1.01324
1.02629
1.08958
0.922526
1.14366
1.03685
0.933976
0.904116
0.962145
0.92181
0.962486
0.943297
0.972105
1.02319
0.902163
0.835456
0.959407
1.10885
0.967062
1.22341
0.888652
1.04226
0.974035
1.04061
0.949535
1.05912
0.88907
1.09482
0.983639
0.917544
0.862614
1.11974
0.933232
0.960129
1.02689
1.00481
1.13298
0.844676
1.14244
1.03128
1.03339
1.01678
0.974883
1.01931
0.929514
0.958043
1.05255
0.975799
1.01067
0.993421
1.09852
0.908799
0.949709
0.826449
0.982625
1.20303
1.15728
1.05594
0.959328
1.02792
1.02237
1.17241
1.10756
1.18319
0.79715
0.972904
0.953313
0.91698
1.1316
1.18837
0.983751
0.926009
1.08381
1.10424
1.24193
1.0736
1.15275
0.925181
1.0177
1.01418
0.869185
1.08814
0.970295
1.01641
1.08022
0.891182
1.14464
0.927261
0.801094
1.05385
1.11408
1.02087
1.01621
1.06346
0.905567
1.11833
1.00072
0.874091
0.759542
1.17949
0.952693
0.77075
0.91355
0.86151
0.920676
1.00576
0.932435
1.12583
0.982218
1.14968
1.0639
1.15319
0.945689
1.13619
1.0664
1.05912
0.870518
1.19844
1.0791
0.893508
1.18131
1.06961
0.924253
1.03563
1.14472
0.997892
1.02563
1.03934
1.02069
1.07329
1.11772
0.853199
1.06006
1.03515
1.06336
0.93228
1.06189
1.09543
1.09108
0.856406
1.11722
0.898907
1.10893
0.880484
1.20748
1.00593
0.957569
0.845871
0.976155
0.794321
0.905325
1.10881
0.993502
0.985572
0.879709
1.18667
1.09847
0.996867
1.01966
0.906998
0.831117
0.91638
0.938142
1.05031
0.99376
0.8728
1.10821
1.02154
1.05239
0.984044
0.84602
1.15743
0.883841
0.978728
1.05663
1.07879
1.03802
1.03496
0.877173
1.00178
1.13235
0.869822
0.886455
1.06369
0.99383
0.858942
1.00024
1.01088
0.888823
1.01242
1.18637
0.95423
1.06792
1.09587
1.10076
1.1736
1.17139
0.959844
0.965812
1.02647
0.933645
0.898554
1.15347
1.11377
0.914522
0.934385
0.963112
1.27524
0.918801
0.939866
0.885852
0.94743
0.930184
1.05049
1.01306
0.807836
0.821291
0.942645
1.11061
0.957303
1.17726
1.04262
0.895546
0.894235
1.02808
1.02417
1.14293
0.95109
1.11031
1.28092
1.04025
0.828781
0.969008
0.918503
1.07801
0.941315
1.0137
0.999564
1.00814
0.996774
0.865863
0.873315
1.02367
1.08771
1.10232
0.916641
1.03279
0.924039
1.09613
0.978019
0.890968
0.90038
0.880189
1.04642
1.09849
1.0218
0.910672
0.894965
1.2089
1.05376
1.15215
0.843859
0.878917
1.06872
0.879419
0.930291
1.08426
0.966269
0.924858
1.07695
1.02477
1.06572
0.96735
1.06913
0.889428
0.94452
0.963312
0.962046
0.705076
1.02285
1.03691
1.01014
0.910432
0.779687
1.03624
0.967722
1.02946
1.07134
1.0109
1.30005
1.02407
0.999688
0.95795
0.847952
1.09164
1.12611
1.04679
1.009
0.975891
1.15895
1.05521
0.965202
0.80828
1.02885
0.893428
0.848697
1.08764
0.905915
0.95025
1.03016
1.09439
1.02297
1.33095
1.10982
1.28499
0.993277
1.02107
1.03231
1.26016
0.998235
1.00797
0.951058
0.961802
0.994155
0.889881
0.965608
1.01416
0.748392
0.896625
1.08188
0.88357
0.978009
1.00311
0.925046
0.966491
1.06307
0.977208
0.975076
1.09876
1.04493
1.19371
1.13101
1.14387
1.02836
1.04895
0.966278
0.936928
1.06268
0.952532
1.07529
0.940641
1.06982
0.957037
0.890038
1.12924
0.929853
0.994608
1.01621
1.02906
0.947153
0.855352
0.953466
1.01573
0.927184
1.01615
1.03529
0.964316
0.922115
0.931358
1.02509
0.820524
1.07631
1.15058
1.10256
0.874399
1.02181
0.87172
0.983146
0.844064
0.967713
1.00979
0.852939
1.1053
1.16191
0.786186
1.15331
1.16465
1.06613
0.968671
0.93706
1.20846
0.953742
1.13853
0.881118
1.06453
0.826691
0.960986
1.015
0.910561
1.06963
0.930711
1.08006
0.951299
0.981852
0.927201
0.695376
0.960693
1.03013
0.858165
0.95419
1.21213
0.881548
0.834059
1.34557
0.959991
0.977799
0.852281
0.98008
0.996134
0.941337
1.05888
1.05696
1.20666
1.13118
0.801971
0.939691
1.01361
1.14013
0.993662
0.970211
0.968228
1.00142
1.00882
0.974547
1.07633
1.04665
1.10818
0.960915
0.888137
0.812313
0.98628
0.935767
1.09031
1.00956
0.931752
1.09011
1.07202
1.04157
0.928322
0.941797
0.819251
0.992364
0.974454
0.964152
1.02911
1.00422
0.922551
1.02163
1.05702
0.833634
0.899813
1.00028
1.05098
0.926001
0.960332
1.19712
0.966575
0.937942
0.975263
0.984892
1.03156
0.888213
1.14167
0.935771
0.934842
0.973718
1.0951
0.920499
0.750227
0.895897
1.25742
0.992838
0.916626
0.998697
1.14339
0.975027
0.918234
0.912134
0.925736
1.1607
1.17972
1.11676
1.01684
1.00145
0.904975
0.952439
1.06456
0.92546
0.881958
0.965978
1.04357
0.951755
1.14659
1.01683
0.950479
0.985356
0.989143
1.07407
1.1278
1.38467
0.893589
0.875429
0.946399
1.18252
1.16166
1.131
0.978971
1.0942
1.00368
1.1662
0.992259
1.02386
1.04509
0.853955
1.26729
1.1027
1.11393
0.979243
0.905854
0.937776
0.987096
1.09892
1.06375
0.976142
0.845351
1.25112
1.15736
1.0492
1.05025
1.01578
0.906343
0.823996
0.855402
1.1334
0.88763
0.912059
1.03805
1.01613
1.02728
0.810444
1.06647
0.808929
1.04852
1.13324
1.12813
1.03058
0.975688
1.07042
1.15945
0.976704
1.08357
1.1076
1.03167
1.20909
1.08091
0.960997
0.917847
0.92584
1.05512
1.16559
0.902998
0.94938
0.943719
1.01164
0.948567
0.981965
0.905022
0.859772
0.914114
0.797335
1.04933
1.13078
1.1193
0.748582
0.964744
1.00391
0.812579
1.20416
1.03941
0.939446
0.891535
0.892554
1.17962
1.11767
0.985214
1.0631
1.21768
0.871135
0.996889
0.899128
0.956032
1.19849
1.08665
1.44314
0.959281
0.986474
0.940266
1.13432
0.985188
1.04973
0.897254
0.961439
0.91102
1.07493
0.989907
1.10168
0.810977
1.12369
1.01698
0.919599
1.02203
1.09959
1.01931
0.913413
1.05414
1.01441
0.953169
0.84495
0.9293
1.00225
0.940159
0.729164
0.802694
0.994548
1.07167
0.976752
0.860185
1.04071
0.876974
1.07941
0.941007
1.14096
0.974465
1.14719
0.945248
1.01813
1.0497
0.991053
1.04972
0.931887
1.04799
1.05092
0.896373
0.96333
0.898778
1.02362
0.940017
0.97022
1.09131
0.937978
1.00857
0.995851
1.09592
1.04523
1.05694
1.07302
0.80693
0.973122
1.3383
0.98188
1.21299
0.995529
1.00968
1.08373
0.969197
0.969807
0.914718
0.904781
1.10039
1.1585
1.06442
1.06719
1.19915
0.959014
0.9459
0.992146
0.987304
1.0853
1.0013
1.03223
0.890635
1.20682
0.935518
0.813936
0.917372
1.02143
0.975778
1.14749
0.885727
1.11169
1.10503
1.07618
1.01947
0.916214
0.929532
1.06748
0.956992
1.09804
1.1286
1.03215
0.912413
0.775924
0.91864
1.08819
0.903852
0.972445
0.850887
0.905476
1.01034
0.780506
0.849419
0.97012
1.12042
1.08351
0.948068
0.949832
0.955984
0.936492
1.18851
0.947141
1.1321
1.06244
0.991029
0.919837
1.17768
1.01893
1.05614
1.12189
1.05157
0.935546
1.02023
0.86863
0.919589
0.952719
0.943207
0.959313
0.978486
1.08045
0.923239
1.02388
1.0179
0.855574
1.02975
1.09557
1.10978
1.01368
0.977462
1.10228
1.06788
1.05443
0.876903
1.02482
1.02599
0.908183
0.874879
1.04096
1.14498
1.08079
0.8713
0.862678
0.941218
1.10113
1.0481
0.829744
1.10974
1.03315
