S
1.51886
0.630053
0.331053
0.204095
1.87669
0.835921
0.39309
0.586258
0.545699
1.08779
0.726069
0.848376
0.717352
0.835303
1.03215
0.81463
1.41379
0.0929588
0.589794
1.04267
1.78571
1.30223
0.840442
2.6863
1.00853
0.712123
0.798211
0.0510963
0.343748
0.836171
0.414132
0.67865
0.67202
0.496775
0.627117
1.29335
2.0497
0.0486415
0.269503
0.805197
1.11864
0.656717
1.45195
0.650777
1.16018
1.06177
2.48593
1.05646
0.448191
2.0678
0.642357
0.691983
1.4934
0.362075
0.473907
0.44059
0.287751
2.09066
0.329438
0.685898
0.454479
0.530831
0.37263
1.63797
0.637151
0.559964
0.372202
0.314778
0.460558
0.51915
0.244454
0.509199
0.349537
1.51825
0.681093
2.10305
0.258817
1.45697
1.3461
2.05535
1.08099
1.23871
0.539806
1.44333
0.332986
0.521313
0.643366
0.567635
1.61932
0.414671
0.639323
1.74021
0.611432
0.480386
0.307787
0.538755
1.51878
0.221546
0.491876
1.33033
1.4801
1.35911
2.36677
0.574926
1.79546
0.171059
2.89332
0.738017
1.31263
1.45817
0.900531
1.39351
1.11935
1.29248
2.73542
0.393737
2.13169
0.743239
1.2081
1.15749
1.12926
0.466883
0.0843846
0.35449
0.994581
1.52357
0.661472
1.13597
0.692437
1.28439
1.00507
1.06168
0.581075
1.91307
2.03039
0.948471
2.06446
0.514359
1.57105
0.624145
0.446796
2.38207
0.535602
0.259221
1.2312
0.364216
1.98576
0.392889
1.23858
0.805965
2.71029
1.6582
0.716671
0.26249
1.8352
0.350067
0.470543
1.0508
1.3453
1.77137
1.30073
1.22615
1.28871
0.264564
0.224279
0.315844
1.13239
0.544647
0.801532
1.34623
0.235218
0.572552
1.29761
0.341349
1.25187
0.688976
1.61822
0.959055
0.268015
0.164006
0.439296
0.428012
0.899911
0.523706
1.36682
0.274207
0.718143
0.408331
0.384642
0.935796
1.14536
0.697618
0.325192
1.8529
1.03601
0.888579
0.516646
1.14956
0.89059
0.0349747
0.630223
0.532985
2.39298
3.16664
0.240148
0.65037
0.475015
0.457832
1.95895
1.17667
1.47494
0.630949
1.72622
1.02694
0.348818
3.05554
1.63264
0.565161
0.558567
3.03809
1.29909
0.77669
0.293772
0.730858
1.28395
0.772746
0.960359
0.414574
2.09106
0.690977
0.0607973
0.533196
1.46461
0.942688
0.659476
0.674086
0.500691
1.35181
1.40773
1.19382
0.97315
0.57392
1.73706
1.45659
0.449833
2.17207
0.436192
0.734811
1.33608
0.646589
0.54058
1.08548
0.910756
0.549274
3.66486
1.05519
2.20999
1.0394
1.00562
1.48878
2.49928
0.568656
1.00789
3.3677
1.34231
0.814764
0.855296
2.87882
0.494986
0.722059
0.774912
0.999636
2.32108
1.02996
1.14809
0.306864
1.22146
0.136408
2.21843
0.533099
1.10848
1.31633
0.950769
1.31387
0.260868
0.965646
0.850065
0.288516
0.538222
0.509055
0.806023
0.190229
0.794016
0.801625
0.838736
0.13679
2.19143
0.276731
1.42173
0.0890097
0.286837
1.03377
0.425356
2.11427
0.0911683
0.947935
1.29785
1.59425
1.36823
1.62368
0.193209
0.609363
0.244549
2.64166
0.685886
0.787874
1.01697
1.21617
0.204473
0.0638511
0.617563
1.6726
2.43666
0.225947
0.357811
0.431501
2.97575
0.212595
0.239057
1.09636
0.815851
0.664726
0.743159
0.276005
2.30664
0.638387
0.519332
1.74001
1.20533
2.86364
0.270592
0.846871
0.858089
1.06865
0.382231
2.63236
0.819871
0.830768
1.32528
0.964257
1.18391
1.93739
0.102091
0.633542
1.91224
0.916396
0.668414
0.487927
2.41759
0.2307
1.47722
0.826527
0.933095
0.504882
1.54527
0.289403
0.750162
1.5707
1.5266
0.893079
0.533774
0.856033
0.162619
0.898631
1.69404
1.14959
3.60444
2.18927
0.418212
1.43948
1.16708
0.480376
0.127875
0.347543
1.19115
0.291168
0.998317
1.50324
1.63983
0.232039
0.459336
0.615569
0.553369
0.307364
2.67343
0.846545
1.69401
1.21851
2.0012
2.11919
1.36699
0.972879
2.17579
0.363623
0.658432
0.34644
1.68614
1.0457
0.883351
1.47342
0.433858
0.73624
0.97125
0.487034
1.92388
0.591856
0.29579
0.249851
0.17189
0.586488
1.4005
0.647629
0.85515
0.223474
1.42785
1.04365
1.53102
0.407248
1.39219
0.412227
0.630458
0.403098
0.313302
0.319126
0.863746
0.831053
0.44954
0.508311
2.16073
0.462066
1.09966
0.552336
1.20648
1.06319
0.699015
0.485699
0.482461
0.261287
0.757921
1.00749
0.206227
0.374009
1.86138
0.741273
0.540042
1.21945
0.712103
1.21702
0.398457
0.365152
2.19016
1.09432
1.20493
0.945609
1.58403
0.514196
1.00637
0.757686
0.906675
0.25907
0.918468
0.404842
0.667833
1.43455
0.65424
3.16247
0.85018
0.232828
1.23569
1.47147
2.103
0.5185
0.947176
2.63367
0.421332
2.49801
0.305854
1.45126
1.1276
1.27232
2.84398
0.620443
1.24141
0.823944
0.326403
0.91348
3.85929
1.42929
0.858682
1.47659
0.351982
0.648424
0.599229
0.372592
0.991398
1.0553
0.416151
0.743839
0.754352
1.53856
0.120496
0.668838
0.0543035
1.07659
0.381141
1.09529
1.67213
0.934127
2.32611
1.02622
0.480249
1.49885
1.50966
0.437694
0.38988
1.11835
2.58753
0.873457
0.113832
1.02464
1.07477
0.597173
1.08394
0.238379
0.891452
2.20149
1.18103
0.161797
1.81898
0.704803
1.89563
0.224354
1.28753
1.82753
0.226102
0.705525
1.02479
3.43849
0.582007
3.01784
2.04605
0.633765
1.51844
0.549851
0.943336
0.202248
0.0545938
0.164076
0.14438
1.10199
0.741668
1.19569
1.46218
0.370487
0.469413
0.892488
0.107263
0.699182
0.240144
0.710885
0.203112
1.37677
0.621266
0.412369
0.402026
2.37272
0.561243
0.341652
0.846619
0.525867
1.47046
1.46976
4.79494
1.52624
0.965395
0.678491
2.09532
1.06061
0.797613
0.434399
2.49019
0.937976
2.36095
2.62779
0.115695
0.593302
0.485165
0.799529
0.853643
1.95719
1.01469
0.846063
0.857101
1.03379
0.0457498
0.616286
2.00648
2.86194
0.86386
0.431497
2.24703
1.51739
0.500993
1.22948
0.143596
0.748579
1.38015
0.690943
2.61019
2.83538
1.16995
0.704387
0.0561307
0.689375
0.740683
0.628725
0.824346
1.56477
1.13202
2.12965
0.715953
0.758432
0.26705
0.208524
0.725469
0.273541
2.41992
0.359967
0.654968
1.54097
1.68864
0.235955
0.727661
1.15168
1.52023
0.747437
2.7532
0.512633
0.612747
0.539386
1.70237
0.966481
0.919522
2.24872
0.185269
0.301892
0.436982
1.21038
1.4805
1.02971
1.7319
0.816431
1.19355
0.919498
3.32775
0.944805
0.586248
1.7783
0.356792
0.284834
0.723323
2.31634
0.935388
0.288193
0.614642
0.229589
0.507742
1.84079
0.566216
0.336025
2.22226
0.520735
0.779536
0.495442
2.26822
0.714674
1.25563
0.491375
4.29325
1.44763
1.89524
0.918342
1.12409
0.694972
1.04225
0.698569
1.98066
1.89207
1.0397
2.7493
1.10325
0.528752
0.496896
0.206691
1.89724
0.164158
1.09513
0.730937
0.190461
0.814566
1.2345
0.515635
0.781348
0.538663
0.23128
0.603231
2.40697
0.491636
0.937523
0.70676
0.66877
0.303147
0.177536
1.87117
0.365516
2.47547
0.596203
1.35823
0.756414
0.997464
0.926306
1.12696
0.388506
0.435362
0.949632
1.94351
1.45849
0.441634
1.26328
1.47342
0.933672
0.964853
1.70068
1.54422
1.98101
0.165835
1.01554
0.939706
2.12409
0.890348
0.193891
0.9928
0.170094
0.724243
0.417275
0.351229
1.41455
1.09549
0.826353
0.605422
2.50833
1.77557
0.186771
0.518693
0.423876
0.655436
2.45923
0.671917
2.23767
1.2693
0.8362
1.7256
1.52192
1.27236
0.497745
0.735473
1.04919
0.671043
0.456207
0.787963
0.541432
0.693454
2.33888
1.84364
1.45393
1.19651
0.823523
0.415057
0.454764
1.04052
0.643756
0.869104
1.05618
0.545763
0.594321
0.858084
0.1536
1.19253
0.893721
0.368654
0.590801
0.741079
0.346649
0.786521
1.17763
1.3531
0.361697
1.62248
0.503168
1.28572
1.1208
1.39412
0.736103
1.29084
2.04775
0.498267
0.717775
0.284032
0.53877
0.259089
1.09414
0.406902
4.16489
0.775923
0.649599
0.538309
3.81096
0.662088
0.14962
1.95771
0.56323
0.149301
1.56961
1.69114
1.12951
0.384728
1.155
0.83384
0.306308
1.03805
1.65278
2.93294
0.525441
1.95782
1.1976
0.425817
0.291911
1.06881
0.480524
3.12789
0.796594
0.640237
2.33439
0.696768
0.534852
0.636932
0.55538
1.99909
0.459577
1.56318
0.951975
0.335886
0.325858
0.676476
0.394962
2.06956
3.15819
0.723806
1.16921
1.52326
1.42744
0.359711
0.627957
0.835615
0.840208
0.156366
0.563404
0.399904
0.646951
0.432789
1.07208
2.27314
0.568709
0.248953
0.25059
0.240423
1.27969
2.07394
0.106523
0.547116
1.46592
1.18771
0.232623
0.761851
0.591571
1.09379
0.451691
0.726503
0.727949
1.05506
0.777033
0.962621
0.0302151
0.281947
2.33089
1.96642
1.29918
0.127551
0.26514
0.297438
2.54234
1.05988
1.49664
2.10454
0.544895
1.09653
1.31898
0.752932
2.30437
0.981062
0.997217
0.927224
0.273785
0.619888
0.492066
0.346077
0.7056
0.704175
0.752149
1.19038
0.233613
2.33249
0.622452
1.48016
0.898404
1.48028
0.328024
4.22069
0.371519
1.94956
0.78444
1.09886
0.442105
0.551259
1.65967
0.0668872
1.60947
0.183262
1.12499
0.835421
0.753354
1.87911
0.519396
0.277335
0.244901
0.286372
0.138374
1.99612
0.692504
0.50139
1.26875
0.23399
0.410394
0.44892
0.309815
1.90229
0.66221
1.07901
1.43112
0.286598
1.47641
0.726403
0.66871
0.318514
0.467784
0.753822
0.299843
0.473421
0.997008
0.105662
2.54824
0.674052
2.28481
0.439098
0.457783
1.00953
0.182735
0.935613
0.428727
0.988719
3.26562
0.394631
1.33572
0.793037
0.702372
0.325851
1.0505
0.714972
0.298512
0.447319
1.0884
0.76919
0.190361
0.990907
0.979795
2.88026
0.119869
0.701574
2.10772
1.67488
0.80383
0.205044
0.717381
1.02652
1.92987
0.507473
1.44279
0.772333
0.192146
0.640701
0.323124
0.473295
1.65912
0.457583
0.170402
0.526911
0.518916
1.0665
0.756229
1.83745
0.0647379
1.32728
0.582689
1.5654
1.08368
0.731389
0.302617
2.17779
0.64944
0.336863
0.76617
0.171206
0.240477
1.20835
0.398221
0.654052
0.0686108
1.43248
1.00117
1.14664
0.883482
0.76493
0.720558
1.04405
0.265412
0.813747
0.816163
1.51618
0.339183
0.628461
2.6931
0.362089
1.28276
0.796409
0.486001
0.42425
0.469044
0.911464
0.764165
1.14805
0.813723
0.445863
1.41702
1.42263
0.0692227
0.50468
0.098097
0.654902
0.502472
0.241171
0.403593
1.00049
0.184995
3.77061
0.713329
0.293255
0.87434
0.356042
1.96222
2.36029
1.0111
0.610066
0.704816
1.04804
0.585642
2.59524
0.323481
1.22473
0.369888
2.20058
0.146487
1.40275
0.335412
0.525671
0.989517
0.764148
0.840219
0.570736
0.109307
1.44392
0.338329
0.825119
1.95916
2.48383
1.02623
1.37559
0.208678
1.3785
2.59934
1.09362
0.635783
1.31866
1.51815
5.70457
1.07431
0.598891
1.07713
0.289895
1.32687
1.1344
0.387368
0.419721
2.44635
0.575336
0.741177
3.03842
0.183419
1.08182
0.156921
0.0809945
0.593964
0.511891
1.77647
0.289323
1.6337
0.313931
0.0687597
0.51854
1.16233
0.34543
0.989961
0.480079
0.412733
1.56118
0.615421
0.695262
2.66495
0.383987
0.180017
1.62919
0.509571
1.15449
0.0955986
0.745278
0.658117
0.466099
0.130502
2.02897
1.00014
0.752315
0.730662
3.07631
0.621867
0.850305
1.08979
1.41576
0.928846
1.42132
3.64594
1.63207
1.41858
2.77386
0.194541
0.234282
0.659675
0.523626
1.46214
0.837746
1.06309
0.208731
2.81379
0.697906
0.499109
0.273941
1.47007
3.83985
1.4676
0.382893
0.160993
0.394284
0.221907
0.783976
0.894688
2.30807
0.994919
0.219221
0.1843
0.373762
0.732292
0.502222
0.460932
2.20302
1.12357
0.177107
0.559468
0.390692
0.256666
0.519899
0.652754
0.965092
0.111076
0.762793
1.39694
0.751736
0.278541
1.49287
0.564003
0.936177
0.752401
0.553664
0.426911
1.26926
0.382219
1.30127
2.26584
1.58501
1.0252
0.940864
0.765941
1.52291
0.211574
1.02768
1.27834
0.528516
2.74946
1.14161
0.691481
0.498914
0.654384
0.800022
0.667069
0.570307
2.03735
0.331763
0.995291
1.24792
0.663462
1.02831
0.697803
0.876791
1.37833
1.07996
1.36335
0.238333
0.921312
1.38114
0.650486
0.838621
1.12435
0.137799
0.940801
0.801671
2.41246
0.350519
0.385014
1.2183
0.529438
0.536129
0.961031
0.503021
0.538588
0.755637
0.524239
0.82031
1.15261
1.95903
0.560613
1.03612
0.80332
0.702321
1.05663
0.804098
0.799367
0.353546
0.901866
2.74545
0.497321
1.23202
0.302466
0.46006
0.888521
0.628881
2.5329
1.21267
0.232845
0.955575
1.07744
0.227157
1.14648
0.768848
0.526715
1.12051
1.72401
1.07212
0.707247
1.22443
0.998255
0.445468
0.584552
0.405729
1.49768
0.730328
1.08304
0.326749
0.993998
0.620797
0.491152
1.02866
0.867335
0.381728
1.46183
0.930583
1.39034
1.68421
0.843187
0.64625
1.66401
0.26176
0.469182
0.601975
1.17483
0.536947
1.79955
1.51815
0.86392
0.398325
0.399429
2.09182
0.473398
0.950876
1.49527
0.50797
0.197428
1.86554
1.24467
0.507875
0.691991
0.842173
0.842845
1.65608
3.47335
2.26165
3.14722
1.2312
0.639587
0.609147
1.4252
1.18605
0.544168
0.557699
0.24849
0.320293
0.570974
0.656611
0.780398
2.18487
1.01117
0.596273
0.395244
0.872036
0.494724
1.16847
0.244421
0.974083
0.717223
0.490056
0.890977
0.637763
1.19543
2.33842
0.089142
1.53109
0.861675
1.3971
1.15327
3.40386
0.43491
0.638143
0.769346
0.427366
0.308701
1.50216
2.89088
1.23644
1.3315
0.682564
1.14546
2.48858
1.38431
0.761705
3.2484
2.40574
0.310513
1.63942
1.11331
0.542648
0.576425
1.37256
2.78764
0.22533
0.385077
0.944953
0.176944
1.21409
1.18752
1.28642
1.69314
0.819233
0.32208
0.991574
0.97469
1.24665
1.56044
0.32004
1.46919
0.499673
1.75084
1.05343
1.36928
0.365625
0.577326
1.22284
0.179663
0.483092
1.38763
2.2682
0.657776
1.81554
0.948423
0.40589
0.984661
1.09407
0.336116
1.31475
1.05249
0.615961
1.09222
2.29106
0.192212
0.882824
0.732628
1.23335
1.21023
0.787558
2.65604
1.25514
1.25075
1.54881
0.464561
1.32669
0.253473
1.40822
1.04684
0.56947
1.62235
1.33863
0.636996
1.40029
0.392871
1.45129
0.461527
0.797255
0.875601
1.40272
3.04114
0.534735
0.480408
0.189163
0.259853
1.2208
1.05747
0.872673
1.40154
1.14857
0.316788
1.11793
1.31343
0.37446
0.118786
2.53358
0.801909
0.400685
0.678893
0.801351
0.348455
0.315862
2.2248
1.04412
1.36402
1.50837
0.875121
1.15149
1.52283
0.792029
1.28877
2.32527
1.58244
1.3527
1.05455
1.31987
1.35105
0.515123
1.87009
1.17625
1.18157
0.193256
0.762037
0.943873
0.592026
0.610672
0.13813
0.485814
1.22884
1.93131
2.30887
1.60391
0.283931
1.36177
1.04252
3.459
1.26552
0.346036
0.2498
1.23064
0.831208
0.694941
0.384195
0.711469
0.730188
1.29551
0.935495
3.34014
1.26824
0.660039
1.04563
0.651531
2.55734
0.614308
0.762685
0.713705
1.25469
0.7315
1.3122
0.0622621
1.51773
2.08181
0.865675
1.84681
0.699489
0.749359
0.913915
0.568847
0.451646
0.363021
1.14723
0.523953
1.18999
0.565485
0.421408
1.01258
0.7334
2.10945
0.482878
1.60448
1.21468
0.717932
1.28687
0.650309
1.33854
0.351269
0.851831
0.498842
2.22431
0.522747
0.827604
1.73345
0.914847
0.801484
0.108201
1.14017
2.7879
0.831218
1.6566
1.56142
0.567478
1.39968
1.26809
0.547419
0.994535
0.33139
0.622767
0.568194
2.42221
0.357168
2.45486
0.897341
0.653897
0.726832
0.956912
0.47886
0.334823
1.82346
2.96121
0.420863
2.33738
1.27072
0.452536
0.593385
0.711582
0.384807
1.30451
0.906005
0.34473
0.395018
0.437866
0.658249
1.34333
1.54103
0.707737
0.683054
1.60797
0.484407
0.509525
1.24204
0.0748239
0.366091
1.11596
1.19615
0.428511
0.525249
1.31975
1.69311
2.34152
2.3342
0.877342
0.293288
4.38082
0.0444752
0.739335
1.58677
0.358684
1.86638
0.923131
0.137936
0.923153
0.81969
1.96532
1.25922
0.511758
0.42083
0.298011
0.815873
0.0695957
1.09651
1.61975
0.754505
2.04865
0.948995
0.865291
0.662066
0.771639
1.53719
0.169277
2.19857
0.417578
0.500103
2.93081
0.718961
1.2329
0.274189
1.05532
0.900857
0.97263
0.343508
1.88754
0.836564
0.649947
3.02859
1.06662
1.09496
0.810111
1.25237
0.423339
0.236954
2.70717
1.10779
0.0786142
0.297199
0.277734
0.23182
1.38048
1.34018
0.390991
1.1835
0.417478
0.759167
0.866491
0.957548
1.19153
0.931353
0.449661
0.816987
1.2959
0.938238
0.251376
0.0880878
0.579275
0.697516
2.17986
0.629233
0.627304
0.396797
1.42503
0.585514
0.799919
1.74674
1.68404
0.778013
0.285024
0.876648
1.57771
1.1931
1.37166
0.883997
1.42033
0.932337
0.572114
0.495909
1.2508
0.35222
1.05252
0.338092
4.39956
0.208876
0.595186
0.0382843
1.71957
0.168916
1.72437
2.64054
0.850026
2.06466
0.469872
0.323502
0.944778
1.41422
0.719038
0.658128
1.52854
1.00049
0.273826
0.240143
0.283586
0.745216
0.486792
1.42135
1.69514
1.75737
1.19457
0.275986
0.885777
0.774094
0.276708
0.54833
0.0974388
0.967344
0.526481
0.714654
0.964889
0.323957
1.25742
0.745747
0.97501
1.50677
0.45396
0.464957
1.74326
0.336139
0.961696
2.1432
0.53383
0.649668
0.276892
0.728086
0.205283
0.687436
0.693367
0.374788
1.58353
1.43023
0.796417
1.16035
0.382149
0.956346
0.708758
0.892499
4.5105
0.758209
1.5901
0.347868
0.532863
1.8616
0.173792
2.03269
0.754522
1.5776
0.567408
1.08385
1.60461
0.742479
1.32801
0.994658
0.523236
0.973205
1.29264
0.293574
0.270217
1.28082
0.597204
0.546959
0.23542
0.653073
0.108333
1.53172
1.12232
0.403492
0.904494
1.59541
0.530639
1.81909
2.25116
0.368081
0.487268
1.10528
1.00735
2.02854
1.22629
0.586982
0.747554
0.883302
2.70255
0.248301
2.12509
2.06694
1.422
1.43404
0.489948
1.29598
2.06349
1.54487
1.28903
0.813471
1.0383
0.663696
0.200946
0.306365
0.413024
1.44992
0.928852
1.20651
2.36676
0.707928
0.456679
0.374616
1.17426
0.0472627
0.161258
0.672591
0.545175
0.808321
0.862797
2.4778
0.504774
1.65745
0.555769
0.186754
1.13388
0.613817
0.411834
0.450666
0.365143
0.520498
0.844216
0.326753
0.705071
0.610828
0.628549
2.1476
0.904317
1.28615
0.354954
1.01288
1.16721
0.393291
0.153142
2.8533
2.02516
0.373863
0.228524
0.726224
0.775809
2.17509
3.33207
1.09299
1.90568
2.11397
0.996411
1.01207
1.6107
2.4088
0.56679
0.605101
0.0860728
0.818433
2.05496
1.10505
1.06377
1.10448
0.636812
1.83048
0.924438
0.0940385
1.17837
1.64039
0.738931
0.868917
0.477077
1.53747
0.141243
1.50363
1.29164
0.852245
0.405
0.549451
1.41856
0.47783
1.03088
0.719084
0.841216
0.719073
2.31349
0.659895
0.788327
0.353759
1.1793
1.01439
1.13912
0.489696
1.14794
1.96911
1.10507
0.774069
1.23788
0.705635
0.275668
3.17377
0.664779
0.797611
0.18527
1.22885
0.194709
1.36148
1.3106
0.315512
0.754997
1.255
0.670705
1.46306
1.30544
1.16447
0.390406
0.831404
0.645341
2.89189
1.64692
0.82418
0.316319
2.85733
0.580781
0.276115
1.96702
1.28196
0.869833
0.989877
0.646961
1.85544
0.882879
0.952089
2.8508
0.532198
1.32358
0.719909
2.19746
0.841784
2.15449
0.192104
1.11745
0.19261
0.517552
1.28711
0.943149
0.764636
1.43764
1.24407
1.52315
1.18623
0.332627
1.06467
1.00227
2.26068
0.316773
0.539753
1.29501
0.884333
1.10608
1.42118
0.684132
0.742993
1.28668
1.00443
0.394283
0.47822
0.730871
0.2263
0.525901
0.306793
1.28273
0.861284
1.0134
0.627583
1.11168
0.724716
0.467695
1.25825
1.20348
1.45725
0.212481
0.8744
0.869653
0.54496
0.867887
1.15248
1.42265
0.292807
1.1957
0.723443
0.835399
0.128936
0.756923
0.364812
1.07895
0.899255
1.0244
1.07067
1.12402
0.970279
0.177772
0.675012
0.637157
0.736911
1.47574
1.90217
0.818998
0.334873
2.75581
1.26882
0.998731
1.36524
0.719798
1.39689
0.452139
1.6574
1.41038
0.604799
0.69474
0.373005
1.53721
0.520522
0.65353
0.147507
0.376006
0.542114
0.14911
0.702751
1.69854
0.817087
1.68244
1.18994
0.577774
1.01254
0.384206
0.4472
0.887299
0.603063
0.0579758
0.298248
0.131405
0.813229
0.337047
0.304174
0.573841
0.575224
1.05763
1.84719
0.440069
0.924682
0.914249
0.373161
2.34637
1.47324
0.644402
1.24998
0.157158
1.15706
0.265326
0.582375
1.25044
1.75641
0.787036
1.69206
0.222032
1.64402
0.391881
0.879721
1.56541
1.02833
0.283488
0.201079
1.01884
1.86103
0.80211
0.687844
0.104199
1.65285
0.953358
2.33133
1.11902
0.666226
0.359173
1.20442
1.13212
0.84754
1.03197
0.521466
1.06951
1.14181
1.47276
2.68749
1.30141
0.585231
1.91361
0.482553
1.21192
0.678522
0.282228
1.06083
1.28694
1.83993
0.0373455
1.05033
1.07624
0.852502
2.82874
1.19826
0.770785
0.221153
1.23781
0.574646
1.57699
0.470443
0.298635
0.737521
0.386636
0.69128
2.67088
0.793528
2.37931
1.29661
2.06138
0.747291
1.17393
0.719509
0.575376
1.94014
0.641076
0.602446
0.903186
0.859465
0.672725
0.506061
0.441568
1.6263
0.536525
0.84343
0.563567
0.496943
0.257059
1.45297
4.85367
0.884936
0.924749
1.21709
0.791938
0.381209
0.563689
1.49333
0.775667
1.81499
1.1528
0.725446
1.77787
1.31844
0.76996
1.09904
1.77961
0.803374
1.47488
0.34549
0.907956
0.383219
2.97238
0.541968
0.0615824
0.568598
0.375782
3.08737
0.945983
1.50899
1.09746
0.323399
0.566755
0.391732
0.249983
0.483578
1.2382
2.27156
0.244064
0.882274
0.401895
0.559472
0.174886
0.178371
0.537473
0.651706
0.679597
0.608027
1.52669
0.326143
1.58022
0.540135
0.967089
0.307865
0.571049
0.976402
0.822724
0.359927
0.119993
0.811535
0.426153
1.06364
0.918275
0.590389
0.613771
0.315686
1.1438
0.159829
0.371446
3.23871
0.503047
0.732713
0.234137
0.592732
1.02354
0.249563
0.0763552
0.620719
0.421955
0.33281
0.711214
0.728745
0.990871
0.8164
2.00336
0.532028
2.04381
0.0452133
0.56575
0.934168
0.394563
0.197645
0.760451
1.73158
0.165082
1.12765
1.9399
1.1247
0.62561
0.413096
0.949099
1.63575
0.236234
0.698863
1.68449
0.68719
0.26869
2.01253
0.201433
0.742432
0.639382
0.959412
0.958403
0.380327
0.74276
1.6267
3.33507
0.594625
1.08777
1.09244
1.10517
0.389157
1.34203
0.588771
3.22184
1.94749
0.668873
0.60039
1.51463
0.865686
1.19808
2.50476
0.0940594
3.01181
0.239097
1.81089
0.439594
0.339189
1.9625
1.37572
0.0883328
0.281921
0.326581
1.81594
0.872121
2.06929
0.9206
1.0701
2.05424
0.293703
0.426459
0.646192
0.638114
0.867359
1.64667
0.77429
0.512095
0.26811
0.449167
0.984639
0.10775
1.09003
3.04991
1.40011
0.70798
0.514426
1.11522
1.59113
0.37575
0.471744
0.143517
1.55805
0.394175
0.873281
0.932104
2.00232
0.300917
1.3788
0.637443
0.527237
0.567324
0.664816
0.849218
2.38597
0.588407
2.535
1.44858
1.15972
0.610964
0.213927
0.679295
0.410884
3.02068
2.11254
1.86199
0.888534
0.66508
0.189217
0.864713
0.257526
1.56247
0.488349
1.10961
0.75798
0.347999
0.911264
0.249016
2.71506
0.390212
0.375801
0.615785
1.54352
1.70516
0.611455
0.679416
2.22498
0.839766
2.67042
1.63787
0.637368
1.41299
0.350885
0.850904
1.38349
1.11116
0.685005
1.75757
1.19263
1.05271
0.525986
0.505562
0.385476
1.21825
1.83538
1.93603
0.604113
1.83817
0.730777
0.275173
0.772003
2.69564
0.792072
0.863004
0.360414
1.47883
1.33622
0.502739
2.73755
1.56668
0.103347
0.812551
1.52847
0.658928
0.481684
0.477968
0.723252
0.69863
0.433574
1.28412
0.405786
1.64223
0.268344
0.573287
0.611429
0.709338
0.957936
0.681489
1.10435
0.272895
1.2356
2.52749
1.27827
0.654398
2.12148
0.163817
0.563334
0.641371
1.05894
0.988855
0.530032
1.23067
1.88165
0.838116
0.858196
0.530953
0.632991
0.883443
0.862732
0.430325
1.12762
0.420604
0.185186
1.81174
0.375368
0.642599
1.37221
0.3124
0.964137
0.726234
0.869242
0.235488
1.20297
0.312587
0.236305
0.255009
0.818682
1.33492
0.789774
0.403109
0.82686
0.0127045
0.668677
1.59395
1.34526
0.850222
0.535309
0.781639
0.590983
0.596436
1.07072
1.31457
2.48018
0.374443
1.06167
0.30727
0.616484
1.0809
1.05792
1.44862
1.99934
0.789434
0.914237
0.797531
0.270249
1.15174
1.46112
0.661517
0.681076
1.24155
0.138228
2.16989
0.546707
1.28706
0.480113
2.90474
0.909604
0.359389
1.02492
1.70813
1.7719
0.870902
0.675269
1.48906
1.95696
0.690716
2.60199
0.781312
0.91631
0.562721
1.13494
1.15455
2.63629
0.205396
1.70684
1.17303
1.55533
0.721567
0.786893
0.452488
0.0215053
1.60066
1.25776
0.788918
0.405805
3.33536
1.61348
1.55348
0.971258
0.711766
1.97314
1.09223
0.993732
0.985549
1.051
1.4474
0.343134
1.30859
0.996569
0.269747
0.705237
0.176685
0.532436
2.02567
1.7101
1.58656
1.10398
0.509551
0.0673274
1.08691
0.190242
0.833214
1.14432
1.32027
2.14339
0.615607
0.665385
0.648915
1.32232
0.613226
1.40652
1.78915
0.638319
0.470224
3.02358
0.902932
0.855136
0.178904
0.0968418
0.938305
0.701531
0.686649
0.472051
1.18728
2.74456
1.20187
1.42639
1.07452
2.53388
0.566809
1.74172
1.36127
0.869139
0.578765
1.59834
0.848401
1.15348
0.42801
2.16779
0.477021
0.493532
1.5418
2.38004
0.607224
0.680098
0.775971
0.308463
1.10355
0.711414
0.495286
1.1177
0.75665
1.12223
0.390657
1.15337
0.5145
1.48209
0.358013
0.77312
2.17908
0.969025
0.833496
0.929733
0.683485
3.3426
1.29941
0.298179
0.371271
2.52684
0.918153
1.32758
1.19083
0.49587
0.951552
0.498795
1.95493
1.64057
1.20795
0.956188
0.575093
0.610724
0.810648
1.33615
0.990667
0.563643
0.120437
1.16862
0.624653
0.994484
0.273605
1.69817
0.0802441
1.56793
1.67941
0.524501
0.251439
1.65759
0.627552
0.306992
0.527827
1.8558
0.948793
2.78815
0.247426
1.8492
0.809032
1.04825
0.126207
0.76374
0.663864
1.11628
0.481126
1.13198
0.457599
1.59497
1.41871
0.917001
0.943226
0.785523
1.3762
1.26803
0.868768
0.789985
0.531533
0.584851
0.87891
0.0697451
0.93901
0.976944
1.31945
0.209906
1.04541
0.671911
0.591737
0.830538
0.718072
0.760885
0.768797
0.533367
2.66752
0.467516
0.696426
0.357095
0.934333
1.83051
1.88569
0.846857
0.215098
0.363559
0.826748
1.58004
0.192429
1.16535
0.465514
3.6226
1.51857
0.678064
0.981971
0.374263
0.930693
0.632985
0.363914
0.0587509
0.453605
1.11891
1.54331
1.45837
0.0574835
0.870741
0.950306
0.737819
1.49849
0.460738
2.70651
0.36104
1.59037
2.49837
2.26134
0.501082
0.691688
0.45301
0.575324
0.258013
0.496621
0.18737
0.239672
1.18575
0.820545
0.35408
2.34084
1.22833
0.7033
0.371432
0.405846
0.416273
1.09891
3.23281
0.244761
0.445604
2.00787
0.958851
0.789652
0.213895
0.335273
1.15986
0.239048
0.106753
0.785982
0.312653
0.709416
0.128164
1.41993
0.990245
0.823723
0.59807
3.44536
0.322925
1.52726
1.75465
1.57028
0.339983
0.292633
0.182219
1.75583
1.40282
0.468271
0.676087
0.44817
0.452993
1.26816
0.452639
1.69074
0.531726
1.53586
0.921199
0.686732
1.60049
0.0655337
0.574115
1.38465
0.594982
0.681806
0.500068
0.837264
0.0966022
0.685699
0.632202
0.70568
1.29727
0.709948
1.17402
0.871812
0.286858
1.06937
0.51584
0.900123
0.875651
0.997968
0.726039
0.62891
0.867612
0.472619
0.544139
0.92273
1.32058
0.236663
0.749061
1.07995
0.798517
0.523822
0.963278
0.850113
1.5875
0.398177
0.331779
0.710256
0.890418
0.881102
2.67485
0.741873
1.71741
1.36422
1.77436
0.908101
0.593158
1.45655
0.59899
1.73647
2.92395
1.57527
0.812297
1.62913
1.03863
0.759289
0.692407
0.298506
1.02478
0.811391
0.948549
0.81241
0.423449
1.63972
1.26347
3.52448
0.289852
0.691341
1.18156
0.830848
1.22056
1.4428
1.05616
1.77128
0.927051
0.562658
1.65277
0.784197
0.409861
0.464339
0.554791
1.39114
0.61112
0.51553
0.164752
2.46622
0.845552
1.75056
1.87427
0.201396
0.492814
2.41429
0.344476
1.25866
1.34931
1.84051
0.0798747
0.383452
0.812414
0.595668
1.9359
0.932214
1.89
1.11614
0.582503
0.361247
0.556591
0.598408
2.43628
2.49366
0.160893
1.38948
1.03617
1.3988
0.409052
0.786597
1.35567
0.459997
2.07552
1.87256
0.517651
0.0675989
2.01771
0.671635
0.704277
0.549012
1.04205
2.3902
1.29226
1.04335
1.44951
0.390144
1.31265
0.552465
0.538379
1.01708
0.560523
1.63355
0.0949144
0.878459
0.549406
2.29054
1.28762
1.84996
1.28755
0.610668
0.852163
1.27745
1.20173
0.856181
1.52937
2.28625
1.54601
0.250473
0.826296
1.40384
2.15056
0.801038
0.173434
1.42251
0.259006
1.90973
2.06101
0.448098
1.43311
0.680652
1.12651
0.884962
0.774839
1.48788
1.24355
1.27821
0.58583
0.399482
0.706323
1.62225
1.0433
0.571575
1.04222
1.28281
0.230997
0.58034
0.593496
0.504698
3.23475
0.956637
0.848418
0.375008
1.47785
2.58894
1.44544
0.80717
1.67128
1.11704
0.701186
1.6396
1.33959
2.40928
1.83432
1.45522
0.30517
0.502047
1.00675
0.575563
0.35356
0.320969
0.679777
1.75325
1.11345
2.0817
1.08417
0.933
0.98874
0.759149
0.245206
0.478264
1.05826
1.17271
0.777637
0.551079
1.68896
0.723971
0.243156
0.69744
0.993344
0.453834
0.492854
1.15863
2.36053
0.742493
1.35903
1.20841
1.16132
0.600193
1.91533
2.62965
1.4954
1.42278
0.31966
1.00162
0.312266
0.776701
1.6063
0.844979
0.523001
1.23685
2.43904
1.13119
1.09266
0.667982
0.148753
1.00836
1.65017
0.102556
1.486
0.1155
2.2009
0.261422
0.26798
0.927721
0.27254
0.975152
0.280786
0.467501
0.30527
0.0815472
0.980232
1.61428
0.209003
0.881551
0.106312
0.66077
0.293496
1.09224
1.63198
0.309271
1.22979
0.540494
0.407134
0.0772482
2.19881
3.25613
2.60739
0.666581
0.7449
0.332819
0.283296
1.28092
1.4666
2.01833
1.06051
2.15206
0.276923
0.837731
1.37557
0.992001
0.176547
1.96931
0.306034
0.782409
1.52744
1.08219
0.331842
0.847878
0.710097
1.31831
1.41072
1.66411
0.752298
0.893157
0.807846
4.50431
0.247412
1.64119
1.15997
1.52144
0.59472
2.18524
1.66129
0.677951
0.457148
0.303174
0.825327
1.42433
1.32765
0.464026
0.771431
0.786095
1.02503
0.706816
1.02251
2.07012
0.764127
0.840027
0.636957
1.87282
0.969775
0.81832
0.671672
0.373619
0.593399
0.506709
1.1818
1.47508
0.200458
0.560585
0.498002
0.574862
0.223424
0.441652
1.00473
0.368538
1.33116
0.815394
0.22158
2.83905
1.12914
3.10103
1.13361
1.15891
0.172559
0.525491
1.11974
0.511347
0.382353
1.20503
0.155832
0.0995293
0.907959
0.169057
0.851007
0.916686
0.335167
1.15975
0.316894
0.402207
0.734908
1.93504
0.408946
1.13726
0.520601
0.442775
0.426476
0.48417
1.00083
1.7197
3.32555
0.431874
0.867162
0.846251
0.173437
0.304756
1.3988
0.482846
1.63842
0.0577915
1.28557
1.44076
1.88347
1.93935
1.13683
0.472339
0.231015
0.373116
0.255748
3.11534
0.637544
0.117493
0.553277
0.212192
0.387582
0.320187
0.916762
0.964494
1.01799
1.14882
1.64354
1.70998
1.52608
0.62997
0.313418
1.84344
0.230142
0.584308
0.997615
1.47702
1.1016
1.00485
0.815492
0.414676
0.562019
0.533265
1.26335
0.946636
1.66229
0.299051
2.00722
4.39124
0.550661
0.546294
0.710813
1.03332
1.73542
0.651167
1.20049
0.0377203
1.99194
0.515797
0.11835
0.888344
0.244216
0.578722
0.600552
0.908009
0.927322
1.98808
1.78883
1.59649
0.609166
0.507358
1.95056
0.608514
0.670745
0.817603
2.11258
0.928556
0.0139315
0.0633298
0.0165474
0.533206
2.50273
0.52511
0.54512
0.720006
0.590037
2.19351
0.391498
0.718018
2.54025
0.70651
0.389591
1.6264
0.564964
0.912793
1.43831
2.80331
0.0612552
0.939166
1.83381
1.10325
0.495787
0.458614
0.338266
0.470426
0.334821
0.516716
0.883052
0.496352
0.232108
0.641288
0.482124
1.77354
0.848171
1.5412
0.754083
1.25825
0.87999
0.295555
0.914257
2.05808
1.07577
0.822279
0.954869
0.375217
0.973976
0.869549
1.064
0.283385
0.750488
0.916726
1.64832
1.73598
0.715263
1.21288
0.78978
0.45469
0.805338
0.830319
0.651682
0.397205
0.938163
0.671381
2.4267
0.340927
0.796887
1.60204
0.329661
0.230315
1.27605
2.12598
0.324237
1.19715
0.651988
1.35741
0.637549
3.82574
1.8236
0.571853
1.04282
0.992277
0.232296
1.11581
2.78246
0.359477
1.76947
0.391548
2.27441
1.31856
0.153071
0.469172
1.08387
2.11235
1.8975
0.216801
0.940736
0.507311
0.966935
0.194114
0.441623
2.00912
2.0392
0.456666
0.977684
0.345928
0.646672
2.08499
0.687315
1.93814
0.612851
0.813231
2.98072
0.335104
1.71588
0.565355
0.33678
1.3709
1.71024
0.927319
2.69898
0.421274
0.195102
0.336321
0.9146
0.364669
0.445914
0.613669
0.12604
0.471009
0.716672
0.371054
0.372306
0.649141
1.14461
0.353264
1.11883
1.68608
1.77943
1.224
1.1877
0.758583
1.15256
1.43404
0.434899
0.387742
1.4
1.84475
0.83723
0.424293
0.833517
0.245735
1.14039
1.38663
1.34787
1.88693
1.69985
0.263808
0.44748
1.42481
0.195288
0.720435
0.984415
0.789567
0.203386
0.635763
0.734496
1.16125
0.349115
0.990008
0.161311
0.502993
0.161148
1.53525
2.01446
2.12521
1.07568
0.874948
0.234181
1.00791
1.02796
1.9709
1.15745
0.24531
0.911136
2.71807
1.83336
0.600397
0.606962
0.833129
0.324604
0.55669
1.47662
0.118658
1.04057
1.20359
2.51734
0.461597
0.657134
1.38312
0.402621
0.130468
0.1665
0.441975
0.920638
1.34939
1.18531
1.40298
0.314103
0.740356
0.930229
1.64192
0.302547
0.585291
2.02573
0.621294
0.266937
1.42202
1.93395
0.257758
0.782598
0.8382
0.143324
1.16862
0.537254
0.102911
0.666882
0.565741
0.85935
0.87052
0.235112
1.30771
0.359907
0.840116
1.05157
0.6313
0.475905
0.187157
0.210534
1.33104
1.05921
2.11549
0.586889
1.79817
0.588946
0.731702
2.22217
1.04457
0.985844
0.42595
0.928993
0.340688
0.737099
0.855436
1.46296
0.452141
0.818568
1.33082
0.59183
0.740879
1.08217
0.978767
0.369351
0.829719
0.651965
0.951121
1.31696
0.252338
1.59573
0.928108
1.37033
0.497094
1.71058
2.14189
1.98865
1.06753
2.30781
0.321684
0.0959227
0.930825
0.209721
1.17915
0.436851
2.01266
1.78299
0.649747
0.598523
1.23655
0.499824
1.13947
1.24614
0.939395
0.376581
0.336576
0.819748
0.656204
0.891725
1.04126
1.25673
1.00824
1.01527
1.27434
0.404284
1.2045
1.01288
0.600038
1.22534
0.0993009
0.738336
0.783446
1.53695
1.3547
0.979886
1.33107
0.47429
0.242972
1.1058
2.131
0.188574
0.442346
0.3301
2.17067
0.651328
0.160217
3.0037
0.714961
1.22294
0.507137
1.59534
0.121315
1.04309
1.10631
3.92534
0.602088
0.462623
0.567545
0.889376
1.10583
3.58733
0.435267
0.447977
0.237887
1.29077
0.603089
1.44906
0.821887
0.796886
0.110345
2.2873
0.873692
0.75179
1.51841
1.19745
2.00758
0.705305
1.76184
2.18388
0.79826
0.0274454
0.19497
1.07203
1.18306
1.73757
2.45439
0.951994
1.32343
1.92007
0.0740215
1.84273
0.286224
1.4828
0.397387
0.355374
0.48301
0.631136
0.40865
0.167277
1.27567
0.989634
0.423834
0.714168
1.79258
0.75298
1.85053
0.790591
0.135028
0.41356
0.393448
0.637184
1.14295
0.980997
1.22709
0.98013
0.174179
1.13972
1.16747
0.506113
0.296386
1.45904
2.94987
1.38401
1.14428
1.00575
0.49925
0.442387
0.89134
0.360568
2.02666
2.07825
1.33581
0.707511
0.285024
1.62596
0.93348
0.891018
2.01929
1.0121
0.976945
1.40365
2.07284
0.106616
1.43585
0.618669
1.03013
1.63691
0.504076
0.612469
1.74044
0.811767
0.712719
2.26924
0.829066
1.75023
1.0457
0.435997
0.492157
0.298695
0.390732
0.372943
0.434475
0.978548
1.36334
0.537671
0.174168
1.49778
0.901471
1.2318
1.88617
1.15863
0.776506
1.39777
0.489157
1.51584
0.342821
1.17332
0.359016
0.962462
0.922718
0.488484
0.811912
0.812325
0.183582
0.55834
0.567803
1.53025
1.04104
0.653157
0.613574
1.84034
0.428463
0.281304
0.6337
1.42773
0.541031
0.658396
0.61716
0.744396
0.354598
0.305793
0.650866
1.23515
1.45782
0.976529
0.38889
0.857305
1.00766
0.627223
1.27825
0.429971
1.89306
1.09524
1.33299
0.82102
0.786939
0.549079
0.134537
0.191888
1.07617
0.394978
0.966821
0.397258
0.53224
0.316793
1.89627
0.656158
0.493012
1.63593
1.64745
0.991138
1.32147
1.68308
0.26365
0.444438
0.9596
1.61673
0.343087
0.471253
1.62986
0.655229
0.025244
1.16817
1.22135
1.67708
0.852537
0.806876
1.02229
1.08697
0.464915
1.08873
0.951598
0.725828
0.466708
2.35782
0.903781
0.423317
0.4133
2.8547
1.71659
0.194474
0.991572
1.1494
0.0342315
0.259492
0.51747
0.288779
0.541412
0.827846
4.76193
0.890129
0.804906
0.888538
0.940825
0.333452
0.318444
0.819463
0.157055
1.32511
1.46778
0.536451
0.0439363
0.782599
2.67971
0.511181
0.239075
0.877602
0.580524
0.605892
2.17935
1.10665
0.510985
0.143569
1.80239
0.705447
1.2992
1.7143
1.588
1.57167
0.662646
0.663842
0.913511
1.05267
0.568157
0.321534
0.347525
1.23087
0.22217
0.642349
0.720329
1.13174
0.63845
0.824096
1.38389
0.795992
0.234191
0.22246
0.377543
1.96103
1.12802
0.748333
1.11453
0.371648
0.138451
0.36423
0.386453
2.4491
0.24378
1.16548
0.800525
0.744177
1.40027
0.580444
2.92409
0.106784
0.589686
0.274655
0.441808
1.15405
0.704594
0.287589
1.03016
1.22606
0.458727
0.67845
0.91258
2.96383
0.328511
2.35676
1.64356
0.15843
0.323071
0.73479
0.633708
0.863461
0.481777
0.50572
1.75749
0.0650791
0.760775
0.693176
1.22103
0.0235164
1.07609
1.72678
0.271904
0.712409
0.770965
1.21964
0.903133
0.800639
0.176986
0.629478
0.702121
1.83346
0.504206
0.998808
1.29518
1.54713
1.05701
1.75609
0.377833
2.38064
0.875586
0.190839
0.781919
0.492536
2.11397
1.41592
0.800348
0.377411
2.20515
1.71059
0.557313
0.607905
1.36628
0.870733
1.72951
0.552822
0.700596
0.371553
1.53398
0.0437795
0.729937
0.461916
0.641504
0.973038
0.669013
1.24068
1.10496
0.196842
2.79671
0.371402
1.03856
0.715075
2.00205
1.1004
0.794027
0.794615
0.236289
0.625924
1.02136
0.38688
0.630519
1.08929
1.85625
0.485185
0.357152
0.729605
0.638359
1.49402
0.0608921
0.172831
0.381426
0.675951
0.257838
1.30568
1.04859
0.938795
0.29064
0.690174
0.820133
0.35137
3.07072
2.07289
1.25684
0.816715
1.00608
0.667411
0.815192
0.172472
2.35949
0.750498
1.6982
0.452999
0.383784
0.145442
0.612722
1.91399
0.446871
0.0644657
0.252433
1.05117
0.752881
0.49817
0.484275
0.746149
0.0444087
0.0845013
1.2102
1.75786
0.863887
0.403812
0.574485
0.942784
1.98179
0.0605532
0.358571
0.611851
2.30332
0.487679
2.47035
1.96899
1.04902
0.823727
0.304296
1.10839
1.35434
1.40973
2.26448
0.858114
0.37654
1.02284
0.615902
1.63617
2.67957
0.611918
0.717466
0.9683
2.18226
1.2772
4.31462
1.27537
1.37173
0.124082
1.2736
0.275296
1.33959
0.385821
1.302
1.2835
0.493834
0.9259
1.31926
0.385422
1.36121
0.0592154
1.47807
2.83285
1.1267
2.03704
0.77514
1.68616
0.767967
0.0512972
3.10075
0.0601023
0.793267
2.40098
0.0331079
2.16307
0.774282
2.81594
0.212862
1.80747
0.575498
0.151506
3.29794
0.327869
2.05375
3.40583
0.844186
1.57879
0.273207
0.501389
0.945288
1.00164
0.712619
0.825598
0.989498
0.88956
0.430295
1.61407
0.165858
0.645884
0.285993
1.88003
0.665836
0.588587
0.950797
1.0428
0.588823
0.220415
0.390604
2.8534
1.09436
0.829953
0.733055
2.53081
1.0536
0.252081
1.39578
0.325125
0.552394
0.887069
2.94591
1.28478
1.05355
0.260366
1.28989
0.272583
0.206181
0.415102
3.06797
1.73653
0.712076
0.56094
0.416806
0.623387
0.544674
1.13093
1.87874
3.36947
0.513734
2.74751
0.611349
1.77861
1.26019
0.928276
1.43803
0.402607
1.25675
1.43422
0.165472
2.28446
0.619332
1.23486
1.69197
1.03901
0.253194
0.115929
0.876542
1.9281
0.654203
0.882997
0.722988
0.369774
0.575078
1.06217
0.830162
1.11423
0.0896543
0.458014
0.684743
1.27213
1.21646
1.78572
0.547519
0.302717
0.953031
0.631586
0.526512
2.40283
0.622869
1.21738
0.612363
1.445
0.820728
0.0840003
1.30704
0.78015
0.890031
0.514404
0.401102
0.382436
0.14955
1.31053
1.19999
0.8869
0.798581
0.417717
0.72602
1.54128
1.25887
0.475758
0.476079
1.30477
3.42107
2.80455
1.63597
0.774573
0.37082
1.41268
1.4405
1.06416
1.22016
0.687773
0.0597502
1.57783
0.434888
1.08308
0.0638542
1.3486
1.14547
1.11607
0.481307
1.25045
0.48459
0.8644
0.513926
0.826259
3.4982
2.87657
1.25569
0.432042
1.42254
0.670936
3.13754
2.0031
1.62743
1.38956
2.8719
0.411146
1.47904
0.441437
1.46251
3.43721
0.321332
1.4957
1.08906
0.470974
0.718745
1.19037
0.612575
0.223145
0.702354
1.86999
0.620094
1.2159
2.18066
0.75118
0.728226
0.773901
1.27868
0.88706
0.940001
0.0648749
0.129881
1.70807
2.20557
1.40581
1.19251
0.517187
0.63157
0.771491
2.45741
0.634682
0.318855
0.976693
0.620744
0.783024
1.18768
0.741981
0.764255
0.600585
1.16156
0.188064
1.05074
0.496573
0.475304
1.98497
0.036262
1.15317
1.72124
0.122991
3.14302
0.474798
1.06521
0.646428
1.7892
0.47811
1.70841
0.686329
0.588017
0.37251
0.137715
0.904507
1.11502
1.05717
0.855946
0.793251
2.2286
2.13736
0.594261
2.76973
1.30088
0.310984
2.10554
0.365629
1.13105
1.476
1.23423
0.991764
0.38187
0.862219
0.328007
1.26122
2.65086
0.258387
1.44366
1.52113
0.380549
0.459559
0.522562
0.461785
1.37882
0.604373
1.25144
0.680834
1.79596
1.25277
0.45974
0.612234
2.07209
1.05182
1.14439
1.50627
2.41869
2.13646
0.304177
0.514013
0.384272
0.989395
1.24795
1.04643
0.602832
0.529363
2.28227
0.530253
0.839688
0.346317
1.6864
0.106853
0.735656
0.95806
0.624909
0.32493
0.540573
0.82697
0.677929
1.02376
1.72494
0.665528
1.51559
0.351651
0.480104
0.605823
0.38237
1.46845
0.599356
2.53143
0.657585
0.596149
0.265562
2.11855
1.08892
1.14433
0.525952
0.0853832
0.834284
2.70471
0.312675
0.562717
1.57961
0.921792
0.177496
0.946243
0.346586
1.19655
0.759903
2.72386
0.643526
0.994697
0.270037
0.715452
0.253079
0.334844
2.50669
0.344609
0.0806034
0.269591
0.244694
0.578099
0.43032
0.524132
1.36267
1.09319
1.1356
1.50021
2.68247
1.07241
0.0840214
1.07773
2.21238
0.717478
1.32157
0.985231
0.733959
1.57857
0.915569
0.337545
0.833259
1.0571
0.613597
0.364816
0.401022
2.65071
0.880325
2.66324
0.602514
0.653028
0.159312
1.44302
0.778949
1.25246
1.40283
0.342216
1.72922
1.59862
0.728303
1.65603
2.41989
0.0898942
0.29618
1.6283
0.282415
0.756279
1.11124
1.83404
1.45171
0.828555
1.60558
1.37358
1.29183
0.898326
0.223114
0.0925018
2.91456
1.60888
1.08842
0.232867
1.00499
0.331113
1.24856
2.0068
0.921221
1.04357
0.68493
0.564158
0.887583
1.01287
0.641147
1.92441
0.259301
1.04205
1.11546
0.602832
1.58698
0.447348
0.0796257
0.907599
1.25502
1.35754
2.64944
0.31755
0.947189
1.29357
0.965187
1.28799
1.30247
0.143338
0.13958
0.257185
1.47642
0.563052
3.73855
0.0920837
2.77921
1.3589
0.0730935
0.250456
0.829469
1.77014
0.211074
1.00788
1.20281
0.609208
1.074
1.02757
0.173632
0.378801
1.59466
1.53042
0.456617
0.208653
0.354666
1.40446
0.990646
3.36223
0.34831
0.495336
0.495702
0.999714
0.597763
0.389089
1.59374
1.69693
0.113903
1.03363
0.365492
1.95761
1.03285
0.83274
0.664023
0.703501
1.08238
0.0839683
0.406699
1.16403
0.29863
0.294446
1.42228
0.881076
1.27859
1.10926
0.266165
0.585952
1.52129
0.336178
0.53883
0.525677
1.27694
0.11523
0.190483
0.557778
2.13119
0.669774
0.732475
1.11976
0.855609
2.19515
0.53291
0.996442
0.192723
1.65316
1.76922
0.0570954
0.606879
0.838825
1.04381
0.189789
1.49372
0.169935
1.08026
0.733721
0.993713
1.30033
0.0478074
0.745456
0.183875
2.44813
1.19487
0.656355
0.607728
0.23993
1.34437
3.15929
0.527955
0.0359885
1.38034
0.518087
1.62857
0.35361
0.403206
0.836886
0.596498
0.304412
0.733493
0.301147
2.37148
0.564768
0.115054
0.729832
1.13924
1.28647
0.897515
0.378037
1.12995
2.4048
0.778738
0.923635
0.554183
2.02496
1.14365
0.778243
0.882542
0.523436
0.345903
1.31946
0.494635
0.497782
2.159
0.4421
0.705824
2.77674
2.83643
1.65872
0.624132
0.636481
1.50615
0.901402
1.56843
0.662736
1.08745
0.953435
0.0349941
1.11214
0.944275
0.317194
0.549482
0.864991
1.7508
0.343378
2.66331
1.03654
0.638095
0.465504
1.79621
1.04691
0.367734
1.29635
0.317955
0.817058
0.435263
0.602277
0.618323
0.171488
0.191677
0.324748
1.35088
0.922082
0.522893
0.896268
0.537785
0.635443
0.164836
0.593282
0.479157
1.85637
1.18032
0.928343
2.81751
0.944958
1.81469
2.318
0.486222
0.409931
0.884843
0.269954
0.320081
0.161453
1.41763
1.23274
0.138725
0.6516
0.625803
3.65835
1.25533
0.176166
0.647931
0.185303
1.26562
0.857207
0.488882
1.85578
1.44994
1.14982
0.709583
0.626556
2.117
1.23474
1.02303
0.225675
0.938093
1.12748
1.0476
3.07559
1.95125
0.204884
2.05799
1.83966
0.232652
1.07925
0.335018
0.43993
0.906545
1.06387
1.9713
0.726759
0.288995
0.0968523
0.541037
2.15836
1.08556
1.2903
1.65707
0.964822
0.708667
1.54897
2.05969
0.326997
2.69159
0.307476
1.6404
0.340063
1.8142
0.803214
0.477514
0.356979
1.16972
0.850469
0.247343
1.5908
0.821158
0.357199
1.29139
1.36295
0.331818
0.229386
0.371129
0.398174
2.98947
1.07898
0.433498
1.3689
1.42696
0.289585
0.437292
0.880515
0.913477
1.01942
1.15798
0.857649
1.92565
0.426993
0.637759
1.15465
0.195408
0.880938
0.471575
1.12909
0.57569
0.984709
0.474354
0.393999
0.588936
0.815788
0.864839
0.103382
1.13879
2.04169
0.825828
1.62004
1.21394
1.54296
0.828023
0.240339
0.691032
2.00479
1.23051
0.950945
0.812756
0.863712
0.334535
0.808278
2.86686
0.670625
1.03313
0.63961
1.87312
0.585884
1.0677
0.585929
0.864683
0.4421
0.465275
0.830016
1.6048
0.9811
0.750114
0.617453
2.37042
0.595808
0.90435
1.44115
1.18406
1.93839
0.892527
2.07614
0.773174
1.64178
1.73668
2.17669
1.16799
0.437533
1.09632
1.79516
1.30066
1.03094
0.273154
1.49087
1.90575
0.703798
0.804028
1.12742
0.223684
0.598657
0.518087
0.77239
0.727878
2.66273
0.937423
0.629472
0.481278
1.78656
0.564851
0.0724223
0.825652
0.868924
2.50062
0.891925
0.26747
0.256156
0.325547
0.611721
1.48276
0.0240765
0.41864
1.33627
0.900038
0.559628
0.365046
0.40601
1.15769
0.550779
0.0178323
0.544098
0.18844
0.842253
0.825133
1.17459
0.659444
1.43969
0.340647
0.52226
1.28273
1.6153
0.276917
1.21629
0.594406
0.977242
0.195706
1.54621
0.957902
2.57636
0.403096
1.38742
0.55384
0.874221
1.32023
0.794668
1.19204
1.22082
0.980411
1.58912
1.53707
2.52647
1.78733
0.810179
0.37977
2.74102
0.656402
0.743173
0.722463
0.34732
1.82611
1.40304
0.334766
0.574738
0.524235
1.65745
0.657713
3.24645
0.938176
1.36154
1.44588
2.17408
0.561834
1.6252
0.607204
0.158628
0.698386
0.305141
0.454077
1.62006
3.51549
0.820352
0.100006
1.35516
1.12156
0.51332
1.02559
0.683912
1.06691
0.327111
0.564932
0.826559
1.53736
1.72486
1.29175
2.86815
2.8289
0.516318
0.453827
0.40318
0.329713
0.447396
1.00813
0.765224
0.386527
0.791968
0.307509
2.09858
0.961875
1.79018
0.889123
0.441538
0.325625
0.858625
1.33577
0.562743
2.63589
1.84289
0.305316
0.180152
1.25312
0.634473
0.780579
0.264447
0.599369
0.968338
0.261085
0.555079
1.47629
2.0552
0.691391
0.668284
2.76919
0.440537
0.507246
0.115655
0.716648
1.27765
1.83608
0.157676
0.339559
1.11425
1.01957
0.349513
0.258837
1.18835
0.88263
0.387694
1.26851
1.00651
1.22857
0.382001
1.08449
0.714612
1.25089
1.07788
0.109308
2.41268
1.3667
0.479985
0.870204
0.652419
0.157058
0.661041
1.47557
0.367512
0.319271
0.590833
0.276134
0.408376
0.767192
0.538859
0.313506
0.794986
2.04692
1.00369
0.491712
1.44482
0.220179
0.309641
0.138211
1.30372
0.697371
1.16432
0.396236
1.13669
0.692672
0.793842
1.48005
0.740165
0.830919
0.954966
1.58875
1.26872
2.13042
2.1242
1.65972
1.07542
0.757509
0.554811
1.12409
0.538706
0.649283
1.04561
2.30344
0.301932
2.60205
1.06974
1.07309
0.838889
0.564401
1.13819
1.17072
2.60189
2.13835
0.151429
1.85157
0.764467
0.504945
0.121376
0.125774
1.26585
1.14008
0.862673
1.56717
0.573504
0.845789
0.523585
0.583977
1.34288
2.76687
1.09318
0.303331
1.4601
1.0154
0.421229
0.788256
1.27026
0.957851
1.62752
1.06348
0.77404
0.273179
0.359389
0.691129
0.249824
0.305215
1.47002
3.11634
0.978399
1.59589
3.64024
0.578048
0.981221
0.375282
2.19622
0.834011
1.78882
1.36845
0.569448
0.9525
0.091294
1.00755
0.242873
0.730913
1.47017
1.05019
0.63873
0.579499
0.742733
0.236167
0.124414
0.897845
2.74667
1.39547
4.06802
0.631173
0.173624
0.451317
0.333799
2.19557
0.577319
1.47151
0.519451
1.47144
0.134092
1.75742
0.772893
1.47582
0.796691
0.346596
0.718443
2.23653
1.9044
1.29256
0.636545
0.485585
1.60161
0.206954
0.393014
0.835111
1.78851
0.702927
0.729434
1.30122
0.478309
0.836587
1.00741
0.70095
0.266638
1.2402
0.472935
1.79247
3.02265
1.02411
0.648436
0.754874
0.206271
0.741634
0.100393
0.667684
1.73481
0.167888
2.63087
0.215624
0.729158
1.11356
0.354525
0.845582
0.199071
1.21142
0.936537
0.174146
1.68491
0.948929
0.982899
0.916443
0.197707
0.58747
0.755445
1.23168
2.71264
1.03842
0.455699
1.54524
0.24169
0.790086
1.28163
0.202188
1.88894
0.97118
2.07974
0.69062
2.06471
0.363835
0.582055
0.62478
2.32728
4.92912
0.5822
0.608477
1.44225
1.32276
1.44655
3.12256
1.21123
2.02635
1.64725
1.49556
1.78459
1.14155
0.18224
1.61307
1.23236
1.48183
1.00715
0.56189
1.83029
0.171377
0.728109
0.872082
0.252657
0.419538
1.20516
0.751603
0.262337
0.327074
0.704856
1.26161
0.440511
0.180568
0.755668
1.43689
0.533718
0.876108
0.47357
1.51432
0.974389
0.152591
0.403684
1.50224
0.371492
0.287504
1.31739
1.31447
1.76261
3.59731
1.20184
0.113666
1.03246
2.06921
0.697565
0.965652
0.80565
1.01302
0.955655
1.80381
0.39358
2.13567
0.459446
1.0848
1.19408
2.26714
0.317813
0.821104
1.02644
0.851976
0.838716
1.27246
0.990079
0.520053
1.04682
0.777436
0.635912
2.13311
2.40225
0.442317
2.24346
0.148808
2.12139
0.750581
1.01243
0.231543
0.0591582
2.03935
1.60293
1.7785
0.177905
1.75334
0.435011
1.38301
1.38563
0.319744
0.971317
1.20144
0.962333
0.616809
0.114533
0.726164
0.692116
0.624274
0.365131
0.725655
0.2365
0.507302
0.352413
0.270863
1.44139
1.57416
1.53575
0.280762
0.587939
0.53671
0.535229
0.22917
1.17292
1.23213
1.52178
0.139744
0.736795
0.083487
0.408157
1.00637
0.772929
1.92808
0.973851
0.835017
1.31288
0.68735
0.774544
0.791492
2.48113
0.908711
2.25086
1.09183
0.644289
0.667748
0.252328
0.494414
2.50211
0.178598
0.174969
0.596032
0.866254
0.556126
0.721743
0.871941
1.15804
0.595673
0.578117
1.93928
0.819578
0.909361
1.02237
0.744206
1.38386
0.605029
0.76252
0.231391
0.467013
0.893239
0.268084
1.01026
0.0990399
1.07822
0.96964
0.913189
0.709657
1.20959
0.379965
0.73175
0.814141
0.636394
0.865628
1.4035
0.675193
2.05265
0.551021
0.49113
1.72951
0.367315
0.955041
0.371178
0.471795
2.26646
0.0905722
0.321985
2.79759
0.297169
1.53821
0.787387
0.672707
1.07992
0.392261
1.95801
0.605599
0.351358
0.827968
0.395739
0.428318
1.20423
1.72487
0.106295
1.40816
0.230225
1.13406
1.1767
1.28597
1.12817
2.90431
2.09699
0.428854
1.89657
0.304811
0.461754
0.54984
0.580984
2.28766
0.303373
1.04625
1.52122
0.232766
0.186732
1.57856
1.36902
0.582895
1.07594
0.801739
1.22297
0.210698
0.980944
1.87204
0.600597
0.265725
0.116009
0.619258
0.710887
0.68281
0.508596
0.520397
0.442021
0.346541
0.347427
2.01955
0.312723
0.861783
0.195668
1.37931
0.860287
0.451544
1.94115
1.75627
1.58216
2.1257
1.09716
2.52732
0.421852
0.904157
0.823941
0.417148
2.1126
0.134651
0.738725
0.327514
0.566303
0.917302
0.784069
1.00275
0.155413
1.08301
1.07815
1.20037
1.61169
0.790257
0.608443
0.21991
0.533398
1.00509
0.935334
1.29089
2.37398
0.598783
0.257462
0.43709
0.200182
0.537017
0.293454
1.69457
0.476132
2.915
1.06277
0.984052
3.0177
0.63942
1.06472
0.341867
1.52572
0.705743
0.661361
0.831072
1.56158
0.667346
0.250241
0.519134
0.724001
2.94732
0.781378
1.13036
0.491991
0.835981
1.05593
2.02645
0.352494
0.615306
0.724388
2.31878
0.443338
0.805922
0.493026
1.08758
1.28602
0.663425
0.607172
1.24433
1.71705
0.836711
1.06783
1.57792
0.148358
0.514525
1.33843
0.700104
0.776583
0.330209
0.415459
0.0554996
2.16057
0.511175
0.510896
1.43329
1.61311
0.362805
0.714677
0.668915
1.02997
0.242306
0.588581
0.0625108
1.31239
1.10099
0.148548
0.978108
0.613381
1.53279
2.25967
0.893828
1.30889
0.97574
1.23701
0.665029
1.26864
0.879911
1.44863
0.682072
0.805262
0.635881
0.12512
1.82261
0.309522
0.735331
0.2296
0.0570948
2.57304
0.371648
0.543183
0.215407
0.578328
1.32853
1.24272
1.23812
2.58541
0.536235
1.40262
0.208626
1.47937
1.34727
0.36817
0.987646
1.42286
1.22717
0.830976
1.90113
4.91849
1.57394
0.512344
0.611566
0.745143
3.16678
0.756256
0.53212
1.22908
0.556898
0.983423
1.38433
0.734254
0.225139
1.42902
0.676447
1.27949
0.568499
1.7499
1.98931
1.19581
1.74609
0.731964
2.24947
1.03982
0.625537
1.5485
1.30469
0.763855
0.400415
2.66892
0.855672
0.321489
3.35134
0.395709
0.36681
0.592456
0.255581
1.23735
1.9793
0.776571
0.254144
0.675983
1.19343
1.17793
1.71159
0.661609
0.485638
0.466941
0.379421
0.921621
0.498547
2.23956
0.96725
0.462928
0.55319
1.91759
1.84891
0.416633
0.648159
2.50416
0.401663
0.690298
0.595728
0.363351
2.08737
1.51184
0.605779
0.900823
1.73777
0.612386
0.893171
1.1896
0.731395
0.659546
0.751757
0.450895
1.80537
2.18009
0.642157
0.98375
0.834912
0.5106
0.488438
1.142
0.835453
2.33188
0.224097
1.62702
0.893687
1.94876
2.44491
1.6292
0.38931
0.806237
0.680094
0.533493
1.07997
1.02217
0.597867
3.62184
0.623107
0.835351
0.66008
1.33036
0.306988
2.05683
0.921404
0.0767055
0.458994
0.453635
0.763764
0.633532
1.59994
0.34421
0.274669
0.83812
0.282179
0.704489
0.333406
0.26034
1.45298
0.585144
1.36841
1.98105
0.160379
0.700809
2.6056
1.0912
0.768351
0.193677
1.37246
1.87469
0.263038
1.15492
0.779725
5.59551
1.08284
1.73674
1.40208
3.02604
0.79322
0.0462023
1.09096
3.77026
0.622948
0.468766
0.726372
0.287844
1.52076
0.756272
0.545591
0.651663
0.565524
0.854535
0.382963
1.37024
0.344968
0.828302
0.18181
0.360893
0.862754
0.102422
0.793883
1.76153
0.463177
4.15924
1.64785
3.53154
0.51494
0.6323
0.349323
1.25755
1.48759
1.18727
0.222283
2.0951
1.21575
2.36193
0.420271
1.07403
0.388858
0.314385
1.43078
1.75295
2.48266
0.397213
1.29806
0.627601
0.197334
0.9489
1.5953
1.10901
2.69922
0.865335
1.05967
1.61806
1.77062
0.823914
1.71738
1.23893
0.61987
1.73946
0.713457
0.667865
1.05636
1.19972
0.120671
0.826218
1.02835
0.768391
1.68537
0.687986
0.271301
0.966026
1.71822
0.491291
0.299603
1.46379
0.336423
1.76627
1.1994
0.201252
0.790473
1.16594
1.08418
0.396158
2.11402
0.432993
1.1906
0.454626
0.101179
0.738961
0.363752
0.0859656
0.658355
0.357571
1.05953
0.995928
1.04688
3.24819
1.62991
0.0445461
1.0533
1.51131
0.416995
1.56905
1.00887
0.940359
1.6868
0.840444
1.94479
1.04046
0.305728
0.316743
1.0243
0.745472
0.425999
0.201668
0.80366
3.27245
2.23846
0.200394
0.705305
1.71044
1.25147
0.110148
0.311367
1.00079
1.02188
0.790916
0.596626
1.19563
0.6747
1.09218
1.40312
1.06218
0.365468
1.40581
1.49984
1.49887
0.325511
0.342271
1.09945
0.863234
1.27831
1.50431
0.887205
0.94623
0.644306
1.07384
1.11714
0.339276
0.244683
2.19458
0.965776
0.697294
0.266264
2.17085
0.211993
0.860854
1.31646
0.0943208
1.75476
0.558854
0.584766
0.650529
0.799189
0.395038
1.22918
0.337127
1.58145
0.181801
0.289863
2.64919
0.292677
0.867972
0.161787
0.390744
0.541848
0.164541
1.93764
1.34662
0.513458
0.674599
1.77055
1.2145
0.45738
0.526085
0.843376
1.22251
0.279896
1.00362
3.01445
1.20596
0.548072
0.315478
2.59719
0.393629
1.19297
0.573211
0.876123
1.18225
0.344681
1.58432
1.46917
0.309754
1.59036
1.94313
1.3496
0.560243
2.94339
0.733945
0.124683
2.10934
0.626767
0.106763
0.987331
1.71753
1.41917
0.0725526
0.688536
0.864368
0.120868
0.921625
0.482244
1.47206
2.01638
1.44088
0.389004
0.662247
0.997358
2.62037
0.432526
1.01834
1.49177
1.78844
0.795106
1.72976
1.32231
1.95706
0.434535
0.550156
0.861151
0.397575
0.768778
0.469886
1.00572
0.0896372
1.77521
0.648984
0.314799
1.4687
0.969876
0.515285
0.951655
0.428249
1.30709
0.87311
0.50658
0.739127
0.836111
1.89553
0.194555
0.325709
0.896208
0.530857
1.56858
1.62239
0.576991
0.477941
0.392958
2.77028
0.649001
0.794464
0.831999
1.05189
1.98082
2.27288
1.15728
1.76394
0.943616
0.644155
0.869048
0.349907
0.766336
0.150611
0.420487
1.01742
1.11023
0.650454
0.408774
0.268311
1.09844
0.252183
0.352957
0.404222
0.741885
1.44239
0.94001
0.201888
0.0861414
2.68177
0.76439
0.681966
0.219402
0.482029
0.294938
1.86567
0.197739
1.90005
0.405511
0.700006
0.287172
1.28347
0.794329
0.209791
0.228909
1.27459
1.4468
0.518988
0.874174
0.32971
1.03058
0.83186
1.13083
4.30536
0.303085
0.977311
1.76828
1.79798
0.525216
0.704102
1.26682
1.56508
0.0840227
0.772847
1.64672
0.392436
0.226413
3.07074
0.52249
1.24576
1.29982
2.10412
1.31229
0.711415
0.608328
0.862464
0.825348
1.34393
0.3711
1.13137
2.82724
1.54542
0.424566
1.37653
0.297973
0.524487
1.51887
0.305265
0.808263
0.477386
0.957351
1.14792
1.04556
0.741754
0.178548
0.1637
1.75615
1.47406
0.305928
2.03132
0.122799
1.34563
2.80695
2.64391
0.744532
1.01865
1.17883
2.59416
1.27302
0.753394
0.45203
0.788995
1.08182
1.07051
0.339446
0.93584
0.947293
0.607017
1.46735
0.936456
0.477578
0.514559
0.484734
1.61448
0.389999
0.390897
0.494477
0.735063
1.8605
0.216037
0.181237
0.804714
0.89028
0.841393
0.405156
1.43858
0.35881
1.66553
0.799676
1.31595
0.216599
1.1925
0.971306
1.13874
2.57107
1.04465
0.667343
1.44981
1.71924
1.73018
0.468088
1.99294
2.129
0.763365
0.944412
0.881804
0.6523
0.24586
1.05446
0.384931
0.667595
0.580228
0.888665
0.32905
0.752331
0.644148
0.407569
0.181712
0.999233
1.88015
1.92884
0.352716
1.15139
1.05573
1.10391
0.382858
0.534218
0.498463
0.302243
1.09526
1.01731
1.48174
0.919811
0.137675
0.588854
1.52743
0.448369
1.93899
0.738153
0.7077
0.523923
0.979884
0.629908
0.459685
0.645763
1.48309
0.186791
0.56219
2.60093
0.283632
0.83772
0.56154
0.646335
1.54949
1.96724
0.800383
1.61082
0.551108
2.89792
0.501415
0.563992
1.06872
0.272072
0.346766
0.211911
1.14631
0.105727
1.88944
1.25561
1.21224
0.490276
0.882062
0.339937
0.747673
2.03548
0.57959
1.74665
0.579284
0.626546
1.71983
1.40918
0.98632
1.58457
1.23197
1.89385
1.40314
0.539992
0.254473
2.11998
1.40236
3.15719
0.592331
0.162631
0.432916
0.342476
1.62881
0.931774
0.199879
0.98007
1.13308
0.316818
0.714999
0.711429
0.288521
1.25002
0.733574
1.7087
1.2682
1.75586
1.38028
0.90024
1.25659
1.4937
1.52648
0.592301
0.579393
0.917206
0.731187
1.28426
1.1242
0.945271
1.04584
1.6697
0.643441
0.20415
0.401997
2.35709
0.867162
1.61918
1.62572
1.74887
0.285994
2.96177
2.20003
0.124753
1.33718
0.633387
1.37192
1.93854
1.51019
0.0339747
1.01159
0.973074
0.912284
1.48231
1.44497
0.12643
0.609953
0.625787
0.621544
2.59995
0.278562
0.513157
0.791984
0.864351
1.78204
0.321405
0.98938
1.72975
1.26726
0.695159
1.08266
1.21619
0.843823
0.12565
1.75645
0.367377
0.460245
0.630093
1.20697
0.954458
3.34953
0.524677
0.607133
0.532944
1.73292
0.884207
0.808051
0.64179
0.902776
0.561247
4.08963
1.0388
2.59316
2.61398
2.38283
0.765482
0.535333
0.182137
1.26539
0.449073
1.37276
0.690958
2.02931
1.13479
3.0758
0.866418
0.681116
0.793187
0.358241
0.292605
1.59119
2.60951
1.75349
1.21897
1.08598
1.24251
1.42134
0.317945
0.596548
0.757646
1.88946
1.52442
1.72592
0.949839
1.14709
0.180215
1.21932
0.758826
1.78693
0.554361
0.978508
0.574965
1.87002
0.919639
0.71368
0.175599
0.226956
1.50762
2.3968
0.440198
0.492473
0.45645
0.466331
0.669262
0.905825
1.38866
2.44179
1.45066
1.24379
1.26216
0.421217
0.482411
0.465876
3.5544
1.03485
0.826173
1.36459
0.340718
0.62136
0.807728
0.94892
0.965825
2.23658
0.318816
0.623666
1.36874
0.569961
0.923063
1.1749
0.806667
1.49206
1.91489
1.9559
0.716657
1.32684
1.10523
0.806852
1.13829
0.185454
2.59564
1.44362
0.166949
1.09559
1.06935
2.40922
0.182149
0.955326
0.627784
0.090546
2.50772
0.699487
0.354422
0.778196
1.90928
0.676634
0.767898
1.3799
1.70468
0.461259
1.05539
0.0996312
0.382556
0.58264
0.404878
1.22414
0.460033
0.0912702
0.535492
2.31755
0.1503
2.32388
0.794421
0.483717
0.525801
1.05237
1.6907
1.00549
0.606317
2.23339
2.14774
1.01152
1.00524
0.299187
0.077239
0.972769
0.498721
0.190387
0.122968
1.24607
0.754619
2.23759
0.182381
1.26576
0.606552
0.506883
0.643126
2.2684
0.430976
0.581732
1.13628
0.386385
2.17993
1.20533
0.952757
1.27254
0.563441
0.728198
2.79833
1.04694
0.595955
0.910152
0.464915
0.980141
0.970653
1.10622
0.501489
0.148374
1.07314
0.65408
0.501376
2.12835
1.40502
1.76524
1.44951
1.02596
0.922539
1.02506
1.92994
0.635074
0.325968
1.48151
1.4267
2.35958
1.66404
0.894435
0.690454
2.24551
0.973549
2.99524
0.212742
0.219874
1.01218
0.430715
0.752727
0.352633
1.54187
0.636459
0.649298
1.44905
0.725714
0.640489
2.71858
0.583652
0.42756
0.484546
0.366859
0.414234
0.265513
0.667166
0.35629
0.158734
1.85354
0.562154
1.75629
1.03508
1.71704
0.474549
1.39807
0.686899
0.945779
1.28973
0.316755
1.08691
0.592221
0.401223
1.53963
3.46852
0.503209
1.29474
0.633661
0.992649
0.266572
0.53413
2.39142
2.01538
1.2294
0.60969
1.19836
1.07721
1.36383
0.436779
0.987882
1.15655
0.721927
0.0833571
0.800398
0.247278
0.151322
0.142654
1.24165
1.59255
0.791538
0.510527
0.683587
1.89956
1.68109
0.86463
1.91306
0.134526
1.13178
0.608546
0.150052
0.550539
1.67887
2.67529
0.524735
1.00821
0.311341
0.484154
0.88452
0.629342
0.434553
2.39754
0.658559
0.732904
1.0454
0.771701
1.62693
0.963902
0.874766
1.02566
1.51364
0.720634
0.725502
0.178316
0.832425
1.50255
0.2729
1.2496
0.147428
3.25451
0.774869
0.6314
0.412556
0.602315
0.293255
1.52308
0.322118
0.497216
2.58255
1.85829
0.403959
1.55109
0.0548682
1.1944
0.452995
0.196743
1.62937
0.77765
1.68467
0.359222
0.320584
1.10263
1.14777
1.04794
0.253551
2.28437
0.308683
0.77819
0.743985
0.834316
0.356337
2.44127
1.00588
1.14445
0.332672
1.50166
0.622699
0.801682
1.27842
1.35774
1.12648
0.336003
0.278194
0.300862
1.28365
0.847058
0.961813
0.711946
0.723542
0.492701
0.651837
0.369916
0.300037
1.55201
0.710961
0.813735
1.58961
0.424101
1.68939
1.98355
1.63496
0.604378
2.24245
0.451005
0.346979
0.253333
0.892739
0.195268
0.824654
0.516138
2.5593
0.222519
0.0200822
1.07439
0.700495
0.414707
1.96865
1.13812
1.64334
0.201143
1.88298
0.257439
1.37438
0.951851
2.30485
1.12091
0.732823
0.808067
1.06374
0.569572
0.595584
0.919051
1.62149
1.1712
0.394084
1.39954
2.91369
1.55092
1.08659
0.850499
0.603011
1.77647
1.72509
0.703317
0.721764
1.62567
0.905619
0.522058
0.116416
1.2118
0.657163
1.79321
1.2794
1.46528
1.56179
1.19539
1.65834
1.87424
0.943796
0.595459
0.446269
1.22703
1.44251
1.03718
0.957762
1.99155
0.457415
1.26386
1.20666
0.399063
0.528234
0.868001
1.18985
0.909537
0.90851
0.27655
0.345794
0.5823
0.93625
0.61815
0.718791
0.823202
0.472431
0.515882
0.282247
0.974676
0.975038
0.897355
0.915221
1.86794
0.385079
1.52838
0.342883
3.20372
0.882567
0.89295
1.48382
0.817207
0.415982
0.514412
0.109077
2.82657
0.502398
1.29248
0.444462
0.622278
0.207153
1.13416
0.957348
0.243648
0.855913
0.444929
0.610182
0.343728
0.458387
1.13141
0.357935
0.570905
1.80762
0.108099
1.14997
1.21752
0.797969
0.860035
2.44486
0.934836
0.520715
1.75482
0.643453
0.542264
0.434037
1.1069
2.2147
0.941662
2.57183
1.519
0.624427
0.155443
0.865215
1.54074
0.882411
1.16805
1.55757
1.27754
0.61132
1.77497
1.99139
1.00209
0.34787
0.101787
1.29501
0.488993
0.75445
0.387997
0.489637
2.23472
1.13788
0.867711
1.74269
2.14252
2.43202
0.615689
1.61577
1.77412
0.449933
2.39073
3.3157
1.37035
0.51359
0.765395
1.43714
0.902369
0.272307
0.712233
0.127885
0.248235
0.480927
1.43316
0.696961
1.77537
0.769319
1.6459
0.258351
0.580834
1.10464
0.355317
0.375322
0.840366
3.04785
0.302413
0.782751
0.347204
0.476643
0.304279
2.18432
0.98833
0.523819
2.28319
1.572
2.50747
0.641344
0.739389
0.164836
2.05394
0.653694
1.58579
0.181706
1.06896
0.871548
0.411706
0.861675
0.345188
0.732382
0.861061
1.1751
2.03146
1.16753
0.311598
1.20174
0.0175132
0.182922
0.773375
0.190553
1.18566
0.888333
1.69026
0.796991
3.13484
0.683141
1.76904
1.24156
1.09065
1.32696
1.38775
1.70483
0.921649
2.02688
0.542582
0.800279
0.462048
2.07539
0.0535413
0.981086
2.63661
0.603649
0.435809
1.41384
0.909406
0.404756
2.1068
0.246488
0.988456
0.931516
1.69931
0.524034
1.31673
1.57148
1.02854
1.03641
0.264806
0.850338
0.929998
0.0976687
0.583126
0.858378
2.86154
0.785552
0.618324
0.682152
1.06361
0.107993
2.20802
0.721046
2.71138
1.58005
1.72868
2.23773
2.12263
1.9514
0.107746
1.08418
0.989577
0.464531
0.393255
0.239739
3.03288
0.222271
1.22171
0.362459
1.34362
0.388849
1.52464
0.631811
1.52377
2.41216
0.212105
1.32721
0.369958
1.8322
1.35504
2.5485
0.376237
1.09974
1.41436
0.793362
1.35583
0.310449
0.535705
0.47299
0.577957
0.803688
2.9903
1.52747
0.281934
0.579696
0.989148
4.62336
0.766013
2.73711
0.345228
2.07371
0.799513
1.19313
0.663844
1.14553
0.815733
0.230119
0.604355
0.113244
0.431114
0.435634
0.520884
1.88178
0.340886
0.649685
2.16051
0.416797
0.544781
0.767737
0.720269
0.874349
0.623501
0.383721
0.613872
0.482354
1.17385
1.63429
0.703788
1.80545
0.559827
1.87645
0.307925
0.807074
0.0419726
0.469544
0.275042
1.12292
2.0387
1.22708
1.02245
0.808883
0.330309
0.518238
0.952312
1.42997
1.15732
2.17426
1.48543
0.534354
0.468235
0.772005
0.98563
0.270523
1.12301
1.68371
0.550986
1.69416
2.30844
0.54194
0.509476
0.831292
0.544095
1.11914
0.828035
0.594588
2.12794
0.300477
3.13318
1.50998
1.83231
0.697485
0.589907
1.65863
0.717548
0.874475
3.36881
0.880799
0.767752
0.902397
1.46573
0.985134
0.148761
4.28892
1.18756
1.28922
0.616427
1.60911
0.593989
1.52525
1.14104
1.28312
0.596876
1.07978
1.7244
0.234773
2.84724
0.552226
0.213446
1.15452
0.96806
1.28088
0.948183
2.21383
0.633
0.72198
0.590214
0.237526
0.989992
1.53496
2.99646
1.22699
0.57064
0.664255
0.256921
1.59361
2.24829
1.9694
0.911242
0.619228
2.11743
1.05952
0.702523
0.60073
1.06508
2.49505
0.358336
0.719509
1.04069
0.450073
0.45243
1.39805
0.356195
2.32446
0.144557
1.33528
0.427685
0.399098
1.66501
1.81385
1.68451
1.1899
0.968724
1.2689
0.76027
1.10589
2.6114
1.30127
1.04474
2.12521
0.270807
1.57173
2.4621
0.41605
0.219574
1.08977
0.950866
1.48615
0.193332
1.66063
1.88761
0.898168
0.698856
1.11749
1.6613
1.86968
0.254151
0.388668
1.08795
1.31574
0.70791
2.13917
0.721659
0.768233
0.438669
0.840255
2.31987
0.0479998
0.113646
1.10914
0.299525
0.832086
0.977508
0.210326
1.24264
0.985678
0.606824
1.75431
0.508894
0.655722
1.421
0.131923
1.01276
1.41629
1.19335
0.468173
0.666638
0.895611
0.0715663
0.656188
0.856961
1.34062
0.266314
0.244837
0.70995
0.735649
1.32651
0.722029
0.162419
0.987965
0.589433
1.88331
0.849465
2.63171
2.43938
3.14986
0.821179
1.8679
0.544302
0.348196
0.692346
0.666055
0.55896
2.62888
0.17646
0.38056
1.02986
0.411773
0.369568
1.74351
0.824041
0.170858
1.62339
0.19197
1.08161
1.55929
1.02795
0.454514
1.1052
0.527481
0.52284
1.44989
0.93976
1.01753
1.29116
0.870264
0.872413
1.28721
1.23545
2.26254
0.324196
0.893343
0.0510231
0.883988
1.78111
0.816523
0.278123
1.7118
1.12593
0.598438
0.947669
3.69655
0.746841
0.339517
1.03116
0.536398
0.616496
0.202472
0.526257
1.00701
0.665958
1.02523
1.22245
0.656096
0.248889
0.784332
0.536608
0.265475
0.828086
1.67336
0.442455
0.748176
0.583165
0.624775
2.81817
1.08148
1.66264
1.14828
0.735949
1.69809
0.842785
1.86498
1.59477
4.09785
0.495339
0.412398
1.16338
0.220279
0.526325
0.212219
0.3993
0.388285
2.14929
1.97436
0.992923
0.612701
0.312398
0.998489
1.83852
0.722537
2.08687
0.98281
0.133945
1.06599
0.694416
0.374027
0.363766
3.2684
1.71027
0.245571
0.335671
1.14431
2.0411
0.951441
0.655348
0.913813
0.559296
2.31319
0.824455
1.61533
0.758952
0.163546
1.27665
0.922541
0.77445
0.0831187
0.371756
1.02981
1.8782
0.395701
0.757108
0.915934
1.77175
0.87579
0.272853
0.458563
0.281334
0.641899
0.336337
0.229888
0.884207
0.663264
1.352
1.98425
0.482088
0.774046
0.131525
0.283041
1.61535
0.378971
0.769799
1.91138
0.251298
1.27176
0.995928
0.776632
0.505142
1.36992
0.897396
1.17005
1.07809
1.02624
0.226026
0.555662
1.79213
0.851416
0.806763
0.32102
0.821213
0.701155
0.328196
0.615806
1.1904
0.529227
0.657661
0.154174
2.27868
0.789541
0.279537
0.677963
0.364186
1.72212
1.92017
1.63968
0.396845
1.03799
0.601513
0.177842
1.90635
0.308978
0.953462
0.585275
1.48964
0.87888
0.646914
1.32024
0.174859
1.12938
0.941502
0.664308
0.477931
1.4194
0.661723
1.01728
0.480023
1.57023
1.11194
0.706822
0.859733
1.39216
1.43675
0.156203
0.724241
0.169504
0.5172
2.2278
0.208977
0.444356
0.884777
0.128536
0.513823
1.9478
1.74099
2.07454
1.06891
0.763917
1.64759
0.41953
0.358752
0.431346
0.355089
1.1698
1.62886
0.440068
1.12753
1.78622
0.494334
0.297045
0.697655
0.478645
0.892509
1.87642
1.98988
0.428547
2.10574
1.77183
0.749319
1.52234
1.50059
0.258848
1.00327
1.34001
2.01667
0.525295
0.574147
0.58921
1.90377
0.369605
0.0379482
1.45177
0.939094
1.20978
2.68305
0.293013
0.286145
0.0869106
2.00432
2.4075
0.422834
0.746465
1.4311
3.08413
0.70081
0.327677
0.644855
0.82439
0.791293
1.39894
0.711842
0.675653
0.354831
0.46108
0.707152
1.97628
0.29735
0.492663
1.47849
0.211476
1.20581
0.349052
0.809226
1.051
1.1127
0.824854
0.893849
0.304818
0.63534
2.02848
0.67923
0.53189
1.51561
0.735877
0.143647
0.509075
0.0361125
0.0802821
1.1345
0.412695
0.681909
0.883276
1.49332
0.542391
2.39438
0.35435
0.385591
0.922985
1.8452
4.09451
0.313381
1.16752
4.12707
0.766648
1.36679
0.815731
0.753923
0.876971
0.523347
0.396482
0.983599
0.0557216
0.625436
1.35243
1.56654
0.05307
0.352052
2.06405
2.23837
2.11257
0.634714
0.810136
0.771384
0.885002
0.379106
0.524628
0.0430062
0.426818
0.595215
0.225912
1.77003
1.93219
0.572769
1.12015
0.670853
0.790243
0.488897
1.77763
1.90154
0.564267
0.702213
0.877649
1.31791
1.3319
4.10264
1.39107
3.18719
0.961419
0.270504
0.258612
2.29433
1.04392
1.30454
0.719184
0.346551
0.228419
0.412456
1.27474
1.02721
0.032011
0.189562
1.17635
0.551249
0.364393
0.936378
0.42262
0.613611
0.640016
2.41123
0.280798
0.145554
0.243498
0.45655
1.12463
0.096053
0.517798
0.852393
0.887171
2.24551
1.3666
0.0269423
0.904062
0.787935
1.46431
0.808508
0.953218
0.795307
2.45638
0.335806
0.525254
0.833697
1.35022
1.09554
0.777374
2.68466
0.791751
0.466488
0.347004
0.127464
1.74575
0.279944
0.740495
0.636152
0.895659
0.141731
1.87829
0.110772
3.07887
1.89746
0.501966
1.09627
0.797892
0.205512
1.70672
1.01195
0.539293
0.584709
0.684532
0.13413
0.820865
1.56313
0.831432
0.596369
0.326112
0.924969
0.0652649
0.556052
1.99993
0.577458
0.539429
1.31265
0.525886
1.63578
0.286066
0.887079
1.76075
1.95118
0.619303
0.752104
2.67249
1.10411
0.47181
0.978729
0.261589
0.340989
0.150107
1.3706
0.878608
1.85298
1.57709
0.272846
1.83417
0.533845
2.67873
0.621445
0.86337
0.875186
0.0658169
0.91206
0.474505
1.34321
0.731865
0.529866
0.291519
2.30736
1.01612
2.42332
2.19273
0.430472
1.00451
0.902986
0.674564
0.0230381
0.0704625
2.08782
0.634586
0.953046
0.674889
0.489952
0.863849
1.78083
0.88853
1.23221
1.06254
0.472172
0.243333
0.530893
0.51887
0.19055
2.33001
0.21026
0.586987
1.06044
0.357271
3.55285
0.50514
3.06292
0.184359
0.134157
0.300724
0.652896
0.342409
1.60972
2.23247
0.268725
0.395374
1.59944
0.472922
0.238769
0.784076
1.45784
0.733265
0.873642
0.762036
0.490444
3.02069
1.76027
1.19809
1.02221
0.514034
0.136966
0.841122
0.7527
1.94945
0.655003
1.69514
1.25107
1.64433
1.16596
0.38223
0.685161
0.326704
1.14809
1.15191
0.407619
1.07895
0.275108
1.79077
0.667096
0.164772
0.806356
0.262311
1.08735
1.85923
1.00609
1.173
0.436226
1.73247
0.517506
1.6458
1.3601
0.428349
0.315719
0.763067
1.69519
2.20094
0.684817
1.03054
0.263994
0.868095
0.229977
0.367046
0.348831
1.05956
2.13246
0.560389
0.46298
1.11588
0.217841
1.08038
1.17782
0.251916
0.259419
0.522769
0.388134
3.49038
0.232444
0.743528
1.33525
0.556703
0.059336
0.175707
0.614722
0.662777
0.43773
1.72185
0.135207
0.596651
0.234321
1.86132
0.306727
0.84256
0.907826
0.313043
0.326287
1.54573
0.776074
0.0965367
1.54438
1.93881
0.494294
0.523082
1.10358
0.718932
0.942673
1.06751
0.607313
0.456606
0.566877
0.637028
0.745054
0.748419
1.14555
2.14347
0.796641
0.822213
0.718863
0.364531
2.75489
1.15902
0.732343
1.08926
2.03633
0.542218
2.79854
0.724096
0.409678
1.38925
0.173083
0.213228
0.647728
0.819398
1.02357
0.991597
1.20172
1.53128
0.949716
0.0406351
1.042
1.3121
0.546749
2.26332
1.24311
0.30438
0.632335
1.04857
0.37684
2.09025
1.1397
0.334983
0.693111
0.359795
0.020012
2.37869
1.52669
2.08949
0.708712
1.18764
0.488116
1.22545
1.26797
1.3053
0.749572
0.27292
0.951671
1.0874
0.403979
0.883808
1.3291
0.542345
0.992344
2.32261
0.894749
0.839271
0.940369
0.593263
1.65071
0.231201
0.79986
0.727352
0.528687
0.995042
1.52505
1.35222
0.840476
0.270302
0.159802
0.881659
0.977247
0.239293
0.0675247
0.958263
1.65563
2.24645
0.625492
0.716512
1.54953
0.629978
0.135759
0.724976
1.85016
0.399457
1.21406
1.15643
0.737775
0.374912
1.5029
0.252087
0.153446
0.215351
0.78775
0.715323
0.875436
1.11353
0.704791
2.25214
0.227311
1.71678
0.564212
1.45121
0.954007
0.175566
0.35575
1.05677
1.21341
0.143004
1.59901
0.156322
0.356256
0.807494
1.24187
1.00057
2.37922
0.308791
1.07386
1.56754
0.919833
0.250792
1.18827
0.779544
0.237178
0.496762
0.285764
2.05183
0.263822
0.392345
1.11879
1.33365
0.356021
0.25729
1.6767
0.326327
0.71185
0.269813
1.16326
0.484946
2.88155
3.20728
0.949358
0.350229
0.656915
1.78414
0.975727
1.53118
1.0716
2.8065
1.89491
0.757156
0.151149
0.633878
0.457332
0.418744
1.0687
0.772925
1.3298
1.59896
0.923417
0.5695
0.702031
0.723315
0.324158
1.01125
1.22819
0.805668
0.985852
0.726059
0.383856
0.474983
1.0393
0.47376
0.395947
0.71297
0.260402
0.307352
0.82077
1.08497
0.49704
2.16993
1.60821
0.355793
1.50337
0.159088
0.670497
0.367199
0.711229
0.825056
1.85206
1.88088
0.61766
0.485863
0.341247
0.662405
0.992944
0.844001
1.21359
0.182939
0.366735
0.851569
1.99083
0.443938
0.256704
1.11606
0.289115
0.662259
1.19726
0.79669
1.26933
1.58305
0.795883
1.15611
0.608073
1.02773
0.274293
0.579223
1.14349
2.6287
0.306315
0.128454
0.528224
0.341349
0.282988
2.0693
0.535242
0.658187
0.315047
0.382434
2.99364
0.125606
1.1504
0.389621
3.26867
0.741976
1.62504
1.58942
1.09775
1.51876
1.02489
1.43505
0.539772
0.176016
0.260924
2.10407
1.31213
0.696717
0.988324
0.649796
1.1304
0.406514
1.0174
0.192232
0.287836
0.51467
3.04593
0.196179
1.79301
0.41272
0.582965
1.55944
0.164248
1.61238
0.724833
1.01924
0.859285
2.10416
1.55501
0.497753
1.66006
0.162168
1.54016
0.460659
1.91581
2.34391
1.01982
1.07919
0.866926
0.174252
0.435027
0.805464
1.19961
1.26596
1.28121
0.313254
1.89203
0.981047
0.497798
1.2536
1.23505
0.233373
0.47884
0.860089
0.651673
0.0740641
1.70374
0.429709
0.141003
0.225007
1.56476
0.741245
0.960151
1.31476
0.999133
0.528948
0.651599
0.919417
0.665449
0.521151
0.761561
1.24686
1.82337
2.99129
0.22295
0.20037
0.970071
2.233
1.26524
0.890569
0.310405
0.921326
1.48343
0.497008
0.607496
1.57178
0.855952
0.68782
0.375978
1.15163
0.61955
0.667446
1.48245
1.9023
1.28562
0.295996
0.422241
1.1729
1.40217
0.59117
1.88017
0.290914
0.282269
2.77489
0.755809
0.596226
1.27905
0.449321
0.16631
0.592098
0.608528
0.538823
0.639572
1.43557
1.36478
1.63204
0.542722
0.723644
1.23819
0.93279
0.418871
3.41583
1.30357
0.758508
3.03312
0.684802
0.431134
0.171577
0.633843
0.600741
2.70639
0.752867
1.17805
1.77813
0.255261
1.0526
2.65489
0.237376
0.246767
0.717733
0.802943
0.647389
0.581719
0.348569
0.352926
1.73544
2.01639
0.935181
1.24786
0.226954
0.498088
1.10804
1.69012
0.984077
1.0865
0.313837
0.319056
0.522333
2.10967
1.02086
0.624406
0.762755
2.23634
0.687098
0.300755
1.11369
0.805398
0.379798
1.00154
0.185071
0.363707
0.272855
1.44079
0.519976
0.505815
0.756281
0.868585
0.487039
0.980169
0.308488
0.524693
0.375535
2.06332
0.55141
0.606492
0.343024
2.38484
0.64111
0.268957
1.42796
1.4284
0.737296
0.929781
0.225182
1.22817
0.575744
0.495491
0.170766
2.13118
0.816988
0.100353
2.26901
0.71742
0.758522
1.09809
0.432481
0.590218
0.847918
0.746867
1.69525
1.4638
0.124326
1.10267
0.784689
0.821636
1.2755
0.52783
1.85377
2.20822
2.35881
0.263643
1.99545
2.22545
1.02671
2.76436
3.34585
0.608692
0.969086
1.58315
1.06134
1.96325
0.609158
0.343507
0.354149
0.810024
1.01056
1.48727
0.319115
1.97822
0.598714
0.964629
0.185054
2.25218
1.75193
0.857168
1.03006
1.36353
0.588036
0.599464
1.49517
1.63361
1.51221
0.182602
1.74034
2.76907
0.477428
2.46809
0.475509
2.33687
1.17822
0.477329
1.46877
1.18208
1.50991
1.78254
0.752942
0.163621
0.333527
0.387041
1.41788
0.5145
0.693706
0.680945
2.434
0.319486
0.423194
0.545807
1.75418
0.517366
1.51216
0.685959
0.490217
0.94871
0.896914
1.61125
3.0692
1.03678
0.0848883
1.80382
0.70792
0.402082
1.813
1.01138
0.906327
1.71639
0.480439
1.9778
1.73523
0.561299
0.498328
3.02663
0.698878
0.825527
1.26605
0.838989
1.05409
2.365
0.637832
1.02098
0.625825
0.37466
1.72264
0.184605
0.975904
0.920989
1.03545
2.09661
1.42686
0.61135
0.549294
0.330262
0.613698
1.53955
0.687707
0.826299
1.02048
0.930479
0.380532
1.48028
1.41026
1.61672
0.887509
1.61162
1.14341
1.98845
0.305896
2.20858
0.524298
0.32899
1.42077
0.580211
3.28279
1.54889
0.623121
0.471077
0.509431
0.746648
1.12555
1.22107
0.543575
1.63508
0.179982
0.664495
1.48117
0.38243
3.57729
0.345998
1.50958
0.233483
0.186412
1.74025
0.447502
0.231553
0.464675
0.391676
0.323524
0.707707
0.678934
1.40925
2.54246
2.01004
0.730974
0.547931
1.21814
0.786521
0.302798
0.835911
0.890085
0.578001
1.89755
0.997528
0.659896
0.936647
2.07735
0.508948
1.18408
2.73852
0.165627
1.15429
1.29498
0.932305
0.36699
2.27424
0.209672
2.38222
1.08159
1.46514
0.60939
2.09042
0.644889
1.21367
0.398924
0.5258
0.483181
0.803261
0.61288
2.08398
0.938402
0.469726
0.629902
1.11344
0.645841
0.386737
0.390279
1.65479
0.359562
0.931724
1.31109
0.346981
2.08147
0.804213
0.730653
0.715139
0.785891
0.830394
1.10179
0.144084
0.360523
0.565062
0.470316
0.535988
0.939633
0.30021
1.53439
0.783609
1.07397
3.20742
0.641987
0.315944
0.996552
1.57992
0.990552
0.0422649
1.22157
0.563106
1.0012
1.93004
0.31077
1.37338
0.177829
0.180862
2.07552
0.845371
0.998295
2.59987
2.35553
1.88602
1.21328
0.644548
1.48316
0.312289
0.536299
1.2056
0.600665
1.02465
0.301708
0.877236
2.81911
0.54868
0.222501
0.622941
1.14398
1.4189
0.335793
1.12068
1.20963
0.433563
1.63382
0.227052
1.07982
0.33348
0.704334
0.252428
1.07414
0.997468
0.775738
0.639223
0.731588
2.48926
1.17309
2.04571
1.51151
1.43568
0.944486
0.239954
0.0793661
0.435315
0.654167
1.39576
2.50953
0.824449
1.05529
1.4556
0.450499
1.60525
0.802196
0.782049
0.713149
1.06782
0.762336
0.703756
0.478715
1.39857
1.75078
0.303945
1.49519
0.876576
0.894626
0.737258
0.523482
0.698438
1.28259
0.489097
0.136043
0.390892
0.99561
1.06805
0.770288
0.923313
1.46692
1.27157
2.70699
0.537949
2.23918
0.868728
0.31325
0.612381
0.700964
1.26876
1.82319
0.275727
0.661876
0.865027
0.43525
0.235961
1.00644
0.956524
2.39988
0.800202
3.15162
1.27213
0.119554
0.795381
1.50674
0.580514
0.0922907
0.845867
1.22421
0.320556
0.629287
0.847235
1.03911
0.524835
1.92813
0.181347
1.48204
0.992791
2.58207
0.2565
2.53832
0.315347
1.84754
0.419382
0.716584
0.448467
0.454332
0.245335
1.76728
0.500608
0.683464
0.32034
0.206904
1.70997
1.31059
2.00557
0.796519
2.31896
0.631505
2.05322
0.762522
0.218744
1.25284
0.546843
0.496813
0.878777
1.207
0.928244
0.670086
0.824844
1.29776
0.778748
1.87068
1.4245
1.20652
1.41595
1.48492
1.34699
0.895342
1.05743
1.56239
1.66926
1.12656
1.18257
0.260239
0.540998
0.123817
0.489114
0.434823
0.134281
1.16236
0.536503
0.603141
1.36146
0.940003
1.49166
0.820543
0.551833
0.107984
0.79384
0.27704
0.705035
0.184457
1.44575
0.93709
0.140201
0.410895
0.730495
1.63614
0.670905
1.10678
1.15747
1.05067
1.3796
0.530604
0.718232
0.910588
0.753579
1.7076
0.594139
0.475691
0.656448
0.135705
0.776633
0.858577
0.40063
0.625009
0.68112
0.199513
0.389205
0.61068
1.29237
0.499859
0.305214
0.406502
1.38739
0.4694
0.124138
0.101327
0.71678
0.92947
0.639877
0.589656
0.35433
1.12345
1.0503
1.31026
1.03603
1.38196
0.573817
0.588814
0.863706
2.79337
3.64576
1.66678
0.524139
1.52309
2.66472
0.421628
0.568481
2.09107
1.32715
0.866347
0.48555
1.04516
1.26749
1.60743
0.671496
0.417925
1.34697
1.41976
0.365426
2.55111
0.208537
1.06907
1.10438
1.87386
1.89146
1.25277
0.977188
0.768968
0.437128
0.565754
3.44296
1.33729
0.779333
0.442324
1.05739
0.541089
1.55266
0.593172
0.27361
0.837739
1.2855
0.891623
0.529236
1.8763
0.189882
0.366956
0.20519
0.691587
0.559276
0.920063
1.05886
0.449269
0.417025
1.35127
1.28745
1.73365
1.42204
0.381504
1.58648
0.177971
0.735342
1.19505
1.22192
1.78172
1.1625
1.43903
0.868201
1.39403
1.16605
1.14861
1.79565
0.865084
2.11533
0.274253
0.351494
0.629678
0.677417
0.289817
0.672305
0.655877
0.983518
1.22195
0.496768
0.2296
0.911642
0.619773
1.70326
0.460628
0.526309
0.794811
0.284448
1.15407
1.62121
0.201023
0.561507
2.2748
1.71685
0.775275
1.32261
0.805171
1.26971
0.474838
0.69469
1.08973
0.742918
0.857617
1.02353
0.444206
0.87424
0.797584
2.18809
0.430607
1.92732
1.47543
1.47006
0.83655
0.996461
1.38265
1.77123
0.676293
1.14351
0.128911
0.137118
0.224891
0.779742
0.704043
0.40369
0.517404
0.837967
0.807805
0.674679
0.505079
1.85543
0.220022
2.17797
0.970063
0.416638
1.65562
1.3721
2.52685
1.33966
1.04872
1.52018
0.883546
0.505748
0.124967
0.498116
0.952516
1.62561
0.195013
0.312529
0.805701
0.496797
0.280109
0.410156
2.02495
0.664433
1.33692
0.51266
1.08699
0.726017
0.660239
1.04179
0.693345
2.05181
0.615996
0.465003
0.123351
1.03965
0.638333
0.931313
1.58286
0.943747
2.77036
1.28737
1.11074
0.8079
1.18157
1.20217
1.65982
1.39785
0.0415556
1.64573
1.5079
1.40266
0.693483
1.04592
0.744049
0.865176
0.800615
1.99936
0.646652
0.75502
1.1453
1.10816
3.65792
0.258477
1.38038
1.44056
1.02869
0.422638
0.501745
2.01928
0.458173
0.138354
1.41747
0.981881
0.720839
1.25273
1.0478
1.09097
1.39466
0.593863
0.998287
0.13586
1.72177
1.01617
1.28389
1.88943
0.655339
0.606399
0.780508
0.594129
0.6526
0.30981
1.02052
1.34412
1.0848
0.472741
0.410454
0.779196
1.47938
0.0732072
0.583656
1.08539
0.938091
0.864939
1.90651
0.511104
2.49271
1.05887
0.868032
2.05194
1.39315
0.599344
0.490922
1.14852
1.42994
2.97376
0.197812
1.46014
1.67572
1.46756
1.74205
1.59001
0.424239
0.464634
1.2108
3.84799
1.1122
1.99178
0.817109
2.14913
0.983272
1.26065
1.64771
1.40989
0.482493
0.0496869
1.18201
2.48879
0.715284
0.254408
0.967691
0.810209
0.105312
0.379519
0.40401
0.860726
1.40165
0.150366
1.54676
2.3579
1.5812
1.9666
0.284772
0.784151
2.32459
0.341093
0.703437
0.540977
1.5416
0.474278
1.49031
0.71852
0.689854
2.0554
2.0126
1.60066
0.757764
3.71368
0.794224
0.305087
0.30962
0.63159
0.701527
0.388517
0.784294
1.97274
0.749051
1.27246
0.55236
0.513153
1.35425
0.67781
1.90512
0.263507
0.53838
0.426535
0.889306
0.369335
0.363477
0.116822
1.92946
0.462286
1.01893
1.69981
0.814668
0.635427
1.433
0.26821
1.9546
1.97259
0.974588
0.780552
0.660696
0.849685
0.525071
0.179814
1.53697
1.1026
2.20181
0.698332
1.95623
1.17181
1.16057
1.41653
0.822161
0.232529
0.891491
2.26245
1.10345
1.46623
0.196207
0.862843
1.23689
0.0694849
0.765438
0.645958
2.62977
1.02992
0.513845
0.321358
0.285506
0.382433
0.651687
2.23755
0.656367
2.91424
0.809487
1.55504
0.439352
1.03506
1.272
0.565125
1.12063
0.0953596
0.223607
1.64027
0.423243
0.814445
0.480113
0.322635
0.594007
0.221518
0.666702
0.77025
1.28546
1.97974
0.661448
0.274151
0.306216
2.02668
0.297914
0.998072
0.777195
1.94541
1.39076
0.805746
0.8583
1.02773
0.55061
0.883046
1.00629
0.396203
0.696757
0.431863
0.672936
0.36727
0.327139
0.453008
0.697269
0.184148
0.840006
0.819103
0.593757
0.171193
0.483733
1.47661
0.437115
1.95948
1.62019
1.11171
1.95393
0.682293
0.610487
1.2709
0.824182
0.786167
1.04246
0.869094
1.38093
1.30759
0.142011
1.60306
0.265925
0.777175
2.42122
0.57371
1.35213
0.270905
0.664513
0.779835
0.941054
0.948374
0.629763
0.88838
0.652453
0.226642
1.12893
0.289043
1.37527
0.331875
0.746689
0.603813
0.332635
0.601761
0.349209
1.55331
0.385777
0.891392
0.444543
0.0532054
1.71183
1.05146
0.305496
0.352236
0.454077
0.47599
0.188591
0.502998
1.05119
2.20187
0.694429
1.33695
0.170015
1.0024
1.58384
0.421072
0.79151
0.872545
0.784199
0.856125
0.50869
0.387544
1.23481
1.08194
0.489731
0.850199
0.65737
1.75588
1.03051
1.50241
1.85233
1.19071
0.81364
0.647637
1.28633
0.236627
0.993182
0.115733
0.353712
1.10342
0.857274
0.304098
0.0671823
1.82796
0.544844
2.77876
0.996538
0.479722
1.50743
0.184261
1.20836
1.15673
0.221945
0.961888
0.890665
0.799539
1.78708
2.58316
0.896763
1.62816
0.438061
0.536279
1.47114
0.105774
1.96036
2.24601
1.95191
2.51563
0.817446
0.786846
2.12117
1.0034
0.347272
0.737547
0.354451
2.16033
0.287107
0.920946
0.305788
0.775223
0.654768
0.972552
0.463482
0.250547
0.769454
0.759966
2.17948
3.36011
0.165571
1.44162
1.69879
1.26235
0.744636
0.693081
0.887662
0.313431
0.313939
0.48015
0.656962
0.924067
1.05095
0.733502
1.02278
1.03765
0.727671
0.693642
0.768661
1.29859
0.647671
1.41001
0.417425
0.840438
1.55949
0.880775
0.446058
0.401901
0.164716
0.499935
1.53036
1.37198
0.77096
1.02389
0.843999
1.08911
0.392996
1.91746
1.13115
0.0993227
1.46543
1.5729
1.41011
1.25839
1.50657
1.13193
2.28861
0.444106
0.314013
2.53119
0.457266
0.48627
0.207548
1.30865
1.99935
0.550436
0.390924
1.12267
0.81684
0.760817
1.11859
1.83626
0.795588
0.317943
1.64497
0.539769
0.387167
0.661249
0.694365
1.46885
0.213013
0.385082
0.875042
1.03232
3.00306
0.32676
0.770362
1.63783
1.61114
0.691846
1.27968
0.602107
0.412804
0.283292
0.701906
0.759805
1.05956
1.25769
0.413676
0.435954
0.596622
1.56043
1.27964
1.07267
0.986495
0.463861
1.14203
1.43325
1.22733
0.826856
0.686954
2.44275
0.615814
1.25562
1.0472
1.02462
0.918701
0.296359
0.544156
1.61359
0.460057
1.14744
1.94311
0.442429
2.27701
1.10328
1.37452
0.443109
0.565947
0.218388
1.33211
2.92772
0.564219
0.601094
2.59295
1.616
0.256012
3.02282
1.64315
0.833001
1.03448
0.162047
1.07776
1.12171
2.47619
1.57524
2.20355
1.0698
1.64642
1.40472
1.5987
1.0511
0.504278
0.44946
0.915036
0.992675
0.393517
1.00508
0.197764
1.30301
0.837325
0.948474
0.803664
1.38418
0.302218
0.686983
1.55133
0.424535
1.0414
1.00908
1.20634
0.43705
1.34241
1.8441
0.448601
0.985023
0.270431
1.74817
0.298777
0.497748
1.61432
1.09167
0.59989
1.31709
0.255035
0.330272
0.384907
1.19562
0.405142
0.333953
0.447039
1.26191
1.18731
1.30339
0.773226
0.658233
0.137037
0.526593
0.264742
1.15418
0.960673
1.12683
0.227754
0.845579
0.351785
1.47178
0.875341
1.81116
0.340372
2.76793
0.501016
2.46868
1.53204
0.848459
0.0737825
0.586787
0.411673
1.3148
1.06612
1.53393
0.534601
0.685519
1.26468
0.705427
1.00479
2.48515
0.876475
2.43364
0.241226
0.804299
1.90581
1.23752
0.79479
0.87033
1.74577
1.96544
0.79646
0.966453
0.740637
1.69322
0.123396
0.979401
0.5135
2.29361
0.563893
0.555812
0.477242
1.55336
1.2535
0.314386
1.19304
0.566749
1.46003
2.01363
0.15171
0.489022
1.04155
0.77271
2.3973
1.29609
0.606807
0.635955
1.66376
0.693545
0.579988
1.68863
0.794737
1.23854
1.21321
0.413085
1.64358
1.94499
0.605248
1.26819
0.357454
1.05162
0.441986
0.406461
0.816836
0.817309
0.411768
0.469478
0.573021
0.505036
0.302069
1.20749
0.668398
0.429778
1.7245
0.0370639
0.424887
1.94938
1.61882
0.370114
0.735755
2.13256
0.120149
1.4326
0.882411
1.62478
1.45616
2.02678
0.4948
0.761671
0.307557
0.672649
1.81578
0.700512
0.530712
1.98321
0.755343
0.496033
0.556146
0.363967
2.96553
0.804322
0.90733
1.65289
1.16216
0.461414
0.799039
1.03343
0.242597
2.65122
0.495443
1.02231
0.572919
0.0286667
2.79117
0.993579
0.612782
0.254936
1.41166
0.315174
2.53692
2.36613
1.00172
0.566367
1.27956
0.664832
0.322723
1.06819
0.853533
0.872885
1.69807
0.0437448
0.604424
0.626304
0.359471
0.0696248
0.262622
1.21096
0.354801
0.192481
0.665989
0.281506
0.224887
1.04986
0.377169
1.71278
1.08235
1.06089
0.903587
1.55951
0.808799
0.532227
0.775231
0.333476
0.154535
1.27882
0.663463
0.85496
0.946969
0.614154
1.37149
0.413162
1.14529
0.345408
0.293109
0.230549
0.260079
1.20613
1.11468
1.38204
0.829586
0.683967
1.73458
0.547323
2.03115
0.534935
1.80975
0.822049
0.450408
0.443437
1.45543
0.902498
1.12007
0.40767
3.37574
0.648325
0.868343
1.31043
0.391906
1.13487
0.172793
0.58055
0.810648
0.244443
0.794217
1.87937
1.01553
1.51135
0.308364
0.260621
1.84959
0.658387
1.09154
1.519
0.490455
0.754
0.599981
0.554089
1.45966
0.316309
0.588946
0.173636
0.567236
0.820193
0.423891
1.48727
1.04529
0.802239
0.263205
0.119269
0.442333
0.342859
1.05317
4.26758
0.407676
1.49391
2.24062
0.693977
0.651938
0.411372
1.91278
0.9305
0.521732
1.91556
0.280848
0.885879
0.948096
0.170046
2.1028
0.234982
0.201071
1.2293
0.777959
0.635513
0.747904
2.57205
0.63728
2.30479
0.124787
0.984593
2.30286
1.21051
0.450172
2.52924
0.166277
0.138508
0.946163
0.573923
1.07832
1.99885
0.84703
0.778138
0.397027
0.536071
1.36072
0.382975
1.32528
1.32868
1.11077
0.624609
2.91666
0.768177
0.861556
1.43031
0.302288
1.62883
3.28096
0.23872
2.74171
0.436544
0.460875
0.380567
0.259227
1.55169
0.837739
0.312337
1.62223
0.586678
0.283509
3.60866
0.220495
1.07897
0.458385
0.843708
0.957877
2.34922
0.327754
0.724644
0.321478
1.34242
1.61716
1.50779
1.9593
3.03614
0.751414
0.68427
0.876055
0.601607
1.72603
1.06154
0.990925
3.89539
1.56234
2.40661
0.936242
1.11149
0.141669
0.894167
0.0504585
0.880183
0.402515
1.43685
1.55517
0.845527
1.63567
1.13233
0.855007
0.694005
1.12939
0.592661
0.525731
0.201793
0.908138
1.35679
1.38664
0.716813
0.977777
0.730103
0.378073
2.63239
0.638983
1.49367
1.14286
0.781121
1.93884
0.564507
1.0116
0.654414
0.896158
0.919287
1.76381
1.36745
0.983127
0.928946
0.856387
1.31449
0.540388
1.77039
0.601589
2.02059
0.284097
0.985596
0.392119
1.66117
0.544327
0.363561
0.863406
1.34677
2.30287
0.991254
0.844557
2.23681
2.57541
1.15508
2.35366
0.226303
2.07026
0.362134
1.06183
0.506493
0.610331
1.44878
0.841087
0.323413
0.412913
0.333398
1.17167
0.619202
0.674064
1.10052
0.130596
0.256044
0.411287
1.27573
0.640418
0.690715
0.997627
0.431747
0.588045
1.08392
0.849072
0.615691
0.990914
0.585046
0.798536
0.636943
0.932897
