S
0.256572
2.15033
-5.82546
-3.24834
-0.351293
0.250481
0.122609
1.90032
-2.16769
-8.6936
0.654313
-0.521069
1.32643
0.23259
-0.224894
0.709026
0.541139
0.397365
6.08064
-0.196394
1.73879
-6.04496
2.01179
-99.2129
0.725572
-1.10227
1.32657
0.227461
-0.144837
-0.0955131
-0.0668204
-1.1273
2.03708
1.68156
-0.0096102
-0.0870646
-5.47671
-0.48604
-5.14535
0.721026
0.648001
2.47172
1.43259
0.387881
-0.706836
0.165324
-0.190785
0.993609
-1.83319
0.047736
0.530711
-0.153294
-3.93848
-1.09745
2.27287
-2.35285
-1.61006
-3.17313
-0.906915
-0.376374
-0.0443203
-2.6074
-4.94556
-0.742099
-1.11746
-8.23204
0.251526
35.8582
0.470878
2.79709
12.6736
0.0254237
-17.9704
20.9041
-3.93354
2.71069
3.46762
-0.608683
-0.146458
1.8878
-0.328789
-1.41122
0.655456
0.845431
-9.17521
-2.4671
0.158611
0.283693
-5.83048
-1.6911
5.0018
-1.26503
6.42701
1.56143
3.87869
2.29835
1.19418
0.544803
-0.449149
0.467393
0.0799636
-0.697607
-0.190091
1.17804
-0.578142
1.34961
-17.928
0.891348
-2.53685
0.0688903
-10.8941
-1.32779
-0.184088
0.0167671
0.208509
-0.247726
3.59342
21.3013
-2.26501
-6.00602
-2.44834
1.64585
2.95168
2.12543
2.57439
3.82287
6.80012
3.65606
22.2233
0.124649
-1.09983
0.350974
0.827579
0.0948096
-11.682
-10.3517
-1.87633
7.29662
50.9655
1.60583
-1.85674
-0.85988
-0.923318
-0.0404239
-0.949796
-0.093337
0.450188
-0.939471
0.20319
-3.9714
1.90062
-1.39813
-3.93127
1.07523
-0.924629
6.68843
-0.208329
3.30139
0.580801
-0.393875
0.076165
-0.781252
-0.0202542
-1.22236
-0.377769
-1.84244
-2.46916
-0.934568
1.33226
-0.671305
-3.1673
4.21948
3.655
-57.5229
-2.64622
-0.180528
-3.17795
0.508359
1.77434
3.0894
-0.898382
-0.838132
1.77014
-2.48024
-0.453647
-0.0816963
0.112347
0.104447
2.2195
-5.50805
-0.20161
5.48839
0.87024
-1.70114
-1.30323
0.286582
0.515517
-0.00877535
2.26204
-6.10213
0.40871
-0.955299
1.61655
-0.0552381
-1.79692
1.19842
-0.862045
-3.68316
10.3036
0.473495
-0.302416
-3.33373
-0.852007
3.88492
0.990813
-2.37899
-0.170144
1.85828
-0.743111
-0.950642
9.38747
1.77533
2.68118
-1.82013
-109.307
1.53391
0.920648
4.90233
-0.126746
-0.261312
-1.29517
5.77651
-0.585605
1.01146
0.218264
-0.896509
1.21656
0.0579647
0.499101
0.0519381
11.5171
-1.87258
3.97868
0.213044
0.887147
-0.100558
-1.4002
-0.0416241
-2.71752
-0.765721
0.3659
-1.63489
-0.103534
-0.742408
0.669759
0.794108
-4.02397
0.123926
-0.442157
0.938126
1.23481
-0.88034
1.89637
1.29928
-0.772908
1.93552
-0.599155
-0.989062
-69.3115
0.0489556
-0.275442
-0.0746733
-0.0275165
1.98467
2.41489
1.19085
-0.675993
0.697942
0.1901
2.48664
0.51864
2.29315
-6.05335
3.235
-2.153
14.865
0.752181
0.446561
2.77363
-154.531
-0.628469
0.998592
0.744094
-1.09689
0.713786
0.210822
-5.47594
-0.909648
0.0271273
-0.126363
1.99995
-0.0731841
0.981204
-0.734845
9.80899
-0.0742394
0.80125
-0.137909
0.649998
2.0937
0.43944
-5.07103
-5.03405
2.20757
-3.12884
3.02801
-4.34877
-1.25521
-14.1748
0.153883
0.986941
2.61285
0.484824
0.964992
-1.54482
-0.286559
0.159766
0.1949
-1.76702
-7.86925
-2.17411
-4.08792
-1.24425
0.405548
-4.2607
-10.7865
5.15795
-1.48506
-0.00669122
0.865336
-0.217026
-0.741658
0.420313
-0.69769
1.78523
0.0385426
0.581501
-0.461644
-0.338755
-0.00756665
-1.60135
0.071447
-0.0841876
-2.75083
-1.84097
1.69254
-1.42384
0.125937
-1.83201
-0.846478
4.36407
-0.412628
0.859134
0.176763
-1.7495
1.88711
-1.16849
5.73893
0.126346
0.0815932
-2.41966
2.36218
-7.14358
15.6189
-1.97206
-1.06121
-0.203645
-9.09068
0.445639
-2.13664
-5.233
5.0225
-4.81816
0.228486
-4.28489
-0.0496003
0.296271
-1.82233
-25.15
-2.51648
0.605346
0.0158744
-0.443225
-2.04064
-0.128155
-3.09746
2.38997
0.3393
2.53227
0.194807
0.340508
0.989481
0.230297
0.476873
-0.267137
-0.648739
0.504739
-1.36673
-57.6277
-0.148728
-1.54913
1.47648
-0.082567
-11.2274
-2.1616
20.1367
0.633074
1.30013
1.62231
-1.58828
0.11787
-0.639244
0.913966
-11.8577
1.18873
-0.398396
-1.0159
4.57357
-2.3617
1.41236
-0.52151
-0.127252
1.02479
-3.77255
2.07151
-0.292056
1.14207
-0.0724102
19.3983
0.270405
7.88777
2.92267
-2.41779
17.848
-0.794924
-0.139463
1.25026
-0.210293
-12.5521
33.8193
1.60914
2.01242
-2.20497
0.910028
-1.48624
-0.00989672
-0.201523
1.1807
1.53399
1.73009
1.07247
-0.185139
-0.925861
-2.87384
-1.20844
0.0798812
-2.26566
-0.627114
-2.99977
-3.58034
1.52689
-0.474374
-1.61163
0.772203
-2.3509
-1.01371
-0.188426
-1.88806
0.416661
0.647509
-29.63
1.86989
0.805893
0.240295
5.35399
0.124913
-0.298946
-1.19257
-1.3759
-0.300051
0.967544
0.135175
-0.219372
6.47638
1.18173
-0.0930924
5.99376
-0.580399
0.581905
-1.2281
-0.0507009
-0.212582
-1.55696
0.00843787
-0.883221
-4.73918
0.340752
0.215676
1.3469
3.09065
0.424577
-1.06457
-3.90702
-0.372558
-2.74637
-38.1011
0.0195186
-0.70164
4.07459
-2.35768
-4.30278
0.289149
-1.52811
1.49949
-1.09363
0.684918
3.74669
-0.20617
7.06692
-0.614933
0.241669
-9.196
-2.44769
-2.94968
-0.898998
-1.14728
1.23915
-2.01507
8.03819
-0.11392
1.5666
0.530935
7.51105
9.1438
0.814715
-1.1246
1.10153
0.403211
-0.159218
-0.33
0.747753
0.55511
0.479158
-3.42313
-0.790795
0.397371
1.47546
-1.11747
-1.53444
-1.19024
0.722808
-4.30791
8.18518
0.29011
-0.00483407
-2.45518
0.904594
-1.80056
-0.533089
-0.492555
1.12229
0.274796
2.81783
0.122367
5.45241
1.00469
1.44061
-0.958403
-1.08887
1.93921
-0.635824
-0.0875335
21.039
1.28412
-0.984228
0.948147
0.233038
-0.530175
-0.71096
-0.860492
-3.53264
0.616171
-1.93909
1.49864
0.51555
-1.5363
-0.0362517
-2.076
0.346165
0.0400986
10.923
-0.322437
-2.42553
0.0227758
17.2941
22.3442
0.424096
0.271618
-0.538833
0.726967
2.70432
0.0342067
-4.26752
1.25345
-1.59902
-0.806295
1.70993
-14.8952
0.393971
-1.72023
-1.37511
-0.114008
-1.01217
-0.277837
-0.435601
-0.259049
0.14615
-0.815122
-0.256026
-0.302818
-0.302582
-4.32624
0.749621
-1.5243
-1.27092
-2.61042
3.73187
0.841791
-0.59492
7.76819
-0.338179
1.68687
-0.940631
-0.112479
-0.151838
-0.925072
-1.34002
2.35984
0.424095
0.199675
-1.33828
9.91118
0.38285
0.253497
2.1059
1.83539
0.154034
1.66782
0.125415
-0.374926
-0.392212
-5.20198
2.97717
-0.311863
1.63582
-9.9564
24.2979
-0.0786397
0.593448
0.764207
2.07297
-10.3265
-8.51897
-2.70114
-0.196209
-0.346094
-1.37707
-6.46946
0.856826
2.73055
1.44577
19.2244
1.59744
1.00803
-1.79229
-1.08778
-5.36152
9.17639
-7.67619
-0.72327
1.99235
0.519425
0.00561335
-12.5578
-9.30362
1.87824
-3.4171
0.16189
7.76907
-0.536056
0.0741612
-0.760204
-0.757087
3.05546
1.32506
0.761175
0.612372
1.90157
1.06885
495.488
-3.15376
1.95695
0.252071
-0.811175
0.145752
1.46685
0.11288
0.41058
-0.344281
0.670955
-0.862131
-1.51312
-1.0416
-0.626461
2.41592
0.586561
0.192143
0.179139
-0.191336
-2.78801
1.61854
0.790195
29.9805
0.0310953
0.654684
2.87915
-2.83227
1.00239
-0.740191
-1.85878
-0.31179
0.119431
1.86895
-0.877997
-0.792711
1.72135
-0.42551
-5.32892
2.42741
1.66919
0.797687
-0.341073
1.20346
0.758313
-16.4199
1.26039
0.14848
-1.35929
-7.01768
-2.28777
-1.29315
0.573674
-9.939
0.389114
-0.828713
-45.0319
2.78746
3.19322
-0.317485
0.75498
0.491664
-0.405953
-0.0861774
6.02309
-1.93411
-2.29933
-0.831192
0.230069
0.0626827
0.316042
-1.00308
0.554025
0.395143
-3.08106
3.55422
6.29935
0.726793
0.918561
-0.0112875
-0.529939
0.888273
-0.381703
3.53284
-1.88484
-0.115826
-0.338718
-0.280254
0.246052
-1.64752
-0.856715
-7.47086
-0.507131
77.7993
4.67565
-0.428795
0.687671
-0.693397
-1.20203
0.882961
-0.430499
-1.64989
-1.55376
-0.162057
0.668057
0.413107
-4.02795
4.77304
0.0681042
-0.169469
-0.216505
-0.169559
0.316427
-1.12028
0.296351
-0.75868
3.37561
-1.67248
0.411386
-38.5205
-0.8449
1.22659
-3.90204
-2.7693
-1.07503
-0.627395
-3.75389
15.3285
-1.31058
0.117653
0.0584803
-1.80209
-3.82825
-3.76463
0.517972
-1.90776
1.20507
73.3758
1.63215
-1.12135
-0.397032
0.570331
0.477047
1.06736
-0.391223
0.223111
0.884764
-0.545932
-0.409541
-0.7229
0.583677
-0.201243
-0.196426
-0.69222
0.108235
1.34724
1.01953
0.528327
3.24562
-0.137827
-0.14729
-25.8201
-0.425837
-5.15637
-0.119167
-1.93739
0.395568
0.194718
0.337071
4.77488
1.03334
-1.35438
2.98694
0.386206
0.818741
0.271115
-1.2011
-1.24374
-0.0309876
-3.75431
1.64233
-6.80856
-1.6462
-236.158
-0.283352
-0.453203
-0.490052
-0.606974
-1.15487
-0.112598
1.93067
-4.44322
-3.28979
0.705132
-0.348499
-1.90586
-2.80751
-250.768
23.2498
-0.275367
-0.233572
-1.72088
2.36431
-2.38054
-0.0212749
2.83691
2.50509
3.77847
-0.40192
0.389338
0.774204
0.296618
0.868138
0.447757
-0.218016
0.539592
-0.109485
0.387596
0.64074
0.925633
1.21012
-8.32677
-1.70357
-0.202563
-0.422902
-0.0415927
5.54255
-0.169851
-0.360733
-4.23311
0.734002
2.18462
-0.162941
0.204218
0.142185
3.57243
0.703897
7.57674
-0.573723
-0.112344
0.856818
-0.310505
10.1603
0.334383
0.644623
3.16293
-1.89666
-3.21214
0.377049
2.42124
-13.8005
-11.0709
-2.22578
0.096457
-2.75902
0.208678
0.70419
0.526763
-24.523
-0.127747
-0.763436
3.90371
-0.216714
-0.315587
-1.04476
0.528217
-0.929453
1.07823
-0.222449
4.09882
-17.8215
-0.0528276
0.529739
-1.25741
-8.88742
0.0242608
0.00234144
-2.46587
9.56313
-0.890287
1.54931
-20.6227
-4.79243
-0.791748
-0.89596
-1.85114
-0.0839561
-0.0132002
-0.212843
2.41614
-1.30915
0.330966
-11.6678
-0.225437
-1.87141
0.301981
0.613817
0.576907
0.0919729
-0.0305797
-121.562
4.51329
-3.25251
-0.184243
0.0279935
-0.510969
0.00503306
0.942768
-0.544719
5.1163
1.64561
-0.186413
-2.66304
-0.236723
0.885817
5.66558
0.299077
0.974205
-2.36421
0.519341
-7.77305
-0.396822
0.0509273
0.580938
2.1689
-0.921939
-1.82645
-3.09268
-0.653202
0.72991
0.366553
-0.321981
-0.0780532
-0.548463
2.13234
-0.339181
6.9464
-0.428756
-0.389118
8.73096
-0.000133716
-0.32995
-1.7464
-0.77137
-0.445989
0.272989
0.463904
-1.00368
5.43682
1.97638
-0.899463
-2.28804
5.32383
-2.31378
-0.494131
-0.88963
-1.52376
-1.49776
-0.618435
-1.03083
-0.495438
2.02034
0.225663
1.30849
9.68768
-0.606098
0.384227
1.08195
133.49
0.708287
4.22032
-0.715784
0.374877
0.329182
0.189383
-4.3999
0.632394
-0.155589
-5.22036
0.810396
-0.825996
-32.6106
1.75397
0.244602
-0.238121
0.684701
-0.265828
50.0583
-1.68696
15.1793
-0.814523
4.7664
1.224
0.496905
-0.912951
1.10902
-1.4661
2.11725
-0.752
-0.560727
-0.882813
7.11656
8.54613
-0.77731
2.03817
-0.645689
-3.77439
-0.329094
-0.272573
1.28999
-1.0346
1.23417
7.97056
0.1135
0.961114
1.73982
-3.9525
3.75215
-10.4069
0.218912
0.458192
0.645234
0.304044
1.96369
0.0232126
6.51692
0.473158
0.0418469
-0.458626
1.04244
0.0522535
-0.680157
1.65546
0.980653
-0.617158
0.319094
-0.354815
-0.0826753
-0.610002
-0.475267
-2.17899
0.115354
-3.69298
1.91234
0.926877
-1.09342
-7.54478
1.68804
1.43061
-12.9855
0.623415
1.41556
-1.54019
-0.0401071
-13.3907
-0.47443
-2.80817
-0.61744
-0.835722
-0.502743
0.171149
1.20548
-0.612762
-0.562122
-0.748631
0.816724
10.0397
-2.09793
0.408874
0.645274
2.5959
-0.801252
0.0465324
0.977342
1.91825
2.55999
0.229651
24.1416
-8.27709
-2.29609
0.73473
2.67316
-0.208157
-0.182539
0.320356
-32.8828
3.81813
-1.1749
2.32418
2.50198
1.6551
-0.155875
0.355248
5.53183
2.45679
-0.410389
-12.0042
5.72558
0.257048
1.36806
-3.51388
0.859147
-6.3552
0.533399
-9.45831
4.40882
-3.51704
-1.1574
0.570621
1.38032
-11.7164
1.01482
2.51428
-2.13887
0.493928
2.1477
0.628387
-0.889067
0.626108
-0.35692
-6.2934
-1.05774
-0.0142241
37.1962
-4.35929
0.0813532
-2.29504
0.239286
2.13189
0.625882
0.00406314
4.81747
4.5916
0.742724
-1.05941
1.41541
0.781297
1.12004
5.73116
-0.759332
2.59252
0.414769
0.462792
0.0331909
2.05642
4.22181
-4.51503
1.01954
4.22884
-1.5701
0.27002
-0.121988
-1.43324
2.37889
-1.21927
-0.299654
-0.0957178
-0.340844
0.640205
-0.00369073
0.447254
-1.8176
0.104571
0.0435447
-1.29166
0.39194
-2.24065
0.801911
1.47429
1.41589
0.00445966
-0.825023
-0.415633
0.565993
-22.5874
0.996713
2.06422
0.784627
-0.563662
0.643109
-7.83159
8.51257
1.20058
-830.26
-0.438647
-0.121817
2.46667
12.0038
0.400868
0.411205
-1.95378
-2.19598
1.26735
0.732437
0.138631
0.524585
-0.702858
0.165114
-24.7113
-63.1918
0.0928458
0.117813
-1.25663
-0.216419
6.0565
0.508656
-5.04337
-4.31371
0.114433
0.771555
1.13228
2.95688
1.70414
0.404635
0.281766
-16.2178
1.15287
-4.55387
0.550439
-0.11232
2.02276
-1.33087
1.09671
-0.147126
-2.54928
-0.0891047
2.16906
-0.474473
0.572351
-0.436548
-0.333627
-0.233458
0.208234
-1.94089
0.816167
-2.60074
2.09363
-1.82913
-282.225
-0.142869
-1.39256
-0.0772595
0.617342
-0.177759
2.23182
-0.819459
0.0127223
0.849052
2.70642
-1.34383
0.0982245
0.616929
-0.388041
1.38607
-0.0533942
-10.9269
-1.51364
1.04552
31.4813
1.69776
-0.434616
0.0831773
1.31803
0.328973
0.0142317
-0.463163
1.30125
0.384094
0.646894
0.551563
-0.381996
12.3452
-4.45859
-0.582145
0.702193
-0.488555
0.575107
-0.601903
-20.2509
-0.792469
0.355856
4.1558
0.561065
-1.26315
-1.28872
0.96783
-4.34881
2.49543
69.5029
-126.025
-1.99917
1.52856
-0.754888
0.397189
1.51341
0.465764
-6.5823
0.0154756
0.290444
-0.548987
-11.9758
1.61866
-1.99251
0.751579
0.4731
-0.681501
5.37137
0.457134
-2.51973
2.17887
-0.00902007
0.377561
-1.08222
-10.2145
1.68629
-17.6451
-5.92593
0.754482
0.333644
-2.28836
-0.702387
1.48756
-1.32892
-0.131333
-14.7708
0.827653
0.591291
-0.107507
-1.34715
-0.884977
-10.7673
1.10467
-0.575577
0.572
-3.80351
-3.33209
0.170521
1.33539
-0.549639
-0.478521
-1.96536
18.7513
0.0768164
0.573968
-0.442572
8.34382
0.623241
-0.659647
-7.6081
-0.0649585
1.33594
0.247321
1.32474
-4.14878
-2.17554
-0.433974
-2.79477
-0.711891
1.2224
-0.798483
-2.05045
2.58392
0.449944
0.437887
1.21243
-21.2726
-1.52649
1.48704
-0.931727
5.4373
-1.34354
0.308047
0.372538
-6.6645
-0.00258168
0.435221
0.508761
-1.77861
-1.22888
39.0514
0.786074
-0.223466
0.774382
-2.34415
0.651564
0.0238516
1.85185
-0.0564254
-0.775875
0.753966
1.05881
0.621377
0.159379
-1.92396
-0.200447
0.747382
0.24492
-0.996508
2.41769
4.71219
-31.9879
6.90188
1.22036
3.05603
0.157233
0.358458
-2.91023
1.02314
0.492758
1.01108
4.01174
-0.911179
0.195889
1.32429
-0.00547927
0.651282
-3.58807
-0.0373834
-27.698
0.850227
-0.361352
2.33954
-133.562
-0.240023
0.735704
7.40177
-1.64817
0.120242
0.961345
1.76934
-2.4162
0.826775
-0.603526
-0.130155
-0.402268
-0.415462
0.316076
-0.471762
1.00682
0.659769
1.19601
-0.643704
-0.484264
28.4929
-3.79898
-1.5716
-0.635579
0.225482
-1.12059
-1.21547
2.08823
3.13057
-22.7844
-0.742788
-0.264837
-0.432964
1.71751
-0.00915989
0.37958
-2.97211
0.458772
-0.569077
-0.188265
-0.0663109
-1.39357
0.630515
2.05554
-2.12025
-6.74347
2.64001
0.0795146
-1.44764
-38.1809
1.83536
0.106838
-9.05151
0.0762731
-0.119808
-0.028973
1.3035
-0.561972
-3.00975
1.08053
-0.137728
0.019565
-1.17765
5.25971
2.14795
2.01378
-0.410054
-0.249915
-1.31627
0.577815
2.95638
-0.425743
-4.29413
0.734017
0.270529
-1.68643
-0.245877
0.628069
-25.5754
-0.791879
0.52917
0.594246
0.274817
-0.0505225
-4.57557
15.9347
0.166789
2.42974
-0.446586
0.0330421
0.244891
9.64669
19.0993
-6.72896
0.345329
-0.573202
-1.27057
3.87516
-0.829328
-3.89684
-0.151988
0.653362
-0.30843
-0.494351
1.51004
0.0966738
18.125
-1.17795
2.93625
1.00029
-2.94371
-0.635055
-0.455871
0.172088
-1.11633
-0.495382
18.713
1.51255
0.696121
-0.314237
1.25372
2.35923
0.0384341
-0.361023
-0.3794
5.39965
0.973414
0.81453
0.96012
-7.46958
0.566381
-1.04795
-0.927593
0.969452
1.08932
-0.659607
8.00471
0.404588
0.763361
0.0422761
-0.846048
-9.21795
1.54214
0.290608
0.740148
-1.34193
4.0087
0.908992
-0.390058
-4.54777
0.60536
-1.43655
-1.97829
-15.0269
-1.18977
0.5799
-0.0599118
-1.58797
-5.27589
0.924501
18.442
1.25096
0.338144
-0.323278
0.936784
-0.165762
11.7747
3.61329
1.70376
0.125809
1.57965
0.625026
-0.987223
0.505764
0.592393
0.140143
-3.20093
0.0557635
-0.291209
3.12023
1.4564
3.66635
1.70868
3.42997
-0.459793
-1.79201
0.748914
-5.7249
-0.857837
-0.737293
-0.815155
-9.85233
-0.490356
2.6411
0.0230279
-0.409398
-0.208186
70.3227
1.02508
-1.21348
2.3562
-1.53522
0.667367
-0.980601
1.53712
-0.0531473
-12.5405
0.245419
-0.878844
25.3507
-1.44141
-1.30437
0.0919121
6.33982
2.83935
-0.584682
-3.37342
-0.0298423
0.917472
-1.26318
0.888736
0.328422
-0.978587
-1.40709
-0.662989
1.56236
0.219694
8.31472
1.77124
52.0283
0.150809
1.42755
2.38664
1.41961
-0.440335
-0.481962
2.65976
-0.602411
-2.92847
-44.2711
-1.29242
0.094028
-0.690912
-0.119367
-0.0974616
1.1168
-1.90033
-1.5228
8.21647
-6.44372
1.42093
-1.07027
3.40444
-0.889937
0.866284
0.963681
1.9686
-0.422618
2.24382
0.516982
-0.130139
0.620467
-3.44386
3.84112
-5.14749
-0.235312
0.895795
3.08434
-2.8262
1.57423
-4.53304
-8.56752
-0.384378
-2.20156
-76.6625
-0.409412
-0.287416
-6.74976
-1.1534
-42.593
-0.518331
-0.245228
0.295266
0.848945
-1.02856
1.3195
-2.09358
-1.55684
-0.658267
0.637538
-4.01944
-13.9629
-1.27182
-0.771921
0.139293
-0.0374249
3.59893
-0.9041
0.622889
-2.97754
-0.380049
0.150904
-0.205278
-3.54341
0.743042
2.42519
-6.22236
0.106719
0.618249
-4.83821
-0.881756
1.01186
-2.17637
0.335874
15.2297
-0.118923
-0.262646
0.538557
-0.421044
-3.1096
-24.8965
0.0711551
0.141574
4.00141
-0.629705
-2.26078
0.143297
0.649349
-0.139809
-1.203
0.223541
-1.7925
1.49983
-3.97209
5.12653
2.43739
1.34994
0.842785
-3.84555
1.86121
0.085448
-4.00063
-5.82595
1.91097
-0.124411
-0.455484
-2.82156
0.174222
0.525655
0.589578
0.20155
0.543403
-0.0570136
-0.559914
5.11398
4.88397
1.2737
5.12106
-0.8383
0.148061
-6.7473
-0.966842
0.357073
4754.08
-0.402718
-2.34778
-1.11479
0.243728
0.0614615
0.784854
-3.04749
0.334111
1.99623
-0.603653
-0.157283
1.51191
0.047538
-0.679933
6.70113
-15.6557
3.63419
-0.850317
-0.375793
-1.01845
-1.30463
0.589735
3.7968
-1.99071
0.50687
0.661128
0.580008
0.302704
-1.22884
3.4464
0.0642315
-1.97441
-0.437901
-7.29472
-0.283949
-2.96447
-3.31999
0.102979
10.3982
-14.7319
-0.305013
0.772904
6.11735
-1.07914
0.451895
0.783947
0.308053
2.50302
-1.18889
-4.08227
-6.32244
0.487557
0.302324
44.4522
3.13082
-2.18345
1.03065
0.344957
1.46062
-1.24211
-1.74764
1.46433
0.278804
0.749394
0.0168883
1.59654
-10.4783
0.170236
-10.2454
-0.235014
0.905917
-6.8423
-0.90371
-1.10427
-0.66876
-1.93404
-1.28809
0.655877
-3.06437
-1.40052
-0.635435
-0.0763675
-7.7729
1.36328
-0.625288
-0.534919
0.0544827
-0.326472
-25.4842
2.07817
-2.92402
1.60265
-0.129387
0.48464
0.877797
-0.943906
-0.420216
-0.675545
-0.686566
-0.20972
0.350708
0.560809
0.048724
-1.34615
-1.46997
0.149914
22.3791
-1.03693
4.98058
4.59185
-8.74054
-5.91284
-12.9382
1.00152
-0.436339
0.258872
1.6149
0.72644
-0.280332
-0.175167
1.07305
-0.842935
2.70288
-0.0687789
0.597893
-0.944009
0.0105821
2.30527
-6.1131
-1.06064
-0.0630256
-0.521376
-1.2589
0.610785
0.677637
0.113855
-0.446031
-0.732591
0.276648
-0.744804
-2.99077
1.13219
-0.119825
0.0468362
-0.715886
2.0702
0.126299
2.12502
1.53047
4.94223
-4.47566
-0.20222
2.48076
-0.792786
-71.6238
-1.09578
-0.818698
0.00301636
-0.29439
2.80611
-0.25763
0.821112
9.70599
0.800857
1.33052
-0.0412586
5.13309
4.82444
-0.726297
4.56861
-0.543833
-0.997327
-0.73086
-0.634765
-234.762
-0.0145751
1.38377
0.659202
-6.18691
-0.0985731
-2.91419
-3.10074
0.567226
-0.840762
-10.0684
0.667012
1.1732
-1.46091
-0.67438
1.54165
2.0014
-2.74979
-0.849481
0.46512
0.328498
1.89865
-1.03627
-4.08849
-0.419003
0.938896
0.515158
7.02533
-1.01665
0.425803
9.57859
1.03489
-2.31528
22.8713
-1.56681
-1.8884
0.750495
-0.678916
-0.297512
0.0297109
5.51005
0.583543
0.999082
0.04077
5.67823
-0.881998
1.47596
-4.14845
-0.922949
1.04403
0.263689
1.84391
-0.477761
-1.80557
-0.358396
7.75101
0.0239576
-0.555169
0.479105
1.28778
-2.6178
1.5798
-1.51669
-0.281117
-0.641363
-0.973436
22.3434
-0.130382
-0.934799
-0.678367
0.635592
-0.148282
0.626698
-1.33052
0.384177
1.5097
0.336431
1.33655
-0.0642886
-1.84207
-2.29097
-0.929919
1.62287
-0.25428
-0.0192992
0.660073
-11.2735
0.255875
-0.637875
-1.60131
-2.7111
2.43373
-3.37689
-1.21152
-5.38184
0.598358
-0.542141
-0.27186
-1.25945
-0.209889
5.69496
-1.04476
0.370678
-2.40899
-2.68364
-1.1705
0.0787494
-1.94824
-0.771439
-0.809465
-0.810163
0.494439
-3.96167
2.03049
0.110681
1.18072
0.743699
2.53845
-16.8346
3.76669
-0.371894
0.0206092
-0.0107958
0.375951
0.0872125
-0.477662
0.551267
-1.1395
0.724643
-2.8807
-0.0129476
-0.0230503
0.849913
-0.971231
-4.91768
1.10019
-0.253607
-0.814313
2.69959
-0.115282
2.85884
2.57569
1.60769
-0.0181137
0.468253
-0.0979422
2.04466
-0.39938
0.513338
-3.92529
-12.2557
2.88976
-3.49271
0.367982
-0.277638
0.770777
1.56248
0.924948
-0.184556
0.066546
1.3512
0.716878
0.537047
-1.46974
-1.95339
-6.48319
-0.527035
0.0297624
0.394335
0.0722257
1.53536
0.358302
-0.339619
0.487133
0.892519
6.7764
-0.751092
0.433218
-0.88071
-0.598389
0.0641583
9.86213
-2.05494
-1.73794
1.59408
1.80636
4.3269
23.4703
-0.137055
-3.28036
-3.81648
112.345
3.00619
0.1358
-0.500229
0.57326
-0.553587
1.00039
-23.7881
9.41109
-0.485983
0.840795
0.0381275
0.926745
-15.1172
0.388137
-3.57776
0.577024
-1.36414
-0.317588
1.18201
-1.81572
1.83243
-5.7579
-0.860042
-0.210618
0.551196
0.166011
-0.882871
14.4392
-0.508319
0.565402
-1.11891
-0.208239
2.9888
0.804498
-5.69252
0.791041
-1.26353
-0.910387
-0.304784
1.00672
27.7178
-1.21439
-0.783049
0.694792
-4.59747
-0.393955
-3.03865
-1.78663
0.191657
-0.382692
-0.276492
-3.16288
-1.64995
0.246402
0.749147
1.0828
-0.282774
0.927332
-2.06463
0.815758
0.250318
-0.0942952
-0.196265
-2.89936
1.47032
0.0991662
-0.287611
-17.0531
46.1726
-5.73612
1.75813
-0.14026
-4.30396
0.136486
0.985433
7.28602
0.876519
-0.572702
-11.4928
-1.38545
-1.23926
-2.14687
-3.7038
0.245866
0.860365
-2.71068
0.542591
0.276003
0.737013
2.50507
1.33438
-1.29198
-4.70064
6.23208
-1.86317
-1.2281
0.732512
0.196724
0.0880492
-0.700718
-2.42113
5.67718
0.674418
1.66121
1.35685
-0.508953
1.76718
2.33939
-9.49789
0.202609
1.01032
0.336961
0.680431
1.32679
-0.102354
0.507529
0.207104
-0.192971
3.66718
-1.13576
1.15929
-0.827909
-0.678487
5.44585
2.94479
101.99
-23.1744
1.34754
-0.223752
-1.59963
-0.361042
1.13949
-2.95779
0.717532
-1.12069
-0.71859
-1.84849
-1.60019
-1.1601
-34.5694
-0.536824
0.148553
0.085412
0.635453
1.53649
-1.91961
5.13391
0.963637
0.464298
-0.561571
-2.72055
-0.690328
-0.447033
-0.588934
-0.790471
1.25346
60.9726
-0.523281
-4.4421
-3.05879
-1.07539
-1.09075
-0.532432
0.195993
1.30743
1.64319
-0.986552
-2.69709
-1.28255
-1.524
-0.4364
-64.394
-1.68689
3.11629
-12.5894
4.71546
-0.612339
-0.353196
7.46955
-0.549968
-25.953
-1.10498
-2.05364
-0.314239
-5.69108
-0.495096
-14.803
-1.5137
-0.142785
0.35868
-0.148264
11.012
-15.5153
2.0566
-1.34018
0.527031
-0.877237
3.30163
-2.84258
1.4458
0.173309
-0.653662
-0.491925
10.1484
-0.432404
-0.00384163
-1.27931
0.13003
-0.705914
1.82355
0.29191
1.7857
-1.5092
-0.438308
1.01193
1.23001
0.102668
0.723109
-14.8133
3.03538
-0.0598565
10.6463
1.33746
9.39524
-0.154976
0.419464
-0.537417
25.3853
0.337826
0.291102
2.34826
5.71651
-1.84032
-1.16266
-0.595928
0.655982
-1.75087
-0.599305
0.112409
-0.510978
-1.5357
-0.170998
0.310223
-0.944476
-33.0697
1.63731
-2.02322
2.42512
4.02197
0.90487
-4.13789
0.439839
2.4305
-6.63075
0.256308
-0.15998
0.362105
5.64205
-0.717533
-2.69626
-22.1219
0.595462
-1.07939
-2.89061
-0.866297
10.0416
0.0807174
-3.32347
-886.805
-1.32149
0.270745
-1.13845
0.96957
0.650653
5.25505
-0.275264
0.230271
-0.0671818
-3.76343
0.617473
-1.24336
-0.906441
-1.25753
-0.930365
-0.670918
0.361961
33.5148
0.0919006
-2.51147
-5.72222
0.464031
-0.553316
-0.194216
1.04708
-1.84145
-0.109924
2.22481
0.273443
-2.12745
58.448
-0.19195
-0.983591
-1.63942
-0.942052
0.00193454
-7.23713
178.956
-9.46501
-0.485864
3.33634
1.94076
0.45673
-0.0451437
0.305296
0.382253
0.826467
-2.12225
-0.240824
-0.138192
0.540928
-0.0490498
0.782192
1.38583
-0.544465
-3.05214
0.188166
1.79771
-2.71943
-1.24423
-0.440579
-24.7828
1.82417
0.0771691
5.7566
-0.650098
1.31133
-0.820945
1.22067
5.01859
-0.85171
1.5278
-0.851207
0.408177
-0.133776
-0.48818
-0.254299
-0.27579
2.05013
0.8325
-2.24839
0.422278
0.103415
-3.33379
0.582099
-1.01371
2.70995
3.70206
-1.67685
-1.12076
-0.589021
-1.55398
-78.6431
-2.1622
0.121769
-7.52313
5.00387
0.135297
-0.473076
2.90955
5.8593
-0.590967
5.49665
19.2608
-0.812264
0.792754
0.156995
1.6318
2.67968
0.638233
1.08339
1.90988
0.388274
4.45584
2.01991
-1.03227
0.485693
-0.702373
-0.935395
1.46532
0.220669
5.1309
-1.74732
-1.95017
-0.730231
0.414117
-1.04049
-259.855
22.7416
60.2791
1.222
0.559877
-16.2754
-6.52761
-3.53139
4.24675
-0.0162071
-1.49439
1.57554
13.1495
-4.10876
4.72764
0.789635
-0.49207
0.0684743
0.0691433
-0.708028
-8.32576
0.646877
0.384948
0.850133
-1.94997
7.46721
0.422284
-1.0587
-1.0092
0.231216
-1.34431
3.2916
0.89199
-3.76024
0.758369
-15.2001
0.592748
1.7487
2.49571
1.0632
0.0113674
-1.88023
2.17268
0.0932316
0.596171
0.167536
-0.605269
-2.32894
-4.13996
0.559272
0.168364
-8.56389
-2.2476
-0.137017
5.53332
1.39337
1.35849
20.929
0.958475
1.50119
-0.476762
-0.597676
1.10787
2.84609
-1.14976
1.26931
-1.0813
2.06397
-1.11559
-4.33682
0.206221
0.12267
-6.53901
0.0254816
11.9602
-1.36726
0.44039
4.35196
1.5238
0.714708
-0.262037
0.130805
-0.0518169
-2.52218
-0.683232
-0.287419
1.55846
-1.74124
-1.05733
0.688601
397.304
-0.83912
24.3805
0.0919255
3.65566
0.924832
-1.28624
0.286669
-2.24401
-0.374119
0.0639616
19.457
-2.32433
0.0319533
3.39527
-0.388787
0.166364
0.981342
-7.24125
-4.12682
0.806417
-2.30549
2.581
0.649383
1.18778
0.0307598
2.2669
-0.343373
2.89375
0.0181495
1.56933
-0.242201
0.217948
-0.995452
2.21172
-0.114035
1.09402
0.169986
-0.669518
-0.868819
3.71576
0.498506
-0.357055
0.296379
-10.5722
-2.12402
-1.10732
-1.98206
1.50397
1.05162
872.504
0.730907
0.726883
-0.138903
-1.68021
-0.302607
-1.42376
-1.1387
-2.55221
0.0764349
-0.682448
0.760139
1.51964
0.853487
-6.25025
-2.18441
-11.332
0.0145953
2.59299
112.813
-2.5559
0.000833349
0.749879
0.877602
0.752028
11.2704
-0.211596
2.49658
0.560226
1.44911
0.92105
0.975745
-0.0957503
-4.40193
-0.169666
0.610179
4.6488
-1.3526
-4.17307
-15.3872
-3.44759
-1.98989
1.65709
-0.0970202
0.21204
0.303854
9.66984
-52.3704
0.279479
0.31719
-0.399339
-0.91992
-0.862464
0.0958828
0.456402
-5.09847
-1.93005
-1.42194
-4.73328
1.08309
0.161311
-0.262263
9.86408
1.66278
0.0868418
-4.05531
-0.00829417
-10.002
-0.0235686
-0.917673
1.76072
-0.365522
3.02787
-1.26376
4.35534
-0.174798
1.0309
1.26805
1.22437
-0.176395
2.27404
0.792997
18.333
0.398458
-0.120338
-0.958615
0.363581
0.23169
-3.56846
-2.60175
-1.14763
0.133345
-0.336236
0.210712
-0.785212
0.0855998
-0.747789
0.632012
1.48284
-0.352822
0.283183
-7.33795
-1715.56
-0.975931
-0.688268
-0.272419
1.2638
0.293969
-1.84795
-0.946195
-3.58458
1.68067
-17.6106
0.205854
-2.16559
-0.276377
5.06913
1.37102
4.28593
24.1507
-0.0357253
-1.81051
-0.744443
1.36139
0.586924
-0.857076
3.31365
-0.480204
0.547744
0.792375
-3.54036
-0.030885
-3.70095
-4.95166
2.12859
0.267165
-1.89736
1.01734
-28.1291
0.839149
0.247278
-0.00211259
-0.146445
8.2569
-0.249364
0.477391
-9.58117
-2.55776
-1.26974
3.14965
-3.68372
-0.698102
-0.6027
-12.0844
-11.3191
0.011309
-1.78898
-0.204712
-13.9049
12.2636
-1.21701
1.04207
0.722819
-2.13436
1.43188
-0.391352
1.8585
3.56153
8.68869
-0.672555
5.31312
1.85638
1.66222
0.637997
-3.3383
-1.5598
2.46108
-1.75878
1.96213
3.62287
-0.676555
3.15031
-1.06231
-0.226035
-1.19835
4.74145
-2.09589
-3.77338
-1.2608
-21.55
-2.78463
0.222571
3.91297
0.937798
-0.038008
-0.0992483
0.673348
-0.0527059
0.188633
-2.54616
0.116233
3.14065
1.78954
237.701
10.9776
-0.886933
-2.59133
0.691224
0.374036
-0.753123
-3.16301
-0.567875
-1.81399
-0.051404
0.348232
0.832346
-0.240504
20.6023
-4.73036
-0.228287
-1.04632
0.197359
-1.32417
-0.655865
2.01759
0.649753
0.826182
0.51626
1.06379
-9.82844
-0.018657
-0.414557
-0.964077
2.25197
-0.337509
-2.5915
-1.33951
-0.806119
-0.0775276
4.10785
2.25915
-0.177045
-3.41179
1.20712
1.07986
0.255966
-0.695663
-0.0623249
0.595488
2.66127
0.0645189
-4.22649
0.564499
1.17749
-0.0629388
3.9395
-0.247729
-0.772128
1.10919
1.13126
0.0260399
-5.54977
-13.9819
0.75208
8.2056
0.369908
-0.212213
-0.0218453
1.37785
-0.545625
2.31558
-1.46299
0.4714
11.3795
-0.588697
-1.22006
1.0975
-7.09322
-31.2282
0.250099
2.18811
-0.521542
0.269755
1.53516
1.27907
2.03932
-0.405415
0.838614
-0.446801
-10.0884
0.0188715
3.25285
-3.7018
-0.603506
-5.69946
-2.0736
0.716015
1.28017
0.0692362
-0.647863
-2.21308
0.447631
-1.7012
-3.14943
13.4053
4.05123
-7.64882
1.32451
4.09957
9.06443
-5.33138
-2.15141
0.804881
0.0595461
-0.317423
-0.220207
0.483871
-0.453133
-3.60292
-1.65663
-1.16478
-0.375555
0.0383283
-5.72077
0.581271
3.81959
8.04007
26.7928
1.98869
0.0489726
6.22937
0.892765
-1.34028
1.18735
-0.840328
1.88663
1.44084
-0.557479
0.947084
2.57394
0.88296
0.609054
-0.151394
-0.818412
0.341302
-0.771269
-5.52942
-1.04457
0.473831
1.15236
-12.8407
-0.00313037
0.659159
0.00771328
2.48773
19.3039
-0.569525
-0.724746
3.01596
-0.24628
0.886398
-2.90495
-0.681233
0.627125
3.18739
-0.781628
45.7904
-0.196217
1.08057
1.251
-3.70414
0.794686
-0.51917
12.6369
0.443982
50.7582
0.370032
-0.353525
2.92144
-0.607831
2.93268
4.16113
6.86803
-1.67156
1.8957
0.377555
-1.48913
0.642399
-0.690863
3.72053
0.908766
2.47813
-1.37137
-0.599196
17.0049
68.7006
41.0615
2.79337
3.45282
-2.40993
5.1629
-1.48059
-1.37732
0.273091
5.29698
-7.12584
1.0161
2.42315
0.883247
-1.40962
-0.0821415
1.25208
0.350238
0.311134
-2.54413
-1.89227
0.428517
6.60381
-1.07716
0.365442
0.456605
-10.8292
-4.77327
-257.68
0.787737
4.25486
0.538466
1.013
1.24501
0.786857
0.0620966
-0.526589
1.23563
-0.527346
-3.59181
5.16228
-0.240109
4.43055
-0.352096
-1.1224
0.294248
0.307628
0.512045
1.04366
0.652347
0.649333
0.0997481
-0.0809409
-22.1421
-0.210407
0.908484
-13.4843
-2.95527
-0.623799
-26.7463
-7.45192
-3.36972
-0.890722
-1.00833
2.22842
0.566744
-1.33228
0.66596
0.315187
-0.539607
-1.3743
2.16479
-1.15925
-2.87429
1.68138
-0.25369
-0.898049
0.0354145
-3.21932
-0.245294
84.4131
-1.61782
-0.961051
-0.216115
0.960513
0.466668
3.89567
0.54529
0.636125
-0.589193
34.6952
0.0977199
5.21486
0.634744
-0.173847
0.0967326
-1.61886
1.07199
1.64658
-0.162303
-2.03286
11.4722
-0.501864
0.0539879
-24.0607
1.37921
1.72512
-0.239576
-42.6583
2.78278
-0.143244
10.7843
-0.454264
0.332032
-0.727617
-0.794258
-2.03508
0.0387401
-1.45157
0.5039
-2.35461
1.3034
-0.670902
1.7975
-1.02391
0.0773722
0.518476
0.388017
0.704077
0.127
-0.457241
-0.232328
-0.543433
0.960984
0.262446
0.19686
7.68969
-0.0688501
0.205049
0.24358
2.70861
-1.31682
1.35903
-1.18532
2.66234
1.64259
-2.09937
6.98167
53.8759
2.81873
1.08925
0.920595
-0.872033
-2.15659
0.633867
0.295422
-1.16746
0.534147
3.8974
0.476555
-0.456712
3.57284
-2.95304
-0.523344
0.530971
-1.06533
-0.997247
0.263422
0.459491
-0.421877
-6.12202
-3.85524
-0.576867
3.58359
-0.550843
-0.0823811
-0.617978
-0.866824
8.10282
3.2221
0.778292
-0.410767
-0.426042
-1.31004
54.601
-1.89328
-4.92408
-1.50469
6.42931
-3.39986
1.00237
-0.323166
-7.99038
0.703519
0.52885
-475.171
-16.6772
-0.654034
0.754409
0.660296
-54.8995
-18.0703
3.30484
-3.55979
-0.32613
-2.38083
-0.0415358
0.0805523
1.05906
2.00244
-0.542784
2.8899
0.570174
0.894259
4.92484
0.961523
14.8025
0.100362
0.803466
0.0717199
8.48258
-28.4551
-0.278633
0.446035
7.41387
1.3287
1.72925
-0.164579
0.737792
3.37562
1.57933
0.204645
8.11104
-0.115395
-4.5299
1.83063
0.0982249
1.48694
-1.37162
2.08871
-1.75555
7.31454
-12.946
0.353725
1.66975
-0.123467
1.04127
2.12795
-0.0489962
1.35121
-0.946522
-0.140599
-0.335168
-0.543699
-1.22939
5.01467
-2.30356
-1.19549
-20.6863
0.104865
10.886
-0.792243
0.521348
0.0927818
1.08438
2.24487
-175.16
-0.229035
-1.208
1.07184
-0.21587
-0.316144
1.35695
0.287355
8.30161
-0.0337471
-1.37483
-26.9253
-0.483468
0.0403617
1.01417
-59.8212
0.278082
22.2836
-0.985194
-4.15717
-0.649518
1.35299
83.5704
-4.68604
0.513788
3.27809
-0.91952
-0.533185
0.314298
-1.16046
0.966886
-0.311887
-0.845455
0.0477415
1.14598
-0.933575
1.23983
7.0717
4.3074
-15.1766
-2.44475
3.13658
1.17341
4.82774
-0.737037
-1.58702
6.79395
-0.719037
2.49112
0.108724
-0.746053
-4.35576
-1.13216
-0.333114
-0.935365
1.66846
-1.24212
0.581402
0.663472
1.10773
-1.15435
1.9267
3.15397
-1.32141
0.444676
-0.836524
-0.729099
0.236441
-0.762448
-4.65719
0.0735364
0.65592
-10.2768
23.1574
-0.0765147
-2.1356
-0.0354999
-0.140743
-4.88642
-0.785417
0.626751
-10.7279
0.308811
-0.193049
-3.66536
-1.3229
-1.88818
-0.121335
1.23035
0.327129
1.77307
-1.14034
0.858541
1.27503
1.57836
8.91181
1.46425
-1.54532
-1.17372
0.577312
-0.0180917
-0.871517
0.231829
5.07605
1.25585
0.752759
-1.38412
7.28475
1.43519
0.112483
2.39213
-0.141381
-0.633607
-1.40556
0.579208
-1.48023
-8.85524
0.921107
-1.59319
-1.85367
1.75855
-2.66216
0.058612
-0.477319
0.38923
0.0976167
0.327321
2.4816
-0.96355
0.699115
-0.783627
1.61626
-2.11819
0.13283
0.197125
1.33327
-0.459238
-1.52389
-4.04446
-4.01685
0.0924099
1.08703
-0.341897
0.811104
-39.0149
0.628382
2.87197
3.57068
-1.30207
2.36437
0.840926
-6.95685
-1.59005
0.6118
1.69487
1.44954
-0.188474
-0.75633
76.8808
11.4335
0.144435
-1.0418
-1.85397
2.04356
1.51314
-0.464736
-2.25787
-0.706462
-1.0934
-0.897663
-0.263408
0.36198
-1.19918
4.42222
-4.7623
4.218
-1.06166
1.22897
-1.59849
-0.857343
-1.49422
1.33572
-2.56632
0.294045
1.02187
3.56424
-0.249966
-0.864959
0.568644
-0.95137
1.78617
-92.1902
-2.24325
0.581053
16.3029
0.788102
3.81362
-0.840736
-1.42623
-0.8266
0.778859
-0.272783
2.00963
2.19264
-12.4022
-0.848487
50.5738
0.424409
-2.71109
-1.73796
-2.00365
0.916102
1.52168
0.214211
-1.56166
0.214952
-0.18315
0.254587
-0.278478
0.164323
-0.836493
1.23323
-1.51825
0.530552
-2.74812
-0.705308
0.158706
-1.15259
-0.567531
0.385208
6.77888
3.21623
-3.85764
-0.834399
6.33328
1.07773
0.747749
0.666358
0.948257
0.514205
-5.29771
-4.87984
0.182311
-3.28455
0.19155
-0.77515
6.5106
1.05838
0.497439
-0.649783
-2.00168
2.56983
0.0911782
2.85923
0.0868176
2.65936
-0.424804
-0.159804
-0.705586
-0.307789
-0.141637
-7.5933
429.314
-1.71321
0.124259
-0.257441
1.46034
-1.92225
0.748203
-2.9467
-0.0439382
-4.4422
-3.40596
0.609864
-2.76044
0.412323
-0.666612
1.97555
-7.26639
0.423982
0.350748
10.6593
0.732063
-0.164442
-3.90876
-1.56804
-0.27552
0.967349
-4.17885
0.891726
0.567926
-0.616888
4.70261
-4.41726
0.756137
0.199279
-0.050589
12.1804
0.290036
-0.42528
-0.226883
10.2981
0.287105
0.856887
2.88379
-1.06277
-1.27703
-0.58748
-0.931504
-219.495
-0.694875
1.16014
8.13558
11.8608
-4.62229
-1.54598
-0.298729
1.55433
1.16248
-0.544195
0.25186
-1.15692
0.0710272
-0.88082
1.41143
1.63056
0.686257
-3.1897
-0.350735
2.61221
-0.630174
-5.17552
1.37601
0.213729
0.63511
-2.0736
3.15825
-2.03886
-0.256978
0.593554
0.156249
2.91381
2.35181
-0.679597
-0.492665
-2.44839
0.158741
-0.742686
-0.0428349
5.08197
-0.273991
0.616093
-0.198384
-0.770169
-1.07652
0.81411
-0.686439
0.831198
1.80151
-1.75115
-1.37571
-4.125
-6.51053
-0.199426
-0.175768
0.466322
7.03496
-2.44126
0.698227
-1.21405
-1.73839
0.773207
1.77178
0.584172
2.12286
0.0922724
-0.399658
-0.407861
-0.505006
-1.30552
-1.07985
0.116099
-4.98018
-7.71977
6.2241
0.857515
-1.26245
0.31497
0.701811
-0.761445
0.189482
-0.278651
-1.40105
0.866523
-4.4306
-15.7172
-5.84959
-0.382992
1.00757
0.485153
0.146166
-0.433722
1.53154
-1.37173
-0.214059
5.5766
-0.658775
0.04673
-12.8313
-1.19889
-5.3823
0.867621
-19.1725
-62.3358
-7.13899
-1.45547
0.237604
1.71892
-1.30639
0.249647
4.48315
0.0405003
1.40496
-1.75637
-0.32232
-1.84083
3.46607
-2.30919
0.947577
-0.240118
0.35492
-0.482726
0.216213
-0.0564409
-1.34373
2.61377
-2.08863
0.32179
-1.80396
-1.30028
1.78426
-4.69649
0.427139
-0.129937
-0.285677
14.2608
0.145689
0.441792
0.887504
-0.468551
-1.04121
-7.4983
1.60673
5.27225
8.73301
2.7633
-0.571215
0.129877
-3.35523
-0.0663001
-3.78938
12.6139
-2.85665
0.673581
-0.439293
0.470784
-0.21015
-2.74098
-1.71175
-4.46669
-0.738223
-1.96826
-0.30055
1.46015
2.89135
-1.42506
0.368708
-1.69205
-0.0256941
-2.8579
-2.80486
0.130287
0.915046
-0.350389
0.474832
-1.45088
3.41282
0.516771
0.905391
1.86464
1.73307
-0.334963
-0.00889693
-0.81841
0.986956
-0.0100318
-1.51396
-0.853883
-7.99815
0.57424
-2.0662
-1.84519
0.608095
3.20431
1.81383
0.90053
-0.375166
0.195117
0.586429
0.0958196
0.13436
0.558706
-1.35017
-3.0256
1.10196
1.25859
7.21379
1.01217
2.68044
-0.872396
-0.181997
-1.03776
0.0834654
-7.5295
1.54975
0.235599
0.836907
-6.31733
0.524188
-0.279232
3.53448
-0.60143
0.186823
0.339816
1.01492
1.81463
-5.51909
0.520457
0.530641
-1.21828
-0.273225
-6.20634
0.569378
-0.292401
2.57828
0.143357
-1.36247
1.62141
-0.478899
-9.32095
0.388666
0.527291
11.349
-2.68468
-1.20727
1.85515
-1.38032
0.595143
-7.48531
-0.902644
-1.15343
-10.484
-0.380896
2.10523
0.342939
-2.9838
0.673194
3.41424
-10.4048
-1.59412
-0.209312
-1.17257
-1.37777
-6.57754
0.20864
2.20219
3.30423
4.51052
-0.441814
0.777647
-2.89514
0.376727
-2.30197
0.797018
4.45731
9.8088
12.3546
-0.484973
-11.1142
0.488929
0.340613
-3.33527
-3.59557
8.59009
1.38794
-0.470341
14.2546
0.362389
-1.71677
-0.786294
-0.240894
-0.249456
-10.0642
1.26418
0.13262
0.506564
0.262809
-1.58125
3.55217
-2.75352
1.13966
3.42458
1.07447
-0.134035
1.05471
-0.112103
-1.16622
6.82165
-0.272178
-0.334357
-0.98917
-1.45592
31.9903
-0.847646
1.36937
0.93692
-0.281204
12.0865
0.263319
1.09427
1.02757
0.902562
4.74443
0.132654
1.00329
-3.9369
1.59996
0.881207
-0.184206
-0.749278
-0.827246
0.398358
0.345693
-0.467419
-0.180627
0.793875
-8.59429
1.9331
-1.20012
-0.950686
-0.228149
9.1876
-0.895027
-199.345
-0.271013
-0.320074
6.68698
0.0113016
6.03362
-0.65058
0.335414
-3.73764
0.291315
0.408074
-1.12401
3.68009
28.6483
-1.26431
0.804303
0.413392
0.668866
5.03552
-0.948683
2.82979
1.62037
-0.744018
-1.55714
0.543881
0.120247
-1.78892
-10.9094
-19.0246
0.139918
-4.12619
4.84604
0.698134
-1.3412
11.0946
-84.1179
3.38019
-1.00809
0.105454
0.362466
31.6634
-0.270263
-0.377516
0.0604817
13.8368
1.20437
-0.395159
0.66808
-0.0716151
-0.479428
-0.685525
-2.54633
-2.34988
22.5322
-0.0451188
-0.597959
0.334073
-1.44908
-0.820776
-0.116125
1.16152
0.773914
-3.75657
-0.343953
-5.48657
0.18117
0.337123
0.157477
-11.3568
-0.781131
-1.23427
1.78871
2.03634
-4.22083
-1.65526
0.145794
-1.0272
3.09776
-1.10835
1.18543
2.70092
-0.174725
-0.0887676
-47.724
-10.6868
4.36993
-1.05451
0.664852
-0.00886242
0.514385
-0.238077
-3.66795
-1.54142
0.529202
-1.71527
0.748456
-4.60305
9.20946
-1.31425
1.30169
-4.04313
10.0255
1.51011
7.18948
9.65307
1.12869
1.16562
-0.387949
0.868523
0.610059
0.505262
-0.961418
0.659112
-0.915361
33.2535
-0.210298
-9.02547
0.604657
-0.938312
0.13321
-0.395108
0.539671
-2.01854
0.220421
-4.03516
0.868386
-1.42267
-3.12269
-0.218597
-4.40757
-1.12677
1.17334
-0.635656
-2.22721
-2.60248
1.69108
3.20735
1.39363
-0.0859965
0.917316
-3.42714
-0.364117
-0.76066
-74.3383
0.127286
2.34504
0.094505
-0.274778
1.82948
-2.15444
2.26202
-1.28532
0.816045
-0.253055
2.14938
-0.35834
-1.63942
-148.053
-0.727448
1.47507
-1.68646
-1.03347
-0.54215
0.695452
7.46561
2.15487
-0.264538
2.90428
-1.04977
-0.118103
1.28415
-0.528967
-0.337059
0.13467
0.324304
1.76331
0.329117
-0.0404098
-0.393271
-0.448977
18.4985
-0.550974
11.4026
1.02206
1.08717
10.5918
-0.0736502
3.08743
1.19431
1.51633
9.92517
-0.0607432
-0.659659
-2.70351
-0.914747
-0.643749
-0.0867691
0.223367
-5.24462
-0.913862
-6.41127
0.162469
-1.90379
0.337452
-1.5099
-3.13827
-155.091
1.83436
-0.402767
-0.211427
-1.48658
0.411878
-0.945536
-0.585224
-1.07171
-2.12341
2.36359
4.79284
0.227736
0.72554
-1.05745
0.76383
0.942746
-0.462285
3.59389
1.6744
1.06951
0.893388
9.53782
0.71315
-0.520959
4.58754
2.9629
7.45096
-0.156115
-3.57323
0.0656397
0.606703
1.32087
1.81428
0.582087
0.05604
-13.633
-0.318611
-0.16039
1.50162
3.08176
-2.66743
1.10421
-1.04887
-0.910828
-0.6668
0.210302
6.31351
-6.99327
1.10372
1.62426
0.731218
-0.292117
3.0404
13.3985
-1.56793
-6.08966
-0.813835
-1.16251
0.82311
0.821337
-1.47742
0.201988
1.10543
-1.21733
-4.56903
-7.76123e-05
-2.46965
0.301184
-0.146271
-0.139907
0.859238
3.19765
0.0416503
-0.0427494
0.779868
1.2605
-2.79665
-1.2627
-0.799116
0.269416
-0.264143
-1.91947
4.54352
2.31384
-0.272695
0.409517
-0.957771
0.0201311
0.11582
4.32721
-0.0766902
-7.82699
-1.5925
-3.39634
10.3102
-3.3046
2.67083
0.16262
-0.195775
0.190738
-0.350928
-1.84056
1.16356
1.05349
1.08043
1.34516
4.49324
3.98758
1.34907
-1.01632
-0.585935
0.373976
0.16933
-0.291948
-0.429257
0.137675
1.06066
-0.0329357
-8.30646
0.137269
-0.349202
0.0163003
-0.738855
-2.92599
7.38647
-0.73134
-0.538469
0.773799
0.520672
1.88282
-1.04538
0.530927
0.0666605
-1.13881
0.278077
-2.18904
0.740423
-4.50306
-0.916329
-4.16559
1.47395
2.99128
0.0509519
1.47752
-0.608535
-0.082704
-1.77888
0.354855
-0.091722
-1.19393
0.970028
-35.858
0.443256
0.871629
-1.90184
0.075673
2.07448
-1.28811
-4.58224
-2.0548
-2.50108
-0.198088
1.15819
-1.06445
-2.44667
-1.41193
1.80501
-0.127062
-70.6336
0.217241
-1.84039
7.06963
-0.0967797
7.71298
-2.39255
0.145916
-0.0871199
-0.398054
-7.1401
3.61579
3.85346
0.161407
-2.63834
-1.39467
-2.03486
-0.476286
1.74356
-0.134711
0.0939573
-0.26025
0.445457
-0.581838
-0.122784
-0.325279
-206.385
-0.816769
7.2697
1.07542
3.64329
3.74375
-0.228444
-0.595037
19.2464
0.635811
0.971321
18.2453
2.03296
1.31214
-0.141933
7.42974
-0.589543
4.41297
13.5487
-1.45816
-7.76139
116.586
0.319169
1.65763
-0.860041
2.91667
-0.837586
0.527565
1.28611
-1.51134
-0.687847
-0.0418281
2.91324
0.270244
1.87735
-0.499712
-0.0744218
-6.12472
-28.2338
0.793067
-0.324667
6.69315
0.178605
0.211895
-2.4308
0.591175
0.0244267
-1.35379
0.433303
-3.12639
-0.416974
-1.50461
-1.86614
-0.532343
6.72424
-0.27458
0.298459
0.751559
-4.36413
3.62866
-1.97286
0.775626
-57.019
-0.0152046
-1.64887
-0.757183
0.520699
0.701402
0.623753
-1.05042
0.808082
1.97105
0.676608
-0.722572
-4.27201
-0.25458
-0.0459296
0.0611222
-0.279001
-0.00299496
0.121623
-2.1059
9.66523
0.131187
1.34011
0.386242
-0.438763
1.92732
-3.98546
-0.726346
-1.96542
0.322461
1.33269
-8.01492
1.01103
-0.069964
0.95388
1.0978
1.70495
3.52749
-0.279208
0.442191
-1.21688
0.100869
-0.487378
-4.57012
0.0101241
0.475144
-9.74458
-0.551743
-1.63675
1.85985
0.717684
6.06866
0.328312
-0.399283
0.604953
1.6855
0.368517
-0.70979
-1.09717
9.59376
1.16267
6.38574
0.100229
1.9669
0.197974
-0.426496
39.5173
0.505557
3.68883
-0.86162
0.594422
0.270247
-1.51257
0.401698
-0.262916
0.053182
-0.365032
-1.99596
-0.444272
-0.571053
-6.58377
0.22517
1.01296
-0.306035
0.0614411
-0.0281685
0.922366
-1.37122
-0.600754
-2.81101
-2.72126
0.020583
-1.35378
-0.554554
-0.415098
0.43769
3.74094
0.154351
-0.04784
-1.01986
-0.0321415
0.587363
-1.41643
0.0914505
-0.814321
1.30105
0.638115
2.56784
-0.355978
2.5756
-0.318243
0.399924
-1.08066
-0.705627
-2.58903
-0.581706
0.55498
2.83991
0.200224
-0.841097
1.42751
2.28659
-0.249418
-2.02475
-1.50475
0.0491309
1.35058
1.0976
0.144882
-0.0938861
0.45314
7.2627
11.702
0.380021
1.999
-0.942855
-0.992319
0.647091
-0.901883
-0.87089
6.28538
0.642467
-0.143285
0.516748
-0.352504
-1.60111
1.94536
-1.83299
3.4208
-0.879096
-0.318084
-1.29375
0.434067
-8.4124
0.238389
-0.515902
0.155367
0.210643
-0.6629
-1.52061
0.354975
0.374981
-0.605516
-0.952597
-1.28428
-22.1071
-0.591307
-1.33255
-1.69508
0.215223
0.386687
-1.15408
-19.9802
-0.823655
0.0184076
-0.639998
-0.824325
-2.62989
0.57335
1.0635
5.54171
0.795892
-2.30117
0.791389
3.393
-0.741431
-0.223604
6.45458
-0.680123
2.66744
12.6939
0.174199
-5.56694
-0.369364
0.463331
3.94262
-3.36958
4.97831
0.812326
0.312502
1.73319
-0.380564
0.303773
0.123482
-1.50404
-0.432925
0.262393
-1.17241
22.9592
0.398017
-1.69455
-1.34806
-1.77195
-2.81616
0.224505
-0.435159
0.218456
0.75353
-0.135108
5.72304
6.50702
7.62044
2.05368
-1.47169
1.10393
2.08419
-0.468564
30.0514
-3.63905
-3.61481
-0.923213
0.425314
-0.414255
3.17606
-1.83941
0.675881
-0.0297274
-0.0404534
-0.519062
0.292655
-0.525246
-2.6384
0.379001
-0.0370623
1.00595
-0.714686
0.0455629
2.35197
0.16048
0.764039
-3.81852
-0.300082
-13.0846
5.01229
4.57899
2.14179
1.85173
3.30833
0.633816
-0.252376
-0.0805789
-1.61663
2.76179
0.884994
13.3809
-1.23602
-1.89333
-0.565617
-1.78829
-1.81669
0.70449
-2.11922
9.52361
-28.81
0.229446
4.25909
-1.80637
2.7686
142.269
-1.56263
2.84651
0.801
-2.47377
-2.46668
-1.00121
129.149
-0.686645
-0.206264
0.960726
-22.2227
-0.168587
0.0245057
6.02004
0.667035
-2.64891
-0.968882
0.446869
-0.735875
0.724799
17.3083
-1.51437
-0.132263
0.150645
0.425434
0.688799
0.0781843
0.0716087
-1.27448
1.11012
2.07315
-0.691102
0.696421
0.853117
-3.47118
1.19905
-0.305825
0.454559
11.0292
31.9368
-0.469316
-0.739623
1.22825
0.559004
0.0617498
-0.496369
1.16472
0.802288
1.64543
0.0413446
2.95694
-0.782761
0.276991
-3.96539
-0.0739689
0.258657
3.23995
-0.875826
4.49934
-0.365093
0.270136
-0.409827
4.70105
1.54666
1.61089
0.208941
1.65908
0.203641
0.988582
-17.2584
0.0025124
-7.37648
0.839524
-1.56074
18.949
1.10587
3.03712
37.3354
-1.68674
2.31653
-0.41023
0.250738
2.81301
0.950499
-1.28302
-14.2147
0.0345318
0.769414
1.35769
0.0873506
0.120235
-5.34767
-0.464859
-29.9289
-0.113348
-3.31629
-0.0853307
-1.62534
-0.0677619
-6.11412
-5.0491
0.365491
0.258129
-14.8854
0.0406665
-0.515377
-0.175035
0.0246374
-4.35762
-0.871411
16.4081
0.0390035
0.356094
-0.147111
2.15667
-0.716173
1.82671
0.174604
-0.203997
-0.182716
-0.297918
-2.49314
-1.09562
0.338124
0.195042
-0.337482
-1.03611
-0.209418
-2.17433
-0.212911
-1.42252
1.48129
5.38644
21.1616
0.330417
0.395535
1.88373
2.10792
0.324777
0.692339
0.0830452
8.63944
2.31454
-1.05464
2.52659
-1.38813
-0.829086
-0.0367063
-5.88853
5.70899
-0.574001
1.91196
-7.37881
-10.3049
4.21507
5.41856
0.111827
-1.34378
5.77106
29.7735
4.73265
0.283401
-6.89055
-2.47278
0.419404
-1.10573
-0.334997
-2.5714
-0.77294
67.1174
0.821104
1.09743
2.97478
2.66936
0.736213
-0.36523
-6.10569
1.34449
-0.141242
2.89059
1.9518
2.72625
-0.466487
0.72466
0.143488
-1.80382
-1.40382
-0.16883
-2.57923
0.251073
-0.0394104
-0.161812
-1.48761
-19.9973
-3.79317
2.62675
0.427944
-0.812554
1.77555
-1.03587
-0.977396
0.873682
0.54458
2.35085
0.105476
0.32655
0.68066
0.435851
-0.519365
0.577796
-0.763272
-0.809621
0.813642
-1.74339
0.50745
-5.83089
-1.50837
0.197405
-0.677685
-0.0834417
0.421876
-0.124925
-0.49536
-1.77416
0.660498
-1.26332
-0.380206
-0.607266
-0.0684553
-0.622572
-0.482107
2.73947
1.94718
-0.405936
1.19955
-2.29948
-0.210527
-6.03963
6.79958
-33.2962
3.29209
-4.22026
-7.25283
-9.3918
-0.236486
-2.26876
-3.48109
1.30388
-0.815987
-0.408367
-22.0178
-1.10544
-0.165119
0.169775
0.148761
28.4532
3.20596
1.14719
4.55726
0.678592
-1.77729
-0.0548542
-0.889651
2.84297
-1.25457
5.04348
2.81173
-1.7037
0.860758
0.35231
-0.429483
-1.28583
-0.983666
-7.02447
-0.492789
-1.02824
-0.327242
1.30576
3.76072
-0.779042
-2.76265
0.390492
-6.13188
-0.896316
0.904332
-0.999461
-1.13254
0.857409
2.88282
0.195579
-2.78743
-0.126392
0.835212
2.82782
-3.23768
5.04343
0.736955
-1.08886
7.29572
1.96481
-2.01685
-5.27118
-0.706809
-1.15043
-1.04281
-1.61525
-0.464296
17.0747
-7.55984
-1.41348
-0.85912
-0.00896373
0.730634
-0.0973816
0.966158
0.940443
1.28895
-2.18449
-2.50329
3.83453
1.3903
-1.013
-16.2244
0.406554
9.67974
1.09081
-1.59408
-8.26975
0.645332
-2.92216
-2.57316
3.29081
-7.38138
4.52985
1.28513
0.000361227
-1.37658
1.39936
-12.5131
-0.0248172
-0.184716
-5.30405
0.340103
2.73299
-2.25273
-0.25653
-0.96809
-1.01013
3.8138
1.27836
-0.524955
-8.59035
0.0278873
-0.48153
0.967812
-1.65519
-1.08128
-0.239246
0.194012
-0.193082
-65.7822
-0.57017
0.482644
1.96708
-1.72327
0.284044
-0.0736361
-0.171769
1.3787
-12.8528
21.1186
-1.78777
-0.819539
-39.9754
1.7206
-1.39309
-1.01756
2.43192
1.60317
8.14533
1.49271
-2.34198
0.216365
0.619226
1.07917
2.69276
-25.225
0.761254
0.621908
0.601552
-0.212564
-0.421015
1.05898
-1.08585
2.01742
8.65147
-0.474678
1.15889
1.17791
-1.33248
-0.142314
0.654176
0.316517
3.36603
-2.79159
-81.2291
-2.24469
1.2924
-0.63742
0.0133499
0.211937
-0.408137
1.73571
-1.87602
-0.60276
8.56684
0.183239
0.43124
2.66383
-0.475076
0.134214
9.65512
1.97687
0.0222818
-0.660105
0.454095
6.40523
0.692295
0.592868
-0.0394333
0.17973
-0.0688844
-0.532762
0.809533
1.88639
3.43128
0.25396
0.707652
1.70843
-0.582251
-2.15238
1.26115
-6.87842
10.0707
-31.1671
0.818132
0.634133
0.577715
0.551839
-0.0244827
0.978905
-1.73881
-3.73473
2.5968
-0.395549
2.7073
-0.228095
0.987519
12.1881
2.77359
0.891321
0.864944
0.720738
0.362711
12.1774
-0.120234
-1.32284
-9.17361
0.490229
0.245661
-7.6125
-0.592295
-0.232012
12.581
2.55867
2.16505
-1.59532
-0.458871
0.0592887
-16.3475
-23.2992
0.463493
0.105655
-0.266516
-1.16194
0.919937
0.398946
-0.283485
13.4096
2.42262
-0.7688
-0.00765609
-4.02634
2.01327
-0.471089
0.496705
1.6256
0.47911
12.6714
0.5835
-9.3601
0.0262877
0.41214
0.380505
0.793804
0.378482
-1.1859
1.15934
-0.36405
0.196698
-0.0016187
1.07323
3.13953
-6.20999
-0.522483
1.48104
-4.46509
-1.1284
-0.184893
-14.4432
0.917374
1.37079
1.19355
2.4378
-0.841985
0.694067
-151.307
-0.417739
-0.590506
-0.318485
-1.35891
-0.758007
5.00905
-0.0815436
-3.36767
0.200906
0.414607
0.735488
0.23491
3.74332
0.130533
-0.885407
-0.818933
0.368109
2.39506
-1.96638
14.6124
0.5697
4.26184
-1.22976
3.49578
0.100222
-1.0179
5.70039
-20.108
31.9061
3.15251
10.9451
-0.207347
0.037831
-0.656862
-1.00404
0.959845
-1.04003
-0.705378
-0.0777896
-1.29752
-0.272578
1.11151
-0.605101
0.347173
0.473975
1.76154
-1.1753
8.21895
0.847179
-5.28055
39.9029
-0.910123
-0.052642
0.260965
-5.76886
1.09732
0.0627904
0.550223
0.314163
-1.82167
-0.461173
-1.73713
26.9336
-1.33801
-0.479157
-0.164071
-0.593556
-0.949764
-689.522
0.60413
-1.4111
0.310876
-16.2695
1.77302
-0.202676
0.197849
-0.0488168
-0.341433
0.646263
-0.062561
-0.69459
-1.29623
0.119736
-2.36276
-0.501789
0.0143771
-3.54349
0.0915977
-0.790568
1.66583
-1.52575
-2.09275
0.361099
-1.25306
-2.57786
0.29805
0.277561
0.0235282
4.97954
-4.41836
-1.2266
1.91077
-0.49397
-1.08695
-0.835752
-2.65603
2.53422
1.76241
1.24363
-5.05655
-0.259729
1.97016
-1.56059
-0.0553347
-0.544592
-1.16834
-0.206436
4.80683
0.0518516
-0.0785412
-1.22995
-5.76579
-7.08322
-1.17451
0.3854
-2.27441
0.144244
-0.315648
-1.36233
-0.211993
-2.2274
-2.57497
-1.45772
-1.31636
0.211088
0.888324
-0.63799
-0.686503
-6.16816
-0.660637
-0.607329
1.30346
-6.97884
0.120569
0.0697988
6.05252
0.217215
7.3409
9.52842
0.273613
-13.1787
0.691081
-0.0489444
1.07439
-2.2059
0.836452
1.75388
0.664152
0.641645
0.693518
-0.516311
-0.679327
-0.764373
5.81851
-0.526775
-1.5658
2.52902
1.27207
-0.0982322
1.30797
0.0820358
5.94761
0.717477
-1.62242
-0.184849
-0.0811036
-2.06314
0.816147
1.87107
10.2092
-16.146
-1.21992
-0.0472627
-0.408094
-5.12391
1.24878
2.4897
-0.00253346
1.40802
-1.1404
0.965787
-1.89863
-9.82245
0.351317
-0.35817
1.40123
0.531328
1.59156
-0.838709
1.83198
-0.925541
-0.547737
-7.78149
0.201945
2.40794
-0.5482
0.0112384
1.47281
-0.736168
0.80887
-0.398304
-0.780434
-8.09306
0.66534
11.6811
0.227473
5.64457
-0.818282
-0.47022
1.17935
0.659915
4.32621
-6.71329
-0.0148263
-1.97431
-0.29017
11.3858
-0.393127
1.26854
3.11064
0.367537
1.61645
0.0638347
-0.491108
1.08253
0.405854
-20.6359
2.68338
-0.195316
0.161906
-0.550097
-0.0714764
0.342811
-1.51909
1.08254
-0.569281
-16.9441
1.10891
2.751
0.793774
0.348437
-0.152424
0.439793
0.568644
-0.792789
-1.75625
-1.81976
0.658063
-0.360688
-0.245886
-2.59709
-1.83867
-0.744042
-1.37793
17.2817
-2.76998
0.132313
0.361223
-6.88661
0.799645
-0.0899531
0.0977476
0.099903
-25.1067
-2.37358
-0.310987
1.36726
19.9058
8.38072
0.720671
-0.976636
-0.360702
-3.7464
1.77632
-0.673137
5.71968
-0.741102
0.185482
0.325275
4.11783
-0.802821
1.16843
1.70807
-7.97388
-1.22017
0.0228028
-0.110229
1.09938
-1.47433
0.616192
-1.96626
0.253076
-1.02146
0.970332
-9.32233
0.275091
3.40911
-65.9636
-5.4161
-0.547531
-0.0451393
-0.00520583
0.149663
0.388937
2.24487
-1.7433
-0.216086
0.381809
0.066335
0.128236
0.929969
8.45365
-8.87765
-0.650541
0.690145
-0.0221358
4.55242
5.36935
-3.20761
-0.619885
0.410482
-0.0256402
0.781206
-0.379799
-5.50482
3.3831
-0.0592414
1.91536
0.350029
1.70444
9.36819
2.31983
-1.94917
-11.2187
-5.72078
4.06514
4.75141
7.61497
-1.97253
0.119609
-0.579731
2.88394
1.90163
0.178836
-1.62904
-0.80493
-0.305222
-0.637621
-4.21357
-0.500797
4.57475
-0.323701
-1.06171
0.12229
0.861047
0.258794
0.709874
0.592747
-0.652271
0.313287
429.498
0.371652
-7.94794
5.34585
0.0133547
0.0655909
-0.555532
-2.84265
1.21366
-0.741297
-0.152206
1.02848
5.14074
1.97032
4.2584
0.587642
0.507461
-0.543978
-1.34156
-0.0756951
-1.2324
0.180992
-23.8502
0.586158
-7.99224
0.241665
-1.24593
0.887794
0.719332
-1.97736
0.517513
0.562382
3.19201
0.010105
-0.802416
-0.731939
-0.997434
2.53657
-0.181723
-1.73915
-1.41471
-0.781706
-1.4297
0.319213
0.0976474
-0.0855779
0.622065
-1.10387
-1.48983
24.6218
0.199171
1.03027
0.00828059
1.06921
0.416298
0.316894
-0.230973
-0.142208
-0.932137
0.217051
-7.27948
3.88218
-16.4571
-5.34878
-6.81956
-6.62419
0.00262129
-0.32762
1.54445
-10.3828
1.09475
1.05964
5.66933
-1.65566
-1.39172
-1.07717
0.22839
1.61326
0.00832957
-3.99094
109.016
-0.883503
0.0848947
0.947136
0.800353
0.23718
0.908094
-10.2189
-0.652585
4.36899
0.772751
-4.5098
-1.55367
-0.392532
0.240129
-1.4629
118.183
-0.314638
0.703746
-0.929545
0.39066
-1.04372
-18.5421
-0.597561
0.348889
0.461353
-1.37778
-0.065626
0.255407
0.113022
-0.934981
-2.28387
0.932288
-0.51517
68.8751
-8.41712
0.10497
0.922175
-1.07942
0.535478
-1.75769
0.391748
-1.61074
1.05125
-6.65292
-3.3415
16.1392
-3.06
-0.746487
-0.761102
0.538672
-0.559573
1.62712
0.81524
4.72474
15.5165
0.446614
4.52215
0.55593
0.182438
-1.55674
0.64783
2.13267
0.393427
-0.948338
-0.0294982
2.34158
1.25149
1.34806
3.37625
0.92722
-6.04509
0.829485
-2.09933
1.04218
7.96702
0.674017
-2.51662
-0.52563
2.00703
1.96989
-0.651738
0.585394
-1.18605
0.742637
-7.07552
-41.6358
1.98377
4.6724
-1.02055
3.01303
-0.719934
5.82564
-0.0356434
-0.596058
-0.180794
-0.84045
-0.333074
2.10078
-0.0420213
1.25114
0.184525
-0.876901
1.62259
-4.07631
0.79019
-0.317897
-0.855021
1.46158
-0.51316
-0.0335085
0.503258
-3.65132
-0.559578
-1.2382
-1.46979
0.166166
-2.76489
-1.55991
-1.81858
1.28837
0.273638
-3.07052
-1.51839
-0.37531
2.13526
-4.13613
-11.1458
0.339192
-0.619694
2.37903
0.737092
-2.85982
-1.49317
60.1018
-0.774571
-4.91959
-0.018798
-0.286641
2.85662
-5.10629
0.166132
-1.91822
14.1995
0.145922
2.41977
1.37411
-2.61678
-13.4624
-0.959228
0.255996
10.8206
-1.11614
0.720908
1.64215
0.406163
0.0506261
0.413662
40.402
-0.00969399
0.204429
-0.396372
0.446272
0.659089
-0.56935
-4.70623
-0.277594
0.680942
-1.13371
3.22083
12.6733
-0.193611
0.0524889
-0.346943
-0.731081
0.369424
-11.5928
-1.21363
0.018997
-1.90408
0.391797
1.90686
-0.731836
0.629919
-0.833631
-1.94559
0.323264
2.51252
0.626053
-0.807688
0.629874
0.142205
1.9208
2.9123
0.0249241
0.81312
0.0762574
-2.70296
0.557717
0.853523
-1.2326
-4.71668
0.356815
-5.45563
1.21995
-4.71413
-1.32861
-1.79637
0.291771
0.563307
2.76028
-0.547134
-1.00678
-3.24351
1.03458
0.188985
-0.957941
-1.11547
-0.467166
1.06367
1.1722
0.21134
119.931
-1.30748
-3.07172
-0.314736
0.756232
585.317
-2.87187
-1.40818
-3.34581
-0.0028013
-0.375108
-0.155757
13.6139
-7.85648
-14.525
-0.140899
-0.0359456
-0.299132
-1.41723
-0.666515
-0.891813
-59.7257
1.36307
0.769936
-6.22861
-278.983
-0.378
19.6207
7.64882
-1.97883
-0.322118
-4.25723
-12.0493
-0.144267
-0.301275
-0.280953
-0.381735
5.57774
-0.323422
0.812788
-2.08572
-2.30532
-0.319456
-11.0153
-1.87007
0.301613
1.98545
3.10163
4.78675
0.250481
0.31834
0.766385
12.209
0.647597
0.346338
-0.483282
-1.76587
0.841524
2.59746
1.83396
0.0191243
9.95124
-1.87129
6.98143
-0.122534
-1.82779
-0.14656
-0.248241
0.595615
3.19943
0.0798186
-0.373238
-0.101902
-2.74861
0.081106
-1.15194
1.11217
-1.57213
0.734537
-0.196392
-2.16167
-0.845045
0.0621348
-2.79016
-0.209508
-1.08246
0.269368
-1.17609
-0.930358
0.989208
1.38931
63.5115
0.968898
1.34424
1.30866
-0.373533
1.31432
1.11985
0.373718
-1.10156
0.459361
-12.3088
-16.4013
1.36331
-2.64216
-3.35879
3.35923
0.326404
4.60257
-5.78258
0.405068
2.6189
1.74813
-0.726444
4.90425
1.28139
0.420525
1.59105
-0.308284
-1.94706
0.612953
0.207319
13.4133
4.72335
-0.105646
2.32708
13.8358
-1.8383
0.796642
2.0545
-2.64281
4.37411
14.8525
-3.52498
0.0206245
-3.06424
-2.11759
-1.92112
1.32805
-0.965301
-2.45795
-0.879792
-3.02619
0.626952
-2.31794
4.62899
-0.427869
9.0875
1.50831
-0.557237
6.49239
-0.213298
-0.0692737
-147.661
-6.69532
0.0760778
-0.274849
1.72611
-0.834008
-4.78797
2.28409
0.0341203
-2.34105
-1.41864
-3.23224
5.20331
-0.286632
-1.30785
0.809537
0.315596
2.3088
-6.81392
1.25971
-0.0847534
2.83514
0.726664
0.686063
1.75636
0.664313
8.13671
4.6973
-0.0959144
-3.15013
1.34793
-1.17713
-1.19552
-17.7817
0.369102
-3.50114
2.11688
0.56414
-2.19475
-1.0179
-7.20953
-0.42829
-1.11528
-0.644967
-0.631796
-0.871566
-0.821276
0.23528
0.397186
3.64252
1.28539
-1.06785
2.02061
1.11587
-60.2578
2.63249
0.761806
0.598346
0.189644
0.799824
-1.46179
-0.506821
-5.35044
0.409548
0.683692
-1.09653
-3.64361
-0.650397
-0.992557
0.394411
-0.289233
-0.467806
-0.568684
-0.741762
-3.68186
9.67449
-1.10148
-0.0665289
-3.49919
9.33299
2.72191
-1.10312
-0.268026
0.746058
-18.2951
-0.524606
-1.33194
0.619548
-0.131467
4.57708
-0.434808
0.0166599
2.21593
-0.813225
-0.979227
-2.14914
0.572042
1.7342
-2.81513
-1.74519
1.04921
-4.52559
0.999797
-2.18223
-17.9193
-1.8559
-3.57725
-0.0983493
1.0329
0.841224
1.46377
5.85316
0.313834
0.96474
-0.243714
2.22113
-3.80797
-0.860688
-0.264826
0.56975
4.41988
2.05721
-4.1478
3.57921
1.28536
-0.102401
3.20256
-1.09123
-0.335766
1.52478
-0.355179
-0.214702
7.91751
-2.79899
-0.580874
-0.0465787
-1.22296
-0.110411
6.63456
-0.704421
1.72872
-0.131563
-0.477052
0.436824
0.00865904
-0.745955
1.71391
-5.40453
-2.00968
-0.493099
1.14684
-6.86736
-0.384031
-0.390179
1.24232
0.773913
-5.80177
3.36874
-1.26586
-0.243716
-0.600999
-5.01531
-13.2428
3.84462
-0.271663
0.822072
0.121771
2.54467
-0.661159
1.28442
1.52027
0.720748
-107.767
0.874019
35.8246
-2.61562
-1.05509
-0.41664
1.58571
25.923
97.2552
3.37601
-1.39919
-0.0336061
0.360644
0.335702
-3.73047
89.3982
-8.30276
0.931377
-1.64211
-0.109719
101.371
1.82513
-6.90081
-6.00083
1.02593
-0.407706
-0.401098
0.811334
0.13953
0.0143197
0.63794
-0.00209962
-185.159
-9.44305
-5.02671
1.1858
0.0641392
1.25034
0.0264686
0.955588
0.0474688
-19.3901
-2.50465
-0.376194
-0.693446
-0.970278
-6.94463
-0.177435
5.0414
-36.8088
-0.138732
-4.59897
2.61702
-0.298741
-0.696067
-0.915722
-1.28761
2.58834
-0.367138
0.857495
0.697032
3.55507
-1.47196
1.99112
-1.27321
-2.71565
0.174427
0.271555
0.147127
0.221488
2.78158
-1.88183
0.171828
-0.483424
-0.801487
0.650639
-2.12331
0.267859
1.02398
5.7401
1.49856
-0.686625
-1.93632
0.0282262
0.462404
-0.0945317
-12.9519
-1.27207
-0.629837
10.2926
-2.51356
0.756981
-1.09713
-1.07528
1.16442
0.233206
2.6455
1.72379
-3.64713
-0.319989
3.12478
4.19362
0.209799
-13.9034
-25.8039
0.696036
-1.03877
-1.53017
0.859298
-0.517902
2.22495
-4.4067
-1.47047
0.0238313
7.12478
0.439114
-9.1601
-0.174205
0.72842
3.85163
1.7525
22.3951
-10.0505
-0.154877
-20.8475
0.475336
-0.257495
-2.37094
6.98493
0.519049
-0.943256
-0.19465
-1.17301
3.72894
-0.150617
-1.62126
0.916498
0.538209
4.0808
-9.06154
-1.24554
0.513745
1.38659
-0.35091
-1.2211
-0.272327
-0.52541
-0.215269
-0.307419
-1.66599
69.0577
-31.8728
-0.101172
-1.14617
0.840311
-0.861746
8.85569
-1.22393
-0.187868
0.204097
1.31164
1.75903
0.59013
11.3059
-0.57786
0.25329
1.98989
-3.2331
1.59284
1.41379
1.12299
-2.95394
-1.13187
-6.4821
-3.67773
2.45607
2.03951
-6.21728
0.547787
-0.40004
-1.16438
12.7414
1.93077
1.07335
0.450069
0.354925
0.00682425
0.12904
6.58706
-5.98869
0.721595
3.1133
-0.951862
-1.00011
-1.56516
0.224533
0.100296
0.0831235
-1.53795
-0.473361
1.81732
0.0833751
1.47961
-4.65308
0.71809
0.577904
-2.42638
0.0406103
0.985601
6.08801
0.207332
-0.11835
-0.147588
-3.4503
0.0867445
0.931275
-2.66292
0.000556438
-4.4586
-6.58791
0.562973
0.610784
-1.11857
8.08117
2.02477
1.67627
0.0651976
-0.684798
-0.169862
3.86541
0.0856112
0.340693
-2.55912
9.84125
3.14165
4.41899
-0.825287
-11.7183
0.211247
0.7325
-1.48303
0.0374601
0.619205
0.199171
-1.43154
-0.67613
0.0356269
2.25373
-0.111045
0.0368641
0.889695
0.653492
0.967607
3.22629
0.272206
-0.933744
-0.162208
-0.703223
0.0221526
-1.94595
-3.41765
0.133021
9.10017
-1.21421
0.705343
-2.77065
1.49926
2.42342
1.10921
-0.141145
-0.742418
6.10251
-0.0105501
-1.42409
0.0191653
-2.32784
8.32414
1567.67
-12.5331
8.3166
-2.82897
0.867783
1.75215
5.56883
-0.484803
-2.63455
-3.278
-0.118863
-2.82255
0.595887
-0.862117
9.9223
0.877592
0.848989
-0.434104
-1.47531
12.4692
-2.27698
-1.50349
-0.179147
-1.60933
0.147975
4.42914
1.74732
-0.458167
-5.56407
0.213536
-1.58362
-1.58802
1.34236
-0.24155
-0.182793
0.257356
-0.46739
2.00159
-1.80578
-0.178849
1.42705
-6.32938
-1.36552
-0.648975
-1.44993
-0.0505724
2.73115
15.5701
0.689867
0.919589
-0.28701
139.281
6.34242
0.216278
-1.07084
-0.0421676
0.602917
-2.89324
-10.2301
-2.37042
-3.25456
0.779696
3.27376
-7.53313
3.5424
0.633854
-1.22007
-12.315
2.20401
3.00476
-0.283461
-0.657472
-2.75782
-0.621939
-7.19241
-0.803647
1.41885
0.61208
-13.1805
-0.205327
1.62991
-0.796538
9.24641
3.57113
4.3534
2.18586
-2.19283
6.92154e-05
0.501859
16.6773
-0.209895
1.82533
-0.960024
1.114
-0.321727
-9.6495
-3.12714
2.06919
0.543431
-0.0148103
1.57499
0.30122
-1.29325
-0.447246
-0.300633
-0.573396
-12.2327
1.94716
-0.0508339
53.2204
-3.36078
0.953236
-4.26129
-4.46111
-1.42846
0.512857
-1.40296
-4.31587
-37.9516
-6.18867
0.41177
24.1492
-0.645292
0.436736
-4.57402
-2.87811
0.991279
16.4542
-0.772632
-0.609877
0.136761
-3.85395
1.45257
-0.348054
0.780515
-0.224807
2.32132
-0.61197
-0.412799
2.23988
0.543555
-25.6438
7.2675
-1.18318
0.117556
-10.1623
5.02708
1.03507
-0.498203
-1.32752
-2.29458
-0.386721
0.139019
1.31013
-0.0211417
-0.46395
46.1044
-0.167041
-0.93101
-1.03107
-11.5362
0.242851
-0.7458
-1.858
1.07267
0.99145
0.289153
-0.204633
5.48486
2.21596
-1.10528
0.0397127
-0.720726
-38.181
-0.606607
1.51597
1.33447
0.791064
1.08645
-0.798683
-2.94184
1.12534
0.137477
-0.248469
2.92484
-1.80012
-1.81762
-0.28364
-0.0645165
-0.439647
-6.41955
1.18372
3.61001
0.743648
-0.00137599
-2.19743
-0.329022
0.621244
-0.110592
-1.1272
-3.77409
-1.81305
5.44679
0.0191697
15.3324
-0.491596
-0.0657008
-0.0796179
9.00412
1.848
2.71608
1.44275
21.7164
-0.409392
-1.7006
-0.582585
-0.104456
4.25705
0.170377
0.282405
-0.199278
-0.0417564
-0.0800891
-0.481626
-1.78327
0.064155
1.87478
24.4903
-3.00276
-1.15768
0.754503
-1.80452
-1.35326
-1.60073
-1.93385
-0.0309049
-1.01275
-0.612786
-0.779991
1.2634
2.1191
-4.51577
0.957705
2.1043
-0.276841
0.876671
0.898121
1.28565
4.64426
0.357913
13.5876
1.26015
-5.51182
13.7617
0.546768
-1.8914
0.893615
-1.3365
-0.36641
7.39169
-1.50568
2.07415
0.513823
-0.709237
1.81383
1.24894
0.397735
-0.911132
0.428962
-0.251301
0.358427
0.92309
3.95975
0.129395
8.70171
-0.845936
-3.41367
-1.26224
-0.163904
-5.80755
3.77338
1.87677
-9.40042
0.198668
1.12662
0.376377
-0.645416
0.558843
3.27584
-1.61043
0.269256
-3.00377
-0.106745
-1.33261
0.408462
191.708
-0.172395
-0.375976
-2.99264
0.658695
6.10562
1.89076
0.552293
10.4873
6.53606
2.35705
2.30325
59.3824
-2.46326
-0.18891
-4.11662
1.81475
0.187415
-2.36208
0.477722
2.15745
-0.777153
-0.587589
-6.12388
0.195223
0.801335
1.42583
-2.09182
0.227838
-1.22301
-0.0836461
-9.7808
1.06704
0.21833
-0.90412
-3.15537
2.30824
-1.31382
2.38791
3.56492
-0.166327
0.414389
-0.104696
0.340775
-1.07331
-0.481813
-0.451018
-0.189506
1.04675
2.01062
-1.02149
-0.686215
1.20039
-4.22133
-0.721362
0.398399
-0.887668
-3.32314
-3.08549
22.1065
0.182277
0.192937
-0.483774
-0.623675
-6.23861
-3.12869
-1.11678
9.34911
1.79904
-2.76526
0.945686
0.833516
2.11365
0.15891
-0.0673154
3.43066
-0.146578
-1.47433
0.0824101
-3.34388
0.130273
2.0188
-0.327218
-0.0134513
-1.19273
0.404455
0.0370791
-1.76085
-0.343516
-0.255671
0.441269
-4.46676
2.4166
6.49276
0.486222
1.9633
0.853951
-2.97927
2.13697
-0.0101358
0.0132934
1.90398
-0.45739
-26.8208
1.01191
1.4178
0.289674
-1.61473
1.30462
2.56035
1.69274
-0.748697
0.244321
1.7133
0.0202393
-5.87412
-0.709113
-0.0272878
0.26807
7.98718
-0.0189503
-0.0510921
-0.223385
-106.954
10.9817
-14.0881
-1.43991
3.27688
-2.19145
-0.390585
1.81813
-1.51746
5.3443
0.00680998
0.722563
0.178516
1.6699
-3.13853
0.82743
0.793737
4.0269
-12.2237
0.812949
-0.37595
0.120365
-2.19379
-0.703128
0.486171
2.74884
13.4572
0.939444
1.49528
-0.733207
-0.206703
0.574108
-0.982797
-0.384066
6.69322
-1.27064
0.605997
9.27537
6.69779
2.24195
-0.143186
-1.58185
0.448552
-1.82214
7.29406
5.97097
-0.664979
-1.49699
0.368009
-2.03917
1.52534
-0.866117
-4.86971
1.99998
-3.1743
-5.97927
-1.0862
0.658825
2.81078
-1.09912
1.07795
0.462604
0.192356
-2.57816
-1.13841
-0.590317
0.20002
0.429784
1.67852
-0.0988791
0.0726947
0.398645
0.911896
-0.553581
0.852068
-1.3873
-0.534131
-1.46929
0.122714
-0.934074
-1.52553
-0.636543
4.9596
3.7066
0.624596
-3.08813
0.444752
4.38342
-0.0670055
-0.147725
-1.47624
1.34885
2.84347
-0.272608
-0.161728
-0.0766908
0.263194
-0.412748
0.887642
1.1179
1.71622
12.1193
2.86837
3.29214
1.139
2.98107
-2.9214
0.577794
0.284317
0.159883
-0.047348
-5.91417
-1.22639
0.502123
-0.7575
1.30379
-0.288551
0.0391294
-0.338029
-0.350525
2.62715
6.49929
-2.67881
1.82254
-1.79466
0.371641
0.185314
-0.0886251
-0.0251182
-5.37296
-0.851853
-4.49742
3.40282
-3.23702
-2.82758
-0.367206
-2.12941
3.13125
-5.18587
0.994516
1.01546
0.475902
4.39307
1.21162
30.998
0.352014
-2.83482
0.538095
-0.159142
0.000509698
-1.03668
3.91409
-0.265649
0.605235
0.417806
-1.39714
-1.94699
-2.10081
-0.521589
1.13443
3.38935
-0.182781
-0.177008
-1.77813
-1.09586
1.01208
7.65154
-33.4668
0.16107
1.93831
-0.169281
0.476675
0.636972
0.123765
-0.61686
-0.393747
-16.7696
-58.7044
-0.6064
5.95424
-0.352639
-1.39909
-1.21967
-2.606
1.14507
-1.4383
34.0357
-1.87544
1.32326
14.3621
1.00586
0.944388
11.6632
0.125437
-0.524703
0.734879
0.508987
0.207373
1.29949
-0.440829
1.32141
0.232686
-6.72718
0.470224
0.640609
0.00445719
-0.253247
0.590253
-0.715667
-0.485763
3.56982
16.8642
3.48656
-3.41591
-1.45474
0.234323
-0.101521
0.334046
-4.61843
-2.50117
-1.47829
-25.5607
-0.863338
2.34524
0.0877908
-12.7857
1.62002
-0.37658
3.8136
0.0667972
-0.214646
0.467222
-0.753508
-0.144786
-0.340136
-12.6437
-0.869776
-1.28116
-0.814623
0.965308
0.618554
1.59759
1.47268
-5.52119
0.142739
0.824988
-11.0383
-0.632495
1.89953
258.37
0.150282
1.93404
2.6533
0.748461
-4.511
14.0424
0.356218
-0.135082
6.31825
-9.13611
7.25258
-1.41278
-2.78975
-80.0037
2.50862
-1.28098
-0.365826
1.30668
1.32423
-0.0488497
-2.54129
0.45334
-0.667371
-11.0911
-0.531832
-1.53357
0.240534
31.9148
0.397803
-15.3556
0.432547
-4.81758
-0.287397
0.974614
1.34325
-0.883142
3.54808
-1.2399
1.19981
2.791
0.778761
-0.466229
-0.428525
0.833735
-0.624605
-2.15495
-0.158903
2.18387
-1.52336
2.51253
-0.759178
1.01262
-1.53196
0.0706123
0.770581
0.362896
0.403697
1.5604
0.856383
-0.488029
13.7503
-0.177701
-0.423889
0.523109
-1.4499
-0.321326
-1.28138
4.71096
-4.6704
0.67064
-0.838117
-0.279414
-6.42833
-1.55556
0.276767
2.36849
0.416651
-0.111568
0.707739
0.141847
-1.43522
0.668322
0.992799
0.454954
-17.0866
-0.046644
-54.2238
-1.24988
-1.9515
-16.2091
1.19424
1.14426
-0.849219
0.639944
4.51157
-0.135728
5.86853
3.16536
-11.63
-0.0886821
1.27773
0.288931
0.00567507
6.62836
4.51721
7.01984
-1.01472
-0.224876
-0.187511
1.14756
-1.76087
-0.269069
30.1879
-0.268934
-2.54859
2.95064
-0.0299846
9.43579
-1.8899
0.992159
-0.110834
1.44125
0.850936
3.28528
1.88904
-0.093874
-0.643198
0.438399
0.248163
2.14657
-6.73696
-8.43319
0.228065
-0.460555
2.2168
1.19411
2.22128
1.09511
-4.94607
5.5773
0.817544
-0.514726
-1.59224
0.545079
0.706907
-1.10105
-0.0465426
-0.58428
1.30187
0.208196
0.444324
-3.09731
-1.09466
0.176469
-0.578886
0.509078
0.977842
1.97479
-1.00757
-3.64095
-2.31181
-1.06188
0.859459
-1.94263
-0.36518
0.419368
0.490367
-0.218201
3.81012
1.48445
7.44571
-2.6734
0.241878
-0.869266
0.285439
-1.22013
-0.151983
1.97695
10.3051
0.778163
-0.755712
0.352271
-0.455253
-0.564138
-0.337027
0.533041
0.152829
-0.111794
0.240987
-9.51357
-3.93344
2.56676
-0.672512
-0.239339
-2.43643
-1.41595
-1.59058
-2.00629
-0.433587
-9.19235
-0.295364
-62.3422
0.161374
0.204475
0.450554
-3.22326
0.0894082
3.94766
0.800382
0.316809
-13.3674
0.208602
-1.01378
0.478167
-0.65536
4.85078
3.02617
-2.75734
1.29833
6.55245
2.36917
4.92923
6.30224
1.36633
15.0273
0.657433
2.59528
-0.547412
-1.63182
0.0759355
0.513684
-1.20355
-2.23177
5.81985
1.28167
4.66777
-1.49403
0.353784
1.55909
2.87144
-0.976223
-2.51726
0.0459105
-0.148639
2.5435
3.12006
-0.0548862
0.407719
0.0284287
1.55632
0.0551917
-1.67414
0.527873
0.112057
1.32702
1.88395
0.0764544
2.43916
0.165969
-2.52256
-3.15501
-0.481983
-2.47624
3.16426
0.140011
-0.999631
-0.157026
18.2491
0.764252
0.279589
-0.418995
0.445515
-3.04143
0.399299
1.82772
5.24108
-0.581165
1.02637
1.25112
1.56231
-1.24947
3.97301
-0.591503
0.927709
1.5677
10.9893
0.393192
0.0929003
1.55973
1.08665
-0.776004
1.15358
0.226689
5.40209
1.19369
5.054
0.606919
0.0331106
2.85589
-0.228017
0.0906184
-1.09858
0.149692
-8.49633
-1.28455
-1.13225
-1.97129
0.911281
-0.722165
0.828204
-1.37455
-0.56349
-9.90266
2.52755
0.179992
0.0766725
-0.736028
0.489036
0.0930884
-0.609077
0.121705
0.958194
3.63863
0.580347
4.00366
1.18437
0.341151
-0.450516
1.17625
-1.12717
-0.290477
-1.18864
1.0284
6.88956
0.169945
-0.464134
-2.61878
-0.579714
1.1107
-0.138954
1.07312
0.454173
-0.658892
-8.15969
-1.29862
-1.20623
1.04645
4.85638
-23.7806
-21.8413
2.40873
-0.391379
-0.0502176
-2.62512
0.59809
1.79456
0.584546
-0.00732299
0.244213
2.52691
0.369923
0.538097
-0.80567
1.00967
0.920495
2.23478
0.385389
-7.3516
0.644438
1.46113
-2.07259
-0.352153
-0.569035
-0.0947603
-1.3304
2.19291
0.218009
-1.42041
-2.17812
3.93611
-7.73576
0.654682
-0.467806
-1.82906
-0.0403953
-0.320873
6.32513
-11.8901
-0.467335
1.36303
-0.593914
-3.31725
5.85667
-1.30744
0.438298
-1.40198
-92.3317
0.134329
1.30177
1.41793
-0.124938
0.873371
-85.0188
-0.190556
-0.0281184
-1.31594
1.05872
-1.60342
-0.915713
-2.64427
-0.329257
1.52584
0.128572
4.38495
6.29194
0.0504591
1.50879
2.32247
3.91927
0.0256053
0.917669
-1.97569
-2.13164
-1.12718
-1.00582
-0.146583
-0.0468423
-2.906
0.627968
0.124222
0.507368
-1.16921
1.23052
-64.1223
-0.180706
0.781888
4.09869
2.00084
9.11956
-0.0316316
-3.29236
0.606746
1.27678
0.425506
-18.7162
-10.2938
-0.0723395
3.3999
0.174608
3.16887
0.304233
-1.56442
0.367629
-0.758517
-0.996847
-0.341768
-0.780563
-0.640754
0.774405
-25.1676
-2.1754
21.8221
1.06612
0.731775
1.4579
-269.17
0.41522
-1.90801
1.97094
-2.55909
-10.1623
1.04677
-2.63382
0.823416
-1.20794
0.0728252
16.5537
-1.70981
1.39227
-0.331124
-1.09251
-0.412753
7.83378
0.0332347
0.975127
-0.546025
3.89729
-0.169022
-0.364208
-30.6324
-0.169627
-1.57398
0.707308
-5.64547
-2.68845
0.48563
0.690783
-2.49838
21.33
-0.36144
2.20203
2.22417
0.542628
4.92451
-0.399014
3.87363
1.92374
1.9463
-0.287677
0.133069
0.00548497
-1.33138
-6.75166
-6.2095
-0.998075
-5.26675
2.05766
-1.37888
1.63408
-1.29161
1.04845
1.47043
-3.03728
0.826807
1.0408
-8.57952
0.56696
0.154808
-2.59902
-1.13226
0.451782
7.25976
4.89062
4.81921
-0.38977
0.651731
0.476448
-9.3926
-0.739843
-5.82763
-1.44007
0.684211
0.441737
7.3514
0.21527
-3.52325
-2.34462
-6.05773
1.26526
0.00649842
-0.499511
6.31612
2.45328
2.7362
-1.10976
23.4841
-57.7781
-0.898722
1.92901
-0.325546
0.805084
2.04758
0.481533
2.87104
4.79598
-1.03766
1.09748
-0.0340646
0.432009
-29.6593
1.36571
0.432076
-1.08433
-2.69228
-0.972025
1.21532
0.280383
-0.414237
-86.7236
-0.358019
-0.747463
0.0732553
0.205608
0.701473
0.307002
1.09603
1.60677
-150.315
1.36957
0.318911
-9.69657
-2.21422
17.3401
-0.375231
0.900051
0.96337
0.516554
-1.23655
2.90082
0.260333
0.109332
0.452715
-12.5135
0.367107
-1.15969
3.78938
-2.01691
3.92654
-0.311144
-0.252777
1.5041
0.433603
0.287964
0.596792
-1.18502
8.57407
-0.488507
1.33304
-0.892959
0.265963
3.46213
-0.0511141
0.31954
0.341818
0.445256
1.13097
2.93478
-0.295853
0.264106
-0.0599942
-1.04278
-0.966184
-1.28133
-4.28359
-1.56242
0.650564
-0.205146
0.411822
0.203786
-4.54369
1.53527
-0.0426563
3.49888
2.30514
4426.31
-0.395046
1.5256
-0.933057
6.13072
0.19316
-1.21288
-2.00945
0.185417
-4.69945
-0.74711
-1.32
6.09327
0.898208
1.7299
0.476519
0.559248
-3.97262
3.25221
0.257534
4.25473
1.39109
-0.0517792
4.50496
-9.32641
-14.0589
-0.644766
1.30737
1.74703
-0.364183
-1.52105
0.991563
0.176045
-1.80357
0.89847
-1.66249
1.40702
0.94056
-0.637448
1.1302
-0.324737
-0.977504
2.15864
-0.333982
-0.796961
0.407143
0.204257
21.6434
-1.87021
-0.506068
-0.7392
-0.500132
5.36724
-0.132085
-0.503214
0.124762
-12.3266
3.11859
-0.05314
-5.54613
1.55479
-0.801554
-5.37156
-2.2184
5.87176
0.235872
19.0059
0.433369
-0.112158
0.0441304
-4.59161
11.4747
2.5075
0.505845
-3.04568
-1.56909
0.751828
-0.380411
-0.497625
0.124963
0.0156557
1.04895
0.629791
-2.43122
0.651793
-0.149226
-0.220997
0.614235
0.49878
0.305126
13.7924
0.201727
4.26509
0.496063
0.633845
-3.14522
-0.126292
0.102666
0.343591
1.03873
-0.338321
1.23043
1.72255
-13.7116
-0.0287661
-0.0910397
-1.68492
2.36584
-0.0803608
-20.1094
-0.0848222
-1.13614
0.497259
-0.613274
0.46258
0.267347
14.2208
1.52113
2.68437
0.0746073
0.0355232
0.120428
-0.593264
0.438876
3.26909
0.211993
-0.30369
-0.605908
-0.847908
0.362084
0.352116
-0.189242
0.930114
-1.91392
-0.262577
0.97893
0.714294
-4.65292
-2.52809
0.0131605
-0.522232
3.58209
0.124724
0.928651
97.4305
-0.0202513
-0.237604
1.28817
0.662256
0.211912
1.98503
-1.28674
-2.72474
0.097407
2.1894
-0.0889953
-1.06443
4.60404
-11.7667
0.0934989
-3.63459
-4.57262
8.03295
-1.08704
-0.592106
4.99215
1.27514
0.142466
-1.54842
-0.254889
2.87093
2.08189
1.08074
0.359862
0.0904758
-3.15499
0.648999
-0.0391292
1.58575
0.4068
0.123507
-14.4417
3.65192
-1.40701
-0.658083
0.0449611
4.15595
2.99983
1.15456
-4.19892
4.34873
-4.91356
1.20562
-0.236634
-0.974099
-1.06397
1.31347
1.56526
13.0919
1.42191
-0.471337
0.381353
15.6005
-0.793959
3.80232
2.19697
-0.102479
2.55765
3.61004
1.761
0.0313888
-0.145035
-0.164818
-0.735475
0.692497
7.03551
22.5056
-88.0779
0.110118
1.3389
-0.351115
-0.329637
2.65061
9.39938
5.11537
0.21038
-0.0634204
0.950875
-5.91777
0.157263
-0.0580218
-0.828644
0.172781
2.02884
0.929805
5.26964
1.06131
3.78169
-0.0895758
1.17667
-1.66484
31.9137
-0.442936
-0.401033
1.92497
-1.89904
-6.16536
0.898329
3.91074
-2.4103
-0.957072
-0.216746
0.00466605
-2.18931
1.86883
-22.3035
34.2132
-0.78409
0.0149702
-0.123718
-8.61695
-1.62566
-5.8572
-0.590482
1.76515
-3.46054
-1.32583
0.569823
-1.13439
4.54427
-0.00799437
-0.629273
-0.315791
-1.33147
0.829836
-0.766221
1.2433
3.04312
-1.08565
0.0203256
-2.89463
1.24619
3.67303
-1.6443
1.24277
-1.21076
-0.907617
1.5307
0.378461
-2.43253
1.13771
-1.54037
-1.01114
0.722934
-4.12658
2.27406
-0.305761
-2.59833
0.687539
-1.41009
16.8758
-0.884126
3.32477
-0.747775
-2.31528
-5.89005
-1.90209
0.534491
-1.57345
1.8866
0.114566
-0.120246
-1.18694
0.828958
-0.0849512
-1.00071
0.0419026
-0.151228
1.70167
-6.39155
-3.56768
-1.56714
-0.638033
-0.588278
-0.0962705
-0.768123
-0.961318
0.439407
-0.407627
-0.332777
-28.7806
0.542531
0.632055
-0.0440515
0.493718
0.745196
0.308432
-0.0532153
6.15833
-0.0195473
-0.164462
1.24522
6.93786
1.09073
-44.9213
-0.357772
-0.770346
-1.21324
4.15792
-4.5437
-1.02126
7.28627
-0.827981
-1.84111
17.0753
-0.169301
1.52825
0.0989716
0.311911
-1.71837
-0.610872
-1.88588
12.1271
1.31852
0.0261706
1.00297
0.410037
-1.11215
0.283537
0.962846
-0.867121
-0.653737
0.990391
8.39224
-3.58551
-0.323323
-0.48375
1.5357
-0.0828809
-0.733908
-1.44724
-0.678139
-0.866638
-1.15919
-0.885674
-0.846318
0.702773
0.979478
0.175055
0.4296
-3.95248
-2.00414
3.59809
-0.0711583
-0.434887
0.0776831
0.113538
-2.04614
-1.31938
-0.281971
-1.83203
-1.67617
1.62215
2.51752
0.115095
-0.360269
-0.442079
1.35447
-0.572369
-0.464148
124.647
2.65369
9.09373
1.48888
-4.89617
2.50313
0.315673
0.251695
-5.62702
0.755615
-10.6307
-2.49358
-5.60735
-0.484945
1.50793
-0.643402
-11.3866
-4.06184
0.699375
-1.6335
1.81027
-0.386453
-0.908373
-2.41874
1.12202
-66.2364
2.63516
0.689326
-0.366602
-1.06263
4.08411
-1.87575
0.510205
-0.575955
0.327056
0.102863
0.588976
0.637896
-0.585831
-0.019035
0.302976
0.108435
0.46019
1.3451
-3.74228
2.55861
-1.88481
-0.512479
-0.0917672
-0.368536
-0.145219
0.36025
-43.2862
-0.467644
-0.828922
2.22454
-0.0731376
0.147092
-0.265825
0.308621
-1.39988
0.162066
-0.510087
0.237601
-1.69905
1.59981
1.44886
0.443542
0.355116
0.643718
0.147193
-1.61081
-1.90165
1.97017
-2.78577
-1.55313
1.11358
-6.81606
0.567307
-3.73656
-0.765867
0.29394
-4.19189
1.58588
-0.0543589
-0.237277
-0.363747
0.545972
0.539804
-11.0385
2.83535
-0.206198
3.68755
0.297696
0.491442
0.580606
-0.259907
-2.1423
-0.0737534
0.399114
5.19354
-1.68476
-2.48445
0.856583
-0.795912
-1.46461
-1.13702
-1.39124
-0.305141
-0.352379
31.9297
-0.37369
-4.37043
0.641561
-12.2891
0.0956649
0.554058
0.249312
3.28134
-0.0175873
0.725576
2.23499
1.30763
0.200474
-1.4212
-0.237879
-0.0648863
-9.21937
32.0738
7.40998
0.107766
1.52095
-0.750731
-0.2786
0.513403
0.236515
-0.144369
-0.0339838
-1.03552
-12.3982
-0.0242468
3.78469
-1.46368
-1.57737
-1.26175
0.312397
-0.31946
-0.323363
-1.77031
0.413229
-2.77248
-1.54074
0.193793
-24.0113
-1.47752
-1.66212
-1.24791
1.49149
2.19554
1.70764
0.610966
8.31769
-0.271505
-0.462013
0.906744
1.02576
0.386565
-98.9324
-2.1185
-8.86224
-0.315705
0.379999
0.726241
5.12659
-6.03245
-0.921816
1.73931
0.221572
-1.35764
0.358727
0.477309
-6.97034
-0.262304
-1.28226
-0.44652
29.3353
0.735867
-0.602314
0.114513
0.730061
-0.191762
1.12062
0.394222
-0.962035
0.954306
1.09943
0.307221
0.462231
0.886764
1.8763
-0.953984
-0.326493
-1.89396
3.38783
-0.92052
-2.25399
-9.60006
-0.629847
-0.922562
4.61271
1.30529
-0.846931
0.773967
7.42785e-06
0.898448
3.56321
-0.440352
-0.950765
-0.963215
-0.879387
-0.549821
3.742
-14.958
-0.212076
-1.57077
2.04692
-0.228604
18.5777
-1.72874
1.07181
2.20083
1.53236
-1.35246
-0.715197
2.63279
4.0671
-0.0466836
1.13565
-0.0900213
-14.4514
1.09759
0.584105
-0.774911
-14.6479
0.100792
-0.0997379
-0.538745
-1.12986
-1.54788
-0.14363
1.30554
1.03616
0.570777
0.540945
4.20518
75.5264
-9.17376
1.69227
-1.46952
1.33207
1.28687
-1.15835
-0.68226
-0.878046
0.808377
4.50739
-0.283979
0.807992
-0.352973
0.281118
0.908292
1.15983
-0.0837223
-1.13198
2.12183
0.75068
-0.527962
1.03386
0.225138
-0.286981
-2.96343
-0.0134006
1.27678
1.87025
-0.425176
-1.84647
-0.844364
0.607577
1.89049
-2.18951
0.504869
-0.714518
0.422896
-0.128795
386.582
4.82787
69.0951
1.76072
-0.671727
-7.04828
-0.171332
0.255318
0.6284
-0.466513
-0.632535
0.0647385
-0.909874
2.52039
-0.781131
0.870646
4.55172
-0.799355
0.765121
-0.0929023
0.911863
-0.368287
2.64978
0.155567
-0.376399
-1.79641
1.53877
-3.68892
3.66492
-1.28172
-0.521059
-0.00935462
-0.527633
-0.715065
1.15656
1.36225
-0.080916
-0.796255
102.132
0.0277336
0.116532
0.227765
1.93494
1.2329
0.159265
0.412881
-4.22533
1.84317
0.279143
0.289076
-0.471764
-0.872177
0.237315
-1.772
-1.53766
-1.33842
-7.45967
0.132386
1.16606
-0.0201226
0.0873913
1.90223
-0.373273
-0.0124014
0.745426
-0.117374
-3.54938
0.742816
15.8931
0.893266
0.0311702
-3.53196
-5.81443
-1.03847
1.71086
-0.30217
1.9414
2.89914
3.35914
4.01681
-2.59454
0.475679
-0.912201
-0.581772
1.60971
-9.36232
0.329482
0.713277
-0.452295
0.998007
0.204411
-0.115842
0.0585817
-4.94265
1.55071
-0.996394
0.776908
0.39099
-0.15706
-4.41397
2.29843
-0.03307
-0.575441
-2.26465
0.0351939
0.210761
-0.462322
0.567467
0.755039
-48.937
0.987873
-1.0919
-1.54682
7.59103
-0.867921
-3.55125
0.694717
-0.16373
13.6412
-14.315
-0.770835
3.01023
0.438139
15.1338
-0.589596
1.63403
0.122607
0.391655
6.18901
-4.70883
0.766801
9.57603
-19.616
3.56929
5.40688
-17.0296
-1.84872
0.676679
0.05022
8.75937
-0.730475
2.73746
0.424727
-0.8568
1.44749
-0.307491
3.22187
0.651466
0.241322
-2.15814
1.97638
0.880784
1.35654
1.13322
6.6168
3.63697
2.11922
4.90365
-15.6195
-1.17808
-0.028936
-0.496391
0.0294177
-2.36479
19.0087
-0.0382791
-0.176011
-3.44321
5.11307
0.267884
11.0901
-1.12159
-59.1798
0.204743
-1.39053
-1.50151
-3.00441
-0.380019
17.141
0.369837
-4.51407
-5.82882
4.10256
1.03594
-0.0231568
2.48324
-0.876639
0.937786
-14.9392
0.436834
-0.455715
-0.337396
-0.336666
0.880186
1.53866
2.63176
-5.78866
-0.308949
-1.94307
13.5218
4.55736
0.00290298
0.569197
0.0566473
-0.781597
-1.58744
-0.205802
-6.97659
-1.89348
-0.426361
1.2713
1.09037
-2.994
-5.79468
-0.415982
0.231411
-0.855702
-4.89532
2.10508
0.0730456
5.28705
-12.4908
-4.58595
-0.98249
1.41975
0.925235
-0.392365
1.58702
-3.96851
0.536222
-1.43295
8.71111
-1.73383
1.04319
-0.523553
0.00121853
-0.446185
-66.4508
-2.90207
-0.474933
22.839
1.67256
0.406471
2.56304
0.355536
-0.554725
0.866041
1.28395
10.9297
3.54641
-0.00418568
6.57794
3.04827
0.254417
-0.554971
-26.9316
-2.56039
-0.425639
-0.727728
0.0971055
0.181177
-18.5903
-0.327953
0.331649
1.8416
-2.32624
-72.4466
0.743552
1.67912
0.582709
0.192925
-0.0111515
-0.262921
-0.19593
1.47877
1.69767
-0.924101
-0.0627625
0.794243
-0.279962
2.18497
-1.27682
-1.4729
-609.356
0.2275
0.275167
-0.676455
0.0321633
2.03995
0.379418
-1.95871
-2.57382
-3.22995
-0.884874
-0.160128
18.0127
-4.01439
3.68593
0.777521
0.0831463
-0.0708374
3.63583
-2.19816
2.82077
3.33771
5.19286
2.11936
0.904699
1.32029
-1.097
0.272246
-2.05863
0.10727
-2.87981
-1.00672
-7.1851
1.88214
0.648945
1.91608
0.210985
-0.361042
9.6856
3.93042
0.344942
5.61955
-0.60132
-8.22128
-84.7563
-0.72023
-0.539913
16.9055
-1.88154
-1.46493
-2.04268
-3.96752
0.626219
0.444392
0.787867
-0.115464
-0.840002
-0.246555
2.79464
-0.1835
-1.41008
0.542342
2.97495
1.53744
0.589255
-0.920109
1.10596
0.683295
-1.83256
3.07167
176.429
0.0393417
1.01493
0.543063
-2.39714
-0.622726
1.61009
0.94067
0.064125
-1.0788
-0.32833
-1.52028
0.685913
-0.000350587
-1.66069
-0.63477
0.165174
-0.562079
-0.309602
0.286928
-0.488126
1.99275
-4.42002
3.89691
-1.8322
0.581558
0.432437
-1.01288
-0.400797
-0.254511
2.06258
-1.96081
0.0128834
1.36727
1.78129
-0.238489
3.99988
1.48441
96.1939
2.61921
-2.87919
0.640281
-0.534489
0.804529
0.501324
-0.232919
0.0761454
0.347417
-2.17137
-4.46132
-0.500117
0.511151
0.403716
-0.779855
0.608274
0.0434967
-0.590631
0.575442
-1.48288
-3.21625
-1.50629
-0.645602
2.20168
11.6925
7.52311
2.40518
-2.01792
0.507569
-1.41564
8.82619
0.471335
3.82006
1.90296
-0.962278
-2.30748
-2.22437
1.03125
0.264045
-3.94792
-0.0744089
0.0983437
2.79593
-6.81667
-1.13372
0.407522
63.6269
0.593878
1.21597
-2.51206
0.348726
1.49538
-2.18642
8.07345
3.81459
0.923248
-1.3814
-1.35007
6.99491
1.34924
-5.70453
1.05169
1.28218
-5.95647
-0.166733
-0.510195
0.347056
0.707745
0.231664
-0.554298
0.398025
-0.01531
0.081523
-0.378003
-25.7429
-0.266589
0.936191
96.2371
-0.930241
4.43427
1.4636
-2.43449
1.26593
2.75266
-0.262696
-0.835188
-0.564105
-0.425878
0.533715
1.95084
-2.42027
1.56898
-0.433233
-0.452095
-1.12875
-0.781691
-12.2948
-2.7607
-1.3518
3.72241
2.9574
0.0980186
-2.9743
0.910743
-1.4428
9.41173
0.252452
0.0237399
-1.57283
-0.0110674
-1.73935
0.708279
-0.819111
1.50341
-2.17712
-4.1847
1.2035
-0.242505
2.42405
-0.589828
0.144958
-3.00258
-1.91454
-2.81686
0.218862
-28.6226
-2.0708
-0.113753
-1.03005
0.897721
4.96031
-0.0833695
0.0253936
-13.9742
21.5628
-2.19856
0.0933613
0.0119513
1.11176
-8.57295
-0.945719
59.2633
-0.155844
-1.01669
1.95211
-1.01567
-0.536958
0.285549
-9.56942
1.97122
1.85871
0.74544
-0.102333
-1.77539
2.61661
-0.431305
-7.19517
0.360564
0.0842602
7.1071
-0.864212
0.156659
10.2905
-16.9476
0.816982
-0.383329
0.41372
3.82848
-1.36184
0.63029
1.27385
0.787993
0.0714826
0.599651
-0.320489
0.32307
0.595341
0.561399
0.881366
-0.0285555
8.03148
-1.10911
-2.36478
-2.54336
-2.44064
4.4417
0.729942
-2.20139
0.700467
0.118088
1.00745
-4.09401
-0.285187
-0.0846827
-9.88987
0.25331
-0.851191
0.22478
-2.00452
-0.838973
0.719033
2.05116
0.303826
-3.28563
4.10293
-4.28229
0.301881
1.26007
0.105862
0.0327475
1.60066
3.38839
0.134409
0.578001
1.70744
0.717097
1.00592
-0.43795
-0.290542
-3.11016
0.410886
28.9307
1.10027
0.385761
147.787
-0.85004
-0.967069
0.182571
-1.40405
-0.173767
-10.4989
1.09928
-0.402396
18.8527
0.919145
-0.361152
-1.67573
1.04328
-0.727348
-0.567545
-5.97834
-1.2517
-2.54308
-2.604
0.952285
1.21238
-6.43073
-0.846412
-2.44856
7.33459
-9.20848
-2.68027
1.04196
2.49963
-0.227009
1.54766
0.759382
-1.46052
2.92049
-7.7085
58.0086
-1.78035
-1.18952
-3.77009
-0.062559
-2.49278
1.46271
2.63836
-0.042738
-1.45729
2.90964
-1.65035
0.819353
0.435911
1.8808
0.874143
-4.3827
1.01313
0.619863
1.43942
0.35828
-0.232182
1.15098
-0.912673
-0.738644
0.43726
1.46699
0.644665
-0.760662
0.0537256
-0.198908
0.69634
3.2357
-0.128967
7.25067
4.17885
-8.5917
-5.6841
-1.23212
0.394411
1.52001
1.04327
-1.48826
-0.910932
-2.57451
3.60076
4.14331
1.52716
0.747575
-1.99897
-2.12563
-0.0804343
-1.4275
0.077997
-0.629009
1.45253
-6.72956
0.547107
-0.420626
-1.15426
-1.87283
-1.4748
-14.3241
-1.44107
0.861307
0.67202
-1.03864
3.94593
-0.68106
-5.48214
0.864088
0.064124
144.381
5.87722
-1.82851
-0.782798
-1.08635
-0.527637
-2.17716
-1.75788
1.54416
0.586145
-0.0967864
3.52328
-0.353156
-0.912134
0.00612907
0.287913
-0.182261
-0.411463
-0.20734
68.0856
-5.83727
3.90137
0.447039
-7.55794
-0.521428
0.0956591
-0.979559
-1.77987
0.657453
5.73178
0.028546
-0.174926
0.748057
-1.51908
0.509614
-0.551038
0.465033
-0.0453298
0.57065
5.75587
0.443109
-2.76832
0.265786
24.1181
0.168375
0.50895
-0.281538
-1.34809
0.0932412
0.68252
-4.91813
-2.75855
3.87407
1.21245
-2.4339
-1.45676
-1.13714
-1.65973
-1.19363
-0.151568
-0.50475
0.574664
-1.10593
-0.206033
-3.34888
1.03657
-1.72676
-7.16728
-1.11297
0.372562
-1.29241
-1.9857
0.470962
-1.33856
-1.2662
0.277042
0.340444
0.935782
1.68735
-0.519971
-7.34664
-3.62818
-3.31008
1.97219
-0.122959
-1.6216
-0.00249324
-0.659458
2.04891
0.0163477
0.0394175
-4.02385
-0.414849
-0.950462
-0.253655
0.0675675
1.41682
-36.5485
2.06921
-1.52188
0.0450608
0.673727
-0.306743
0.463254
-1.03806
0.631521
1.71656
-0.574652
-1.5558
-0.220178
-2.46918
0.460151
6.8069
0.349037
-9.33701
3.4494
8.7028
-1.08582
0.0901184
1.15352
0.427632
-0.782261
-0.651063
-0.0913232
-0.226652
-0.39804
-0.277257
-0.731621
-0.862081
3.2983
0.346636
-4.26365
-1.04964
-1.95599
1.7874
34.1178
3.40584
-0.340021
-0.333154
-0.473763
2.6437
-0.74907
0.0966344
0.35031
3.31125
-0.950228
1.47475
-3.35139
0.325094
-0.285551
0.821048
14.057
-4.4468
-1.78553
0.443752
-0.855012
1.31035
37.8164
-3.45069
-0.603212
-0.32399
-1.59075
0.496371
0.549476
-0.157203
-0.263101
2.39324
0.432452
0.561816
0.443391
-5.44051
2.44327
-0.674636
0.0910526
-0.10723
0.462465
-0.207913
0.918165
-2.17852
0.559787
-0.616527
0.138786
-6.76213
1.85762
-0.199899
10.6747
-4.41665
4.70018
-25.252
-1.31163
1.08321
12.6256
36.0094
-1.53932
3.78377
-2.39232
-2.60402
-1.55193
-3.22446
-0.0349853
-1.82929
1.46066
-1.11787
-2.15153
4.4193
0.315719
-1.40612
0.779525
-1.44098
-4.47989
-3.48506
1.29738
0.111106
-0.750991
-0.503464
2.26601
-0.692643
0.779893
2.88667
-0.915586
-0.456473
8.58628
-0.74832
6.67717
5.2104
0.0275937
-1.58103
0.510772
3.00388
-153.233
1.12745
2.25783
-1.74368
0.47833
27.867
19.7286
0.476706
-0.702525
0.908293
-0.0124936
-6.5357
0.0651018
6.71958
0.900345
-0.95151
16.026
0.0988304
-0.751243
14.7401
-0.314799
-6.60234
-1.27081
-0.214918
-5.21301
-1.01523
-4.34512
-0.293828
0.811647
-2.33211
0.899582
-0.225457
1.55802
12.2259
-0.446331
1.90826
0.498437
15.1447
3.98261
-0.133607
0.804945
-0.323885
-1.76507
0.295561
1.55012
0.882017
2.73189
0.00730255
1.46917
-1.09729
0.337745
-0.0500482
0.00373922
-0.965713
-2.9001
-0.533042
0.0658688
-1.83981
2.7428
0.0547377
-2.65157
-0.186019
0.646812
0.305443
-2.46041
2.24818
-0.941772
0.749067
-2.19782
9.52794
-1.13045
-0.0103984
6.87855
1.03515
-1.43179
0.0431734
-1.89341
0.351737
-1.56562
2.3918
1.06982
9.03356
2.16521
1.14637
-0.947216
7.08979
0.647724
0.894364
0.160706
8.65227
0.760282
1.7626
2.77198
1.35974
0.292851
0.815459
5.6809
-9.09577
-2.21913
-0.433458
-2.62149
1.10048
-0.641353
1.39125
-1.74595
-3.06644
-0.0738458
-1.51532
-0.322181
-3.61579
-1.09257
1.42994
43.7888
-1.00972
-1.68124
-0.248439
1.93547
0.128408
-0.450073
-21.2972
3.44075
-0.319359
-0.698158
0.332847
0.0090715
1.23591
-6.10741
-0.358749
-0.52512
-3173.26
-1.22042
0.872729
-2.60351
-0.778172
-3.94186
0.0525005
3.56135
7.78397
7.99644
0.938032
-1.10996
0.48937
3.26562
-1.46674
4.01048
-2.90427
-2.75416
-0.637673
-7.81308
-0.317447
0.630729
1.48338
2.12133
0.510133
-0.795033
-0.980582
0.0662891
-0.738541
-0.169957
0.119133
1.03752
-0.0137406
0.550265
0.419353
0.178573
0.588967
20.4795
1.41224
0.0997672
0.627831
0.357456
1.46442
-0.276156
0.576945
-0.959848
-0.104579
3.12049
0.391167
0.186929
-0.222582
-31.5757
-0.792749
-7.68065
-5.80944
-74.2951
-0.693501
-0.794506
0.126923
-12.6887
-1.04395
1.17007
0.312914
27.94
0.622748
8.06894
0.0066012
0.174124
0.49311
0.275463
-1.71844
-3.14458
2.02935
-0.994852
1.1453
-1.74239
-0.277214
8.42174
-0.178912
0.0908666
-0.52873
3.87935
13.4909
2.06658
-5.11933
0.883726
1.65507
-0.664054
8.28043
0.847897
-0.505461
-8.52163
0.758195
-0.692723
3.45088
-1.9796
-0.212216
-2.25194
1.02144
-5.49343
0.293338
0.0871547
-0.184084
-1.01696
-0.511261
0.0106876
2.01381
0.118707
4.30521
2.35709
0.373399
4.43227
3.31925
-1.99465
1.73587
-0.705785
-12.8678
0.384161
1.15682
0.448995
1.54556
0.406807
5.60886
-35.0906
-2.0434
-0.388517
1.96406
-21.5027
-2.66031
0.781377
-2.04836
-7.23384
185.918
-0.625024
-0.216794
-2.39939
0.0869552
-4.93483
1.4931
0.954886
3.72537
-0.314956
0.866349
0.315075
1.64371
-1.8128
-0.28497
0.613086
-1.52756
-0.10525
-2.90654
542.59
0.240645
-6.38176
3.37402
-0.124332
-1.06027
-0.252488
0.0641249
1.02347
0.413606
-0.947852
0.855601
-0.701155
-0.279125
1.70797
-0.0331102
4.82454
1.71786
-8.28165
-541.363
1.62181
1.05708
0.939033
1.39782
158.605
2.16018
-3.20967
-0.454152
8.91035
-0.0998945
0.206029
-0.312051
-0.442166
-0.853541
1.59633
-2.8383
-0.0218539
-1.16735
0.488416
0.654239
-0.121233
-0.371018
-0.413899
1.27224
0.45356
5.21839
-0.280948
110.322
-1.05857
0.0258194
4.66585
-0.48666
0.219832
1.63695
-0.698988
0.68111
1.88463
-0.144447
-3.45402
0.0857556
-5.33924
-36.5142
2.37618
-0.158806
1.1529
-0.35499
2.67966
17.3912
1.32988
-3.88585
-259.344
0.922854
-0.522759
-0.0593948
1.75577
1.17431
-1.32122
1.52656
-0.0840423
-0.621961
-0.282408
0.399165
14.3752
0.692702
0.531968
-1.07473
-1.2928
-0.945748
-0.123778
-0.222836
0.916315
-0.55019
-0.848604
3.7354
-1.27972
5.35667
