S
-3.96058
-1.19136
-1.21767
-0.871901
-0.278769
-5.49356
-0.23194
1.26644
-0.628668
-1.49827
1.02424
5.6071
22.0118
1.22798
-0.908356
0.0766549
-0.06714
0.269371
2.2428
0.511652
1.1393
1.99246
-5.88842
-18.6853
0.19291
-1.6929
-0.339132
0.261107
-0.318563
0.349809
-1.10622
-0.168861
0.829853
-0.149361
1.51876
-1.02012
-1.5061
0.0939471
-1.07043
-2.28897
0.0102705
2.69323
0.832772
3.22676
-1.11423
-0.0584396
-3.01075
-1.36708
0.18891
1.03335
4.9014
0.0215621
-1.28121
-1.30842
0.150827
-1.23097
0.334503
4.47766
-0.899561
0.0685257
-0.653805
-1.6744
-0.885821
0.604112
0.140203
-1.95496
-0.526911
5.63517
0.0454934
4.66151
1.16408
0.330806
-2.96801
9.50878
-2.64752
-33.2369
1.10889
0.502948
-4.47788
0.174697
-0.701448
-1.18305
-0.506408
2.15205
-2.21613
-2.77274
-0.301952
-0.270713
-0.478145
-0.725273
1.35099
13.0955
0.108206
2.53069
1.41658
0.257518
-1.66332
-7.63932
1.2444
2.5372
-0.179748
-2.77957
0.659187
1.29366
1.61105
-0.629676
-3.89684
-25.0818
0.296926
0.305815
-1.59503
-1.31039
0.12833
1.03874
-0.108308
0.130098
0.743136
4.65618
-1.63831
-1.43951
2.24788
1.39876
0.19725
1.93984
0.339866
3.881
-1.76947
0.400101
5.00663
3.16212
-0.600902
-0.941994
1.48226
-0.494545
9.81949
-2.12078
2.93466
16.6309
9.98676
0.0330814
45.0974
-0.435872
-0.340064
-1.25005
2.15067
0.625513
-0.0547981
-0.74587
-1.67259
6.78712
-1.74793
0.38637
0.3945
1.18308
1.1374
3.22346
-4.14585
0.376557
1.62998
2.04099
-0.426094
-2.41893
-2.60984
1.3048
-0.44327
3.21373
-0.712093
-0.483123
2.87257
0.112757
-0.688001
-0.449493
-0.305861
-12.4835
-0.829737
-100.266
-1.07311
0.119041
-2.4037
0.964105
0.413746
-0.143948
-0.738655
1.63319
-0.954615
-1.35392
-0.457102
-0.166362
-46.5722
-0.750188
-1.28249
1.00187
-0.0228474
-2.48533
0.856333
0.846868
-2.60466
0.0355665
0.590515
-31.1652
-8.9218
-1.58658
-0.0498273
-0.151644
-0.352109
0.627914
2.61948
-0.79216
2.43407
-1.10349
0.371293
1.52085
1.12493
1.46285
0.719155
-0.65417
0.462636
0.786667
-0.167811
-1.56113
1.65951
0.252165
1.89426
-0.455291
-20.9161
-0.687367
0.583581
1.24081
-0.569982
-0.376825
0.165704
1.01582
-0.0293999
0.509328
-0.367713
-4.87885
0.835131
0.102854
-0.168443
-10.2519
2.77398
8.91995
0.475903
0.335652
0.0208031
0.45864
-0.622957
-12.2132
-1.71397
-0.0298292
1.06368
15.0597
2.44444
0.235829
-3.43968
0.674074
-3.36224
-0.903317
2.44175
-6.09338
0.826339
-0.189578
1.19992
-0.164668
-1.01439
-3.32915
0.998709
-3.34989
-14.4402
0.0233712
-6.5486
0.0649217
7.32539
0.845563
0.0488178
3.45845
-4.85828
0.589679
-18.2343
1.87299
-1.17254
-0.6992
1538.55
0.457655
0.739416
0.919535
0.365298
2.52834
0.254411
-31.0616
0.712188
0.866452
2.68826
-0.654781
0.708383
-0.11769
-1.13588
-0.761607
1.38478
-1.73845
1.70896
-0.784983
0.276638
-0.941473
-0.535905
-0.493968
-0.957898
-0.275245
0.832492
1.19929
2.00106
1.80518
-1.69079
-0.815664
-0.626765
2.66327
-1.87723
-0.209172
-2.94395
-0.317528
1.04407
0.389403
-0.40874
-0.0976728
-1.04838
-2.32811
0.767542
-0.860624
-2.42486
1.3128
-0.181616
1.13407
-2.80731
0.579616
-0.265994
0.0037677
1.58595
0.271958
0.991231
-1.28511
-0.0368685
-0.0174208
-1.81346
0.0488141
0.0171154
-0.163518
-3.95841
-1.42496
0.080378
0.829107
-0.365344
0.775207
0.395643
-0.00631321
-1.37432
-0.0763433
-4.17705
0.409704
-0.0631815
-0.915084
0.309917
-3.34072
-2.13843
0.0876253
-2.18878
46.5795
-1.39793
15.965
-0.597387
-0.694743
-0.494927
0.35369
5.20031
9.99074
0.781141
4.43565
6.45377
-4.81272
0.705023
-1.65421
-2.68853
-13.1439
2.21218
0.582539
-0.807705
-0.0837002
0.159933
-1.18557
-5.99767
1.48221
-13.1339
-0.664105
-6.60048
-0.500349
-0.65891
0.160035
2.62852
-1.26487
2.54517
-1.43784
0.249438
1.64109
0.686706
-0.995763
-30.2323
-0.0892567
-2.76174
-0.621412
-11.3996
-1.16233
0.364341
0.00422242
0.365326
-2.73235
-1.43868
3.10874
0.815245
-0.0454773
0.0795258
0.463705
2.3086
-0.268707
-3.30306
-2.75611
3.99039
-1.39304
0.0484739
-17.3057
1.27095
-1.30012
-406.951
3.00793
-26.89
-0.247564
5.26884
-1.04715
-0.509432
0.159541
4.55233
0.675456
3.03077
5.09893
3.13962
4.40418
0.158015
-0.995425
-0.134374
-2.83525
-3.89757
8.83023
-1.50373
0.770649
-0.81311
33.6702
-0.651368
-4.53802
-0.406922
-0.538002
0.828251
0.385352
-2.74608
1.10066
0.751213
0.635402
0.289221
0.117905
-1.31544
0.374835
2.4326
-0.105305
0.798759
-1.38699
0.433343
-0.400739
-0.996533
-1.11025
-0.4773
-0.184774
-0.216329
2.64891
-5.94327
-0.357483
-5.3413
-1.28535
2.68264
-0.523446
-0.406399
-1.43665
-0.894749
-0.16833
2.2071
-1.93273
-0.234381
1.44435
-0.401595
-0.920245
3.31738
-0.173508
0.254706
-2.189
0.375698
-0.089987
-17.1105
-1.38732
-0.333468
-1.11769
2.02212
0.130582
0.127079
1.63874
-1.11086
-0.578449
-3.29751
4.70005
-0.33099
33.2243
-0.805444
0.469411
0.272143
-1.03451
-0.45175
0.74114
-2.09874
19.1952
-0.266501
7.8566
-2.39083
0.201911
-0.803217
-1.68419
6.39374
-5.19375
1.25518
0.503397
2.43239
-2.58267
0.990412
3.18719
3.09932
-0.0451052
0.44384
-0.743385
-1.05044
2.61937
0.192299
-1.65221
-8.20462
-1.59989
3.1091
-0.731499
7.47302
2.12603
0.37455
1.41259
-4.99325
-1.08592
0.351532
-0.34279
6.60747
-0.839946
0.324148
-0.102193
0.998585
0.0791236
0.345393
0.197566
-3.25908
-3.3896
-0.365635
-0.288704
2.10971
1.03804
0.715958
-3.53082
1.30677
1.08595
0.602009
5.27708
-0.23498
-0.225922
0.24805
-0.205917
4.21184
2.97016
0.58573
0.308665
0.352906
-2.69412
-0.571085
-0.288498
-1.1422
13.1778
4.99044
-0.334193
-0.0943305
-0.454107
36.7485
-0.421575
0.779399
-0.651505
-20.2743
0.040717
-1.7827
-0.250365
4.1219
2.52825
-0.28195
0.268599
1.38873
0.944057
2.38592
-0.435706
-1.45816
0.656151
-1.53566
-0.586667
1.15137
-3.09336
0.232992
0.159371
76.8873
-0.4515
0.58483
1.26664
1.44916
0.266505
1.74828
0.140531
0.92172
8.72949
-0.301595
-0.209299
0.123231
-0.493772
-0.872536
0.213409
1.10677
-0.0837878
9.72447
1.86474
-0.948824
0.605726
0.499351
0.609352
-2.31698
0.338463
-1.00214
-6.00389
3.43321
1.15574
0.233116
2.95063
1.476
-2.86083
-0.0738725
0.206605
-0.0997486
-10.6344
-4.26638
-0.281661
27.1095
3.2393
0.216557
0.361302
1.13066
-1.25791
8.48068
0.567561
-0.0536799
0.072147
0.1157
-1.91784
-2.24251
-0.360107
-0.0806695
-1.31872
-0.049621
-2.65539
-13.2865
0.962579
0.324108
1.85871
-1.62657
1.42395
-0.134532
0.671778
0.041034
-1.08528
4.98627
-0.812979
-0.924656
0.648479
0.27743
-35.9889
-2.3619
0.7509
-24.6371
-5.51536
3.69181
-0.0969117
-1.48743
1.69641
-1.46516
-0.945126
-0.636888
-0.52922
-0.414669
-18.9846
0.197193
98.2196
2.51251
-0.0495458
-14.6628
-1.65279
0.887942
-2.6153
-1.16841
0.0233627
-0.204325
5.74703
1.24709
-2.64881
0.0881277
-0.486637
-9.78494
1.97959
0.794233
-0.427656
0.393522
-0.226435
0.395064
1.06148
-14.6623
0.955835
0.103849
-1.65066
-2.68755
-0.657805
2.95415
-7.81497
-1.76486
1.92472
0.134617
-1.08894
1.07499
-0.0694255
-0.156565
-1.77393
-1.92507
0.85943
-0.139356
0.278202
1.07448
-1.07389
-3.25142
-0.0826426
0.358565
7.48696
-0.0617286
-0.406318
-0.584999
1.6171
-1.45801
29.7828
0.33554
-9.70078
0.892606
0.261968
-21.7205
0.718186
0.384134
-0.137059
-0.274813
23.6761
-0.50648
9.64064
1.08991
0.38836
-0.466448
1.09968
-0.495524
-1.05954
-0.295465
-1.20214
-11.601
-53.5933
0.596694
0.0468433
-1.18829
0.212448
-0.544907
0.193064
-0.833767
6.29921
-0.214587
-0.746054
0.755619
-0.536274
-0.621136
0.0210555
-1.21714
0.12212
22.8246
1.21599
-0.495735
-0.559776
1.04102
-3.5082
-0.192064
-7.00474
0.054637
-0.161713
2.8169
0.847917
-0.601243
1.95142
1.37617
-0.221412
0.84216
0.222132
-0.752518
0.129505
2.99314
0.0948403
-2.29583
0.864225
-1.23178
0.861151
-7.65032
-0.448104
2.34557
-6.12836
-1.14755
-0.319331
0.794791
-2.25747
3.96715
-0.524445
0.502169
-0.280204
1.61069
0.184188
0.400594
-1.50491
-0.527408
1.58446
13.7231
18.9401
1.78701
-0.163282
-0.979693
0.590042
3.47301
-0.828822
-3.09982
1.67368
0.158148
-0.889967
-0.556238
0.208491
-55.7471
20.9826
-2.67908
0.53448
0.192794
-0.703187
0.590459
0.891155
-1.26822
-0.845227
-5.58697
-0.767336
0.940187
-3.88305
0.641098
1.142
0.260646
1.96764
1.73065
1.20411
-0.689495
-0.653779
-2.02189
-0.651539
-0.108067
1.75197
-0.895785
-0.236834
0.995227
8.88874
-1.96716
-2.56413
-51.1292
-3.08745
-0.225214
-0.171723
0.199603
-0.72323
-1.93267
0.238605
-0.888082
0.860063
-0.979233
-1.9588
-10.2108
-0.856951
-52.0464
3.37747
0.346655
0.129762
-0.609716
-1.02577
-0.929922
-0.362127
0.248672
0.507332
4.94882
0.74446
-71.6233
0.0530546
0.0524271
0.700227
0.23234
-0.254918
-1.08246
-1.96618
0.232995
0.271227
-0.710597
2.09993
0.240869
0.594791
-0.3913
0.802477
-0.371693
0.35964
-0.166498
1.5702
-70.2167
-0.427298
0.100918
-4.85275
-1.06725
-0.133529
-0.572018
-0.267563
2.76717
0.253959
-0.750851
0.176413
1.86775
1.14671
1.46453
-0.410274
-0.24115
1.18678
0.337027
-0.579916
0.97873
-2.81908
-1.96279
-2.34114
0.430427
0.152591
-0.406632
5.25087
-1.94378
19.7942
0.232164
-0.921865
0.761749
-0.103911
0.659747
-0.175064
7.52376
-0.236066
0.442287
0.277102
-87.7733
-4.91962
2.53472
-1.4054
-2.17849
-1.86871
3.06
1.04577
-0.0643165
4.04765
-0.586203
-1.22019
-3.37377
-1.37772
3.84596
-0.75479
-0.496231
1.51186
-0.30186
-1.28896
1.08984
-1.00723
-1.44091
-1.52078
-0.615414
-0.0177007
0.00222742
0.114902
2.12374
13.321
7.32014
-16.2932
1.16534
0.182456
1.63477
5.93937
4.10791
-0.341191
27.9026
-1.22823
-1.6965
4.00795
-1.40289
0.0622157
0.576792
-41.3279
1.94176
41.1286
0.320454
1.01037
49.7447
-1.31206
-0.521451
-1.76704
-0.00333326
0.413227
-0.632396
32.7819
1.21227
-0.421088
0.168365
-2.1153
1.09796
0.741987
0.977978
1.64075
0.394319
2.03884
0.414325
-0.251615
1.65898
-1.40142
1.38933
5.02045
0.0772313
4.27561
8.71166
-0.55059
-0.385462
-1.55441
1.04299
-0.0825502
0.389459
0.966924
-0.403959
-0.183214
-0.204985
1.58178
-0.888678
-0.0024873
-0.055921
5.3777
-6.26052
-0.241347
0.842544
2.09862
-1.20136
-0.189737
1.13103
28.7858
0.189066
3.90954
-2.54579
-0.551692
-0.23847
0.413467
-9.81006
-1.77741
-1.01321
-4.19669
0.493082
4.10238
-4.25133
-0.257748
2.24607
0.701726
-0.668261
0.0683838
10.2841
2.45236
3.32241
1.14678
1.39269
0.775338
-3.17206
-0.391875
-2.91125
-11.0894
0.591866
-1.1915
0.0849293
1.4925
9.41415
2.26525
0.215499
-3.28238
-1.47871
7.93689
0.992415
0.139692
0.0747319
0.204582
0.445753
0.411428
-1.38061
0.887514
31.4382
-3.14849
4.73226
0.0466231
-1.97859
12.2292
-0.558969
-1.0388
-0.259941
0.171678
-0.0328985
-0.44757
-6.35409
1.0787
-2.4152
-0.682881
1.3177
0.185108
0.561525
-0.602676
0.469405
15.2663
-0.224627
-3.40088
1.9913
-1.5501
-1.23785
10.3461
0.61356
1.60979
0.871086
-0.297374
0.140956
1.61556
-3.23258
3.12485
-0.102364
0.900134
7.54961
-2.5699
5.08963
-1.78808
0.216604
-0.0093701
1.01949
-0.634106
-0.949097
-0.676208
-0.826067
0.520904
-2.69779
1.74827
1.37845
-0.774087
0.181011
-2.10019
-1.30915
0.585304
-0.797132
0.791513
0.826615
-24.8512
4.09851
-1.56143
0.118865
2.06632
1.75693
-0.597548
0.4234
0.224357
-5.14767
0.318902
-0.735188
0.516186
0.172101
-1.44428
0.774845
-0.761225
1.5793
1.20265
-0.291766
1.29853
2.92101
-0.144721
0.497274
-0.0530784
0.960146
-411.489
-2.38884
-1.30055
1.07409
36.1502
-0.0302017
1.23384
0.0407302
-1.54168
0.208719
-0.539984
-5.36209
1.03999
1.92384
0.877538
-1.9653
-1.36242
0.353063
1.90513
-1.46812
0.18384
8.28178
-1.31456
1.23864
-0.96921
-0.464757
-0.675685
0.392767
2.35979
1.06746
0.562902
30.5902
-0.415001
-0.827149
0.485851
0.764924
1.27401
1.31986
-2.72401
-0.0512395
-0.0520856
2.24709
1.10655
0.338116
-1.016
0.778349
-0.615778
-0.24344
-0.395842
0.570189
2.4811
0.0384662
-1.82974
4.23351
-1.25771
-0.0327472
14.0369
5.2728
-1.31182
0.65198
0.253111
-0.865165
0.479445
0.29222
1.5098
0.154569
0.0360434
-0.515858
-0.386363
0.101573
-0.188077
-0.00404001
-3.14791
-2.03959
-1.1138
1.40346
-5.62695
-10.9036
-1.66694
1.12055
4.04172
-166.44
0.0227733
0.427791
0.773558
3.09827
-1.83035
0.337423
-0.638457
2.17578
0.596064
-0.444663
2.20805
-0.356472
-0.407488
4.38826
13.563
-12.6408
0.873856
0.158153
-1.042
2.01008
0.039113
0.547553
-1.62227
-0.0323475
-0.232888
1.08572
4.06166
1.16412
0.758711
4.10113
0.385098
-3.48642
0.763819
-9.10576
0.329864
1.6054
3.88614
-0.249128
-0.367568
0.415512
1.84138
-0.179037
0.369712
7.7874
1.50912
-0.864053
-1.12324
-0.847009
-0.589293
-0.172242
-1.23378
-1.96628
1.44112
0.17719
-56.549
-0.0559792
0.0688063
-1.02777
0.557772
0.473192
0.370635
-1.49801
-7.49224
-0.776976
1.43083
-0.224297
-0.675654
7.99832
0.18944
0.703738
2.00619
-2.34224
-0.420354
-0.272417
6.29878
-5.7248
-1.20749
0.918367
0.647389
0.135822
-1.939
-0.548651
36.473
-1.54952
-0.85119
0.255084
17.2135
9.74718
-8.6464
-0.00736762
-0.137444
0.71102
1.48804
-0.68679
-8.8873
-11.7972
0.754111
-7.11296
-0.0203941
-0.819675
1.36514
0.409505
0.580541
-0.275243
12.7587
-25.432
-0.0379676
-0.664218
1.03084
-1.63526
0.696428
0.031415
-1.50309
0.358993
-0.271124
-1.19396
-4.14029
1.36068
0.38205
-0.247436
-0.771309
-14.4057
2.07889
-1.2382
-0.475592
0.979754
1.06032
0.0765382
-0.171804
-2.26303
-0.0591391
-3.73144
2.0381
-0.168207
0.11257
-0.235881
1.50744
2.26809
6.33058
0.892555
-3.12207
0.873623
-5.0451
0.373126
-0.29881
-0.832161
-1.16933
-1.62704
-3.72324
0.493436
2.0055
0.183496
63.2421
1.42788
-0.75967
2.32141
-0.367335
4.07846
0.709763
-0.227528
-6.47106
1.58503
-6.60628
0.0339153
-1.58545
0.338135
-0.0685416
-1.72073
0.887602
-1.12844
-1.53404
-10.2949
1.18448
-3.68351
1.05876
-1.20139
-0.0854821
0.346679
0.188919
-2.0342
0.598244
-7.01138
0.676262
1.11798
0.482018
0.614787
-0.845237
24.128
-0.731006
2.33161
0.953599
-0.374951
0.22431
-0.307024
15.4383
5.87009
-0.945821
1.1014
-0.203302
-0.707253
1.30548
-0.378588
0.362093
15.1657
-0.0345366
0.570411
-3.67338
-3.12352
-0.820108
0.823004
0.357112
-2.25587
0.541285
0.533906
0.15306
0.240075
-6.8934
1.3984
0.428942
2.57878
-0.0969598
-0.0484466
-0.962966
-0.233098
-0.371975
0.0396694
1.30886
-0.436983
10.1988
0.344751
0.691375
0.650017
6.95967
0.109805
-7.27952
-0.177923
3.40656
4.3261
-25.7305
0.572226
1.33448
4.46525
0.996358
18.4397
-0.163663
0.25138
-1.11377
-0.156626
2.12381
0.059186
12.3803
0.093166
-1.73499
-0.70832
-0.596752
0.702202
1.24739
1.10576
-1.11666
5.45156
-1.42979
1.10107
0.312971
-0.305068
2.91792
-0.0671846
-6.02919
5.96844
-3.74721
-2.50301
0.155468
-0.287187
1.53513
56.0856
0.107892
-0.732522
-0.1727
2.39999
0.118135
-53.4817
-2.65185
-15.9724
-1.47631
-0.076636
1.24951
-1.22617
5.77505
-0.262342
-6.51657
0.075835
-0.995461
-1.64555
-0.00181021
0.266234
-1.45651
-1.64695
0.991899
0.529907
0.838484
2.28301
-2.18681
-1.0147
2.41226
0.161285
-1.22902
1.26028
0.0344773
1.71652
-0.908282
-0.00582534
0.461959
-3.76893
-1.34161
0.718541
24.551
0.257328
11.8893
-7.8402
-0.650334
-0.374886
1.4341
-0.305314
-6.45004
-0.120424
4.23281
0.0835292
0.347413
-0.600659
3.50384
2.32903
2.15052
4.3165
2.14244
-0.652754
0.554387
-0.528213
0.575152
-4.70831
-0.619823
-0.232015
0.588453
0.373135
-4.12909
-0.230077
-0.647805
2.30634
-0.536566
-35.9003
-0.10648
2.7046
0.628045
0.0624857
0.691699
-4.28014
-0.485609
3.93851
1.03646
-0.336267
6.77805
10.9625
0.66485
3.03994
0.5667
-0.137747
3.5581
0.486403
-2.57392
-0.137525
-0.973949
0.563934
-0.566142
-0.711735
0.29563
-0.335617
1.10435
0.4303
0.668327
-0.541667
-0.511175
0.516136
-1.81868
-8.65619
-0.617936
10.0858
-0.215079
-0.225264
-2.05692
14.4985
-1.72511
-0.517719
-1.05599
-0.0882976
-1.87099
-1.98294
-0.181428
6.78234
-4.05704
-4.45915
-0.444488
3.27478
-0.223302
-0.235074
0.320593
0.678147
1.98519
2.50399
0.782967
0.151268
-0.279884
0.422444
0.114621
2.30567
3.62711
-3.49103
0.467516
1.69985
0.539575
-2.83839
-1.83863
-0.0230832
1.77299
0.243201
2.59866
-0.345025
-2.00412
2.33121
-0.823097
0.25665
-0.607548
-0.488437
-1.54467
-0.858288
-145.95
-0.204162
-0.563318
0.619167
13.1738
-0.206471
-0.524922
1.08878
-1.99398
0.255322
-0.127074
-1.62427
-4.58539
-2.1933
0.0954597
6.573
5.20524
1.63783
-0.295961
0.703784
1.35513
4.62118
5.10058
4.29973
-14.4541
-7.46008
0.258185
0.750609
-0.0174701
0.736856
62.3175
-8.61971
0.637374
0.491803
1.20724
-0.319317
8.661
-0.71454
0.542696
23.9984
-0.347812
0.826953
-0.0112783
1.17863
0.141538
3.32255
-9.9733
-1.15383
0.717032
0.807468
-1.43881
-1.23145
1.44662
0.243899
1.79046
2.7765
-0.159499
-3.60219
-0.206268
-0.233941
74.6136
-0.0563573
-0.317948
1.38535
-0.0693602
1.36531
-1.36997
0.294368
0.418062
-1.0886
0.196879
0.355805
-0.0568288
0.312867
-0.999424
-2.44905
-0.633579
0.160572
-2.53551
-0.00978575
-1.21945
-15.7608
-0.778055
-0.40659
-2.55186
-2.1229
-7.81151
-0.85163
0.0398875
-1.2772
2.33798
-0.127776
-1.01504
-0.432492
0.495114
11.2056
1.17653
-0.43681
-1.58134
-0.835404
-0.591236
0.868714
-0.711543
3.40125
1.44321
-0.117184
-0.769462
1.2069
0.0945268
0.587871
-0.393641
-0.72552
0.70568
-3.1705
3.07193
0.225457
-1.93224
-0.359954
0.204508
-5.26131
-0.463759
3.24437
-52.639
1.73269
0.347246
-21.9639
-41.1679
-11.1199
-0.380126
7.21297
-1.2639
1.23136
-0.492811
-0.891885
-1.29361
-0.270823
-0.0275957
-1.65471
1.61307
-4.21969
-1.35089
1.41734
15.3487
1.67789
10.2822
-3.02031
-1.2605
0.487331
0.79137
-2.03226
-0.819932
0.101801
-1.03437
1.70553
1.09608
0.3723
0.992195
-1.4539
0.0731347
-18.1946
-0.352343
3.28922
1.41534
3.40998
7.94994
0.827422
0.883104
-1.59722
0.364613
-1.47208
950.705
-0.717921
-1.04975
-0.324121
-0.114696
-13.0974
0.0860063
10.8654
-0.914912
0.31788
0.758613
-5.15994
0.00871232
-0.513421
0.283335
-3.77709
-2.93416
2.18078
2.69649
1.09404
0.753467
-0.77859
0.0715008
1.6447
-1.16908
-0.661313
-0.842217
0.848132
-1.78419
0.809212
0.160541
-0.0326588
-0.218949
1.93521
-8.13461
-0.166923
-0.65177
-0.990266
-0.571985
0.346163
-0.867841
-0.539659
-0.156
1.85334
6.00816
1.67687
1.1612
0.290173
1.82553
0.273558
-1.13403
3533.94
-0.586945
-0.118812
7.40447
1.13908
1.49835
6.00504
-0.121157
1.06192
-0.870925
-1.09762
1.69025
-0.222674
-0.64077
2.78001
2.54603
-2.57248
0.351257
-4.56103
0.0911605
0.40176
-2.765
-1.11906
1.05015
2.23858
-1.18108
-11.4734
-0.0414301
0.51022
1.37191
-1.95045
0.0645491
-1.16254
1.24818
-9.03649
0.538013
-0.0473182
0.326916
-4.16811
0.166
-0.018317
1.62576
1.32935
-0.0541644
0.796598
0.519625
0.996638
-0.227635
0.446375
0.0818622
0.587032
4.46599
-3.11867
-0.279383
-7.13484
-0.632792
4.97606
2.20628
-1.37604
1.14789
4.00848
-1.52668
-2.55606
2.13865
-1.24127
-0.179205
1.5298
-0.41179
-2.74515
-2.32903
0.228185
0.499904
1.31598
2.40714
-2.81624
-0.851376
-4.71736
1.34134
-1.85897
-0.143957
-2.7795
1.54809
-1.35625
0.122988
-2.91324
0.438911
-1.26904
1.09473
1.18712
1.40774
-2.46111
-0.410968
-1.00698
0.370631
0.32976
0.240442
-0.691546
2.75197
0.821591
1.79703
-8.93053
-1.53439
1.83185
-0.993457
-9.76601
-1.37204
7.91724
-0.246203
-0.933955
1.27028
1.27306
-29.7551
2.06552
-1.19734
-0.249643
-11.0776
2.05154
1.40577
0.241934
6.14067
0.194884
-2.76618
0.647409
0.132421
-47.7131
1.59027
0.179154
5.03913
-1.01239
-4.076
0.426555
2.7253
1.05931
-0.937157
-10.161
-4.25912
1.0706
0.0478067
-1.3909
-0.027655
-1.18572
-0.248052
0.742303
-0.0132702
0.198456
0.88456
0.534566
0.744746
0.51214
31.9404
0.290671
1.9195
-3.09812
0.222489
1.43076
-0.489528
-19.6336
3.73782
-2.18461
-0.525091
0.948182
-0.296773
-0.370373
-0.234718
1.50166
1.90571
0.694851
0.903729
3.62214
-0.221791
-1.38423
3.57535
-2.81397
0.767762
0.744455
1.82842
0.0686856
0.273435
4.52711
0.961397
0.568032
1.28665
-0.348317
0.186216
-0.660864
-0.0758749
-0.303084
-0.315279
1.17548
-8.47404
3.28332
0.528107
-0.912297
-3.25973
0.899695
-0.258839
0.658619
-0.275579
-2.67508
3.97844
-0.170036
1.16609
-0.17758
-2.35867
-0.602019
-1.02994
0.163694
-1.63168
0.0395072
-0.252615
-2.01728
-1.47088
-3.43531
0.91621
-0.0152211
1.21794
-1.41715
2.1725
-1.39138
1.48622
6.67656
-0.0595093
0.425626
0.119077
1.0632
-2.26798
-1.14069
0.235823
91.6356
0.317904
0.503446
-3.0119
-0.773978
-1.77325
-6.59805
-4.5855
-0.829533
4.0649
0.255756
-0.394838
0.859312
0.777103
-3.86335
0.480051
-0.148544
1.51177
8.91069
0.0455295
1.89896
0.115286
-0.987299
-0.542849
-0.0798971
-0.581645
-14.9709
-0.929486
-0.473961
-0.229872
-0.416489
-4.79246
0.144194
0.781291
-0.384427
15.6605
-0.356325
-1.2118
1.72156
1.01901
0.529397
-8.64161
-0.238381
2.10629
-0.518082
-0.812484
-2.46911
0.555677
-0.405366
0.463247
0.441249
-0.869355
0.187593
-0.123935
-0.682955
11.6051
0.620599
-3.38366
0.98701
-2.81164
0.273206
0.725977
-0.140791
-1.8667
0.0288763
0.418303
-0.738126
0.241616
-0.57542
0.621592
0.229469
0.738037
-0.110493
-6.91243
-1.91929
-0.308355
0.202472
8.16201
-1.55173
-0.988593
-6.51998
-2.21696
0.460035
2.31063
2.63327
-2.15213
-0.381407
9.71277
-4.76175
6.70824
-0.253608
-0.738534
-0.0946914
1.5836
-5.04179
2.13287
-0.473455
0.826557
-0.60238
1.20904
-0.903077
-2.37839
-1.15149
-0.264004
8.74179
-12.521
-0.197544
0.0422215
0.800131
-1.11357
1.17333
0.268832
-0.71392
0.147457
-0.262104
2.02493
0.219148
0.699245
0.8199
0.527287
1.40766
-1.24803
1.49449
-2.4316
-0.0261163
-1.74479
-0.496844
-0.127276
5.34972
10.9442
-1.13769
0.598899
-0.422495
1.88562
0.956876
15.4383
-2.89748
-0.446626
-1.43451
-0.834298
-0.398113
-0.27471
0.369559
1.47909
0.0809186
-1.49424
-0.345736
0.41831
0.325844
1.25461
-24.3857
-3.5323
1.25693
0.465423
8.48272
-3.86454
9.11797
-1.297
0.235902
1.47157
-16.2955
-0.342844
0.572326
1.18046
-0.620455
-0.58815
2.32354
-0.495175
-1.67019
-0.734364
0.345436
1.36648
1.84637
-0.262931
-0.211064
0.922555
1.16085
0.623568
-1.60644
-1.43508
-2.03683
1.16526
5.69949
-0.738471
0.14327
-1.09328
-1.54733
0.190112
12.2713
0.889965
0.285609
1.97034
0.130684
-0.0675102
-3.92157
-8.93026
-2.98214
-0.689512
0.19994
0.953066
-0.272383
-0.793966
0.0559932
0.280241
0.452277
-9.13569
-2.10456
0.654896
1.58085
-25.9215
-0.762955
1.10639
8.0739
21.1123
-4.76643
0.708459
0.936822
-0.300282
-18.1846
-0.579963
-0.576424
-12.9159
0.284914
1.86722
0.32944
-2.00799
-7.99363
-8.91092
-2.22583
-0.336514
-4.58504
0.403302
1.96962
-1.79183
1.79861
0.976945
-16.2798
54.5169
0.270813
1.44522
-2.73602
5.61129
-4.63351
1.44261
10.3068
0.302297
-1.3695
-69.0265
-0.448714
0.279954
-2.11821
0.178969
0.777312
-0.926824
8.8208
41.5169
1.03373
-1.80087
0.262757
-12.621
-0.173683
-0.715811
-2.5914
1.65007
-0.222401
0.775319
1.14547
0.920308
-5.8857
-1.5693
-0.261259
-0.174568
-17.7344
0.898159
-4.02208
-1.13085
-0.444331
0.250685
-0.026397
5.34042
-2.61527
0.648138
1.29231
1.77936
-0.589126
0.762751
3.7282
0.699803
46.6989
0.4617
0.0251895
2.69163
0.113075
-1.31813
-0.244259
-0.0109594
0.0880283
1.02549
-4.8957
0.661268
-0.640227
0.245358
-0.553162
1.01566
-0.042625
0.163705
-2.1
1.07748
-1.39695
3.56413
-2.52198
2.81082
-0.51213
0.586959
2.09825
8.62058
0.119817
0.521615
0.0525075
0.381265
-0.0615513
-1.12808
2.47398
1.10515
9.60036
2.78885
0.0748377
-0.150791
-2.14678
-1.65774
-1.10211
0.0775803
-2.71107
1.52002
-1.42438
-32.8743
-0.454179
-2.05861
-0.579385
1.3442
-0.242302
-1.29878
-1.77521
-0.533556
49.6085
0.299416
-0.991728
-0.396675
-4.98161
-1.25734
-8.42716
-0.516011
-0.315264
0.893115
-3.21508
-0.299185
-176.409
0.0358378
0.609096
-0.648713
-1.02434
0.548222
1.50068
3.6075
-1.88773
-0.432554
-1.41912
-0.712062
1.92447
-0.773311
-1.05008
9.47372
0.116213
-0.737279
6.70906
-1.86319
-1.09805
-2.55688
0.134132
1.20579
3.62659
2.52025
3.09345
0.868267
-1.35175
0.377646
-1.86529
11.5775
-0.628545
-1.2139
-0.237038
-0.538406
-0.0799391
-2.01227
28.1654
-2.12167
-0.602333
0.0418034
-0.0372183
-0.0409147
0.445517
0.363731
0.39067
0.486504
-1.02031
-1.71381
0.801683
-0.0217846
0.175625
-1.22081
2.24456
0.135879
-0.283475
-0.845825
0.0202393
-5.15392
3.85501
-0.938326
-1.00595
0.629802
0.0195865
0.662113
-0.772755
2.99031
0.78629
1.36513
0.805021
-6.54766
0.408727
-0.762678
3.04958
-0.554824
0.993905
0.361995
-0.750383
-0.255378
0.670327
-0.658595
1.42717
-0.346777
-3.46457
-2.12878
-1.43497
-2.22215
0.525925
0.435587
-0.314771
-14.1048
-0.802377
-16.0403
-0.967299
5.32382
0.759097
0.030859
1.10213
-0.869592
-2.88344
-1.13863
8.55296
2.76105
3.06854
4.43446
4.36253
1.04444
0.703418
-0.0353783
-2.58062
-0.679716
0.968433
-0.703323
0.736182
-0.517213
-0.36967
0.279343
0.245251
-0.600979
-2.29844
-10.0635
1.92676
-1.05097
-1.3051
-0.416774
0.110775
-1.03566
-53.3652
7.41696
13.6067
-0.0340724
-1.36105
-3.37347
-1.08691
1.69882
1.29216
-0.883838
1.315
-0.545117
2.68336
-1.24095
0.304414
0.933487
0.0452988
0.0414885
2.48668
5.7318
-1.34442
0.882264
-0.492652
-0.00580688
-2.49694
0.894411
-0.841451
-0.594244
-1.00647
1.03507
0.290566
2.88804
-0.532289
-0.689556
-0.724514
-2.40076
-3.87992
0.282575
-0.0773739
0.377832
1.74957
0.874215
-0.478155
0.126726
-0.432935
-0.239132
48.8078
-0.503781
-1.28818
-5.98959
-8.41351
-1.80229
-3.72228
-0.0470128
0.727467
-0.33126
-0.331698
4.51788
2.79473
-0.77061
-0.126651
-1.40427
0.951553
1.84602
-2.06705
1.52538
0.918559
0.229902
-1.13589
-0.313833
0.815675
0.294839
2.47297
0.724024
2.75208
1.66713
-3.06616
0.487229
-12.2994
1.96039
-1.68778
-0.672704
-0.697468
-2.40018
-0.850011
0.889536
2.12172
-0.334624
48.6337
1.9745
97.214
1.82005
8.56221
-0.210185
0.24812
-6.09297
2.87433
0.995649
-2.84268
-4.25796
-1.48184
4.58187
-1.93933
-0.493408
1.38135
0.302858
9.85941
-0.300399
-0.176662
-0.425777
3.63974
-0.97606
1.32097
0.669392
1.02234
-1.04082
-0.335927
-0.572724
0.59894
-2.79742
-1.1223
0.126592
0.28296
0.642627
3.88284
2.2629
-0.502567
-0.23485
0.932213
0.00462141
-0.9692
-0.139001
-0.0499706
50.3414
-2.19253
-4.37184
0.0754037
-0.482274
6.47754
1.50594
174.645
3.6295
-0.925632
0.0479759
3.35067
-0.771183
-0.258003
0.25941
-0.608934
-0.771112
-1.54118
-0.872817
0.0666277
-0.307573
6.48548
0.39236
-2.53838
0.793548
-1.0105
21.8857
-2.0926
1.83498
-7.32371
0.404343
-1.38698
0.912812
-0.871258
0.510383
-0.0360482
-0.34885
0.156431
-10.716
-1.08313
-1.08892
-1.84445
-1.05022
0.628374
-1.46925
-0.992572
-1.99422
-0.0978013
-2.37227
2.13686
-0.793013
-0.42136
-0.110971
1.93152
-9.78781
0.385556
0.531153
0.0396787
1.23889
-0.1181
0.374892
2.34695
0.278564
-4.91286
0.0325117
0.00409406
0.0247579
-0.890836
-0.63766
1.36639
0.673569
-0.256863
-0.937429
-0.0586757
-3.23863
-0.309746
-0.106715
-9.08576
8.42471
-0.353824
-3.12162
1.07485
2.38594
0.522177
3.12265
0.0878331
-2.83291
-9.29254
-1.4203
6.0446
13.1031
8.3741
19.4246
0.657178
0.714045
-9.03657
0.00874029
-0.240349
5.31746
-0.75725
-0.18749
-0.23033
-14.2787
-0.0800083
-0.534366
3.05725
-1.79617
-0.297079
1.73521
-348.176
-0.282183
-0.350867
0.515236
-0.27144
-6.70322
-2.4009
0.143009
23.1742
-0.146204
-4.31711
-0.829955
-1.42376
1.30907
3.98199
-0.240996
-0.791994
9.6246
4.71072
-0.0184492
-0.219502
0.0586523
2.52442
-1.04719
1.44459
2.0374
-0.35727
17.8768
-6.19197
-0.366037
7.43136
-0.261402
0.360494
-0.516721
-0.390909
8.1667
-9.79713
0.277917
-0.370896
3.69772
0.320352
0.222982
-0.977748
-0.766236
-2.4786
-0.585587
-0.506662
0.667755
-6.4111
-0.301841
0.368909
-4.48585
-2.27369
-0.806943
4.33619
-0.39955
3.7332
2.34553
-0.518007
-14.4736
2.21819
0.245629
-0.897999
-0.133996
-0.16342
7.65348
1.58482
-0.214141
2.70108
0.0852988
1.36619
0.751168
-1.91443
-4.59834
0.883791
1.63784
0.440856
0.815737
-1.17287
-0.239234
-0.757243
-0.333759
-1.05235
5.55023
0.107876
-0.704546
-5.20591
-4.45251
-0.725088
1.16652
-1.49591
1.30129
-0.565126
0.453789
0.282429
-1.04037
0.416728
0.23242
3.49086
0.459298
-1.52088
47.7835
1.47204
-55.528
-1.90972
-4.34389
-1.88392
-0.238908
-2.46166
-3.77179
0.773127
-13.1375
-0.211936
-0.878989
0.106253
4.10059
-1.29176
0.117282
0.576101
14.8507
5.20086
0.86805
1.18397
-1.33933
0.78673
0.0538674
11.7711
-1.63075
-0.630649
-4.31964
-0.375244
-0.644456
1.39353
-6.53774
-0.576817
0.322867
1.79409
0.664705
0.619017
-0.140288
-1.72337
-0.843873
0.55916
-18.7956
-0.126346
4.78343
-0.684555
0.456781
-4.98692
-0.963514
-1.87785
-1.32108
-0.235428
1.65962
-0.477954
1.04977
3.52126
0.293111
-3.08733
-1.49037
-3.62734
1.3151
1.41975
-10.0205
-1.28818
0.0485727
-2.83271
0.199809
2.46225
-2.73666
4.56011
4.08829
-1.08937
-0.737958
-0.32369
-0.761206
-6.65443
0.798486
0.846626
-0.70165
0.216568
1.34826
0.745341
0.962372
-0.235197
0.638379
-0.32784
-2.36658
-0.492922
0.465371
-1.13647
-0.758521
-1.34914
0.768702
12.0745
-0.061607
0.316234
1.67259
-0.0966567
0.0632723
0.592292
-0.844012
3.00059
3.92142
-1.25801
-18.4071
-0.134239
2.52237
-0.898697
2.03314
-1.38954
-0.194138
6.43912
-0.186946
0.747476
-0.259012
24.1169
-0.695446
-0.205304
0.237922
0.745102
-1.01925
5.74156
1.15649
0.836484
3.63768
1.1263
0.307576
1.44362
0.0154059
-1.26511
-2.62457
1.9409
0.650288
-6.48062
0.261398
0.809019
0.785522
0.649713
0.330311
-0.14179
0.144274
0.331596
-0.225769
-1.34844
-3.10419
1.45454
0.6166
-6.54106
-0.326078
2.23785
-0.57576
-0.532306
0.75218
-0.0957149
3.0566
0.646126
-0.299368
0.14867
-8.92736
-1.04297
0.181308
1.41196
0.576971
14.0637
0.468127
-0.637641
-1.06684
-1.31629
-0.00546335
0.222842
7.95998
1.10859
8.93524
1.41241
0.270454
0.778819
0.353573
-1.35484
2.07409
0.833002
1.85923
0.827754
0.610271
-0.345304
0.463532
-2.03197
1.90726
10.2959
0.359158
-0.801404
0.718683
3.03981
14.1548
8.7934
5.33857
1.28802
-2.04301
0.836759
-1.02903
-0.00933983
-0.508048
0.357734
-2.22596
0.0340737
-0.328578
-8.7775
-0.877793
18.5891
0.482149
0.747714
3.33455
0.300498
-0.288476
0.677644
0.666674
0.420407
-0.0519911
-1.91924
-2.57916
-0.136289
-50.7396
-0.270455
1.6535
-8.37697
-1.1232
-1.94451
1.03997
3.76332
-9.23907
14.7777
3.60967
-2.19779
1.83303
0.687865
-1.14529
0.0974148
-0.412574
-1.46101
-0.0428419
-1.29569
0.903957
0.926437
6.19755
-0.31344
-0.773546
-3.93092
0.384821
2.54409
-3.07177
-0.345787
0.385254
-4.21696
-1.04463
0.451579
-0.508562
-1.14145
-0.56463
-0.973286
2.12598
1.96607
-0.637931
0.0486882
-2.04503
0.147443
-0.957631
0.57468
0.497662
0.47005
0.315275
1.86383
-0.673555
0.209432
17.38
-1.00311
-0.424
1.10666
0.87784
1.17864
0.671798
6.97988
3.52141
-0.184383
19.5192
-0.0671691
-0.180039
0.265793
-2.33404
2.11823
0.901943
2.64147
1.49143
-0.816571
-0.431591
1.31069
-5.40877
0.442985
-4.85264
0.228694
1.21941
-0.879165
-12.0511
0.337386
2.18477
10.1992
-0.194575
0.447786
0.52694
-1.84191
-0.0421352
-0.977212
3.67271
-0.0645075
2.70822
-21.4476
-0.0759627
0.666222
-0.492709
-0.678845
4.80416
1.7815
0.381655
0.000425915
1.5374
-1.90764
4.79385
-5.93443
0.575815
1.2552
0.811046
2.45957
-0.943342
0.374082
0.783935
2.64784
0.446274
-2.12253
1.01207
1.03348
-4.12425
1.26694
25.6026
-1.54988
-1.79602
0.640083
6.93857
-3.83416
0.348792
1.3598
-1.88777
0.746255
0.498471
-42.1146
-11.3945
-5.20742
0.715317
8.70845
-0.00296157
8.26749
-0.123167
0.415644
0.744509
4.28158
-1.85825
-34.0768
0.413112
-1.26286
-0.501371
0.84794
2.11789
0.989072
4.85046
0.781581
-0.782341
0.756713
-0.61048
-1.55321
9.9564
-1.99743
-0.0604641
0.0280942
4.55086
-0.716576
-0.406674
-0.761059
-1.35052
1.31886
1.40334
-94.2959
-5.73668
-0.656942
0.596387
-6.12993
-10.4703
-55.31
0.970318
-0.427012
1.28943
-1.37561
0.0780929
-0.154557
-0.277117
0.388893
1.82832
0.693367
0.250666
-0.901563
9.18382
0.315866
2.16363
-2.5308
-1.26045
0.548342
1.68412
-5.31704
-2.89304
-2.10665
1.38462
-0.142674
-2.35622
3.02195
4.6902
1.31823
-0.147089
2.26039
2.74571
0.94285
-0.767654
-2.94368
-0.0181027
-0.104431
0.368838
-0.40701
-0.280489
4.98828
-1.8158
-7.53376
1.29192
-0.0721319
-0.465139
0.264493
-0.509083
1.52909
33.1083
-1.21795
-0.756666
0.250477
2.10942
1.21824
-0.79214
-4.23698
-3.63621
-0.712383
1.40567
-0.156733
2.95829
-0.0345476
0.0985736
0.641718
-18.9754
0.534987
6.0637
0.267143
-0.362324
-0.297526
-0.0436547
-0.157332
2.17704
-0.374768
-51.9147
-5.12251
2.91852
10.1928
1.02361
-12.5266
-0.162157
-2.9527
0.0748026
-1.27272
-11.5072
2.42512
15.8927
5.96305
1.0382
2.30486
0.187176
-0.0813743
0.419073
0.105955
0.391022
8.65231
-0.164541
-0.121594
-5.89869
-0.383237
7.83502
2.17151
1.4926
-3.11224
-2.20585
0.307363
-0.235076
2.4955
1.97023
0.0648977
1.32279
-0.965233
-1.41302
0.948015
-0.314422
-0.199323
-0.208341
0.0828671
-2.17421
1.0786
1.00646
0.410674
-0.0914521
-2.20748
4.79735
0.299169
1.38786
0.202797
2.68824
0.263139
1.07677
-2.51895
0.368247
0.506846
2.69822
-1.35578
-2.59192
4.23947
0.272206
-2.30033
-20.8529
3.04195
-0.0572225
5.83546
-2.60621
17.1952
0.144773
1.26066
-1.43359
-0.804797
-0.57221
0.286785
1.42734
-0.338276
-2.97864
-0.444288
0.88931
1.16509
0.286951
0.887669
0.166499
0.00519243
-0.677204
-0.238893
0.755174
0.0507899
0.22591
-0.757373
-1.17583
13.5082
0.529584
1.91624
1.41805
-12.9746
-0.50787
-0.944063
-41.3419
0.0731114
0.284181
-1.40156
-1.55787
-0.375276
-0.672458
-0.680472
0.256852
0.585475
-0.349897
-0.720305
1.16921
-0.0534818
0.178833
-1.82441
1.69433
1.41726
0.443498
0.403491
0.538414
-0.312285
-0.34341
0.485626
1.32118
-1.97943
-0.726154
-1.3161
-0.27452
-0.00999266
0.0687653
0.953992
-7.76685
-2.0214
1.1967
0.458435
-0.274447
4.65528
0.0747968
4.15317
1.16055
3.75566
2.25082
-17.2564
-0.283097
-0.209082
15.6122
2.3298
4.97394
-2.60717
-0.204976
0.326141
-0.259033
-9.43322
-0.183281
1.26193
-0.900574
0.247652
1.36712
1.38015
-1.73827
-8.67225
-2.07745
0.367883
-0.179626
9.59147
-0.43731
0.504091
2.84633
1.91778
-1.59512
0.971917
0.00448859
0.211712
-1.80658
0.356326
-1.30606
-1.96996
1.09059
-14.0608
-0.223982
-0.332192
1.14288
1.36823
0.519484
0.389159
0.543973
0.085354
0.573798
4.51765
0.296647
-0.341976
-48.8906
1.34338
11.7065
-1.68828
1.62694
-1.33371
-0.39462
-3.99285
1.34681
0.180939
-2.05287
23.8637
2.43251
-0.985593
0.146372
-1.09034
-2.76925
-0.151854
-0.646462
1.16529
17.4861
-0.63921
-1.68576
-0.572469
-0.907421
2.60377
1.35594
0.360298
-0.954211
-0.326273
1.07159
-3.12879
0.596737
0.828702
51.7392
-0.994019
-7.63584
-2.17282
0.91577
5.03356
-3.39266
4.00686
3.25578
0.858197
1.38276
-1.4322
-1.06547
-6.72303
-0.360298
1.60708
-1.54545
-1.05606
-3.75709
-23.7872
-0.128392
-15.4986
-0.639597
-1.00917
85.9855
-0.908227
1.63838
-0.0588554
0.974299
-1.13866
15.5563
1.64033
3.4821
-0.200972
0.108787
0.215319
-0.731335
2.80601
-0.544219
0.554396
-10.9468
0.0550932
0.913264
2.73164
-0.387131
-0.986738
0.724317
-1.32098
0.54382
-1.0305
-1.23181
-3.17664
-0.477543
1.51045
1.72656
-2.54593
0.849756
-2.64917
0.00178963
5.2187
0.917009
1.18757
-25.6818
2.33812
0.348965
0.801165
-0.0854287
0.0120931
-0.316517
-1.70929
2.08764
-43.8914
-0.179793
-0.717379
1.68298
3.35035
0.182427
0.640269
1.74778
-1.3271
0.296027
-58.4886
0.588228
-0.317913
0.137055
2.63482
1.46544
-0.0432503
1.18416
-0.952953
0.222571
-10.0433
0.48228
-1.0306
-0.00461196
-1.05589
0.618662
1.09472
1.64305
-3.12919
-0.0736098
0.485243
0.760208
-1.67589
3.22078
1.71026
0.463075
0.697728
-9.76954
3.22323
4.54613
1.48816
-0.438571
-3.00739
-0.203599
1.72608
0.619465
21.3765
8.29748
1.96039
-4.85141
2.70451
0.0583737
-0.614798
-0.463387
-0.959971
0.221772
0.442397
-1.06677
-0.341396
0.842703
-0.0135867
-0.337804
-6.43308
0.966193
0.9347
-0.180708
-0.402083
0.736898
-9.39141
1.11934
-0.604661
-1.37512
-14.1974
4.4499
-1.05648
1.36067
1.87559
-0.39195
-1.40097
-1.0223
-0.523325
-0.892171
1.29634
0.00747295
-0.115311
-0.197225
3.05813
-1.36791
-0.534698
-0.115036
-0.276544
-0.312081
0.55173
2.09897
-0.101823
-0.439627
0.309809
-1.86331
-0.0538594
-4.12515
2.66737
-0.756504
2.32471
-4.26203
-12.9491
-1.10263
2.75894
1.15681
-1.4121
-0.00616471
-0.697766
0.812941
-0.714503
-0.634943
0.853541
2.20836
-1.11968
0.987189
-1.14514
-2.77706
10.3264
-1.06472
-0.547482
0.928326
0.938104
-0.655216
0.189328
-1.09374
-0.509679
-2.13673
-0.130112
1.17421
-1.61773
0.174154
1.05549
-0.109886
4.39232
-0.262441
14.3675
1.60229
-1.55002
0.912906
-1.53987
43.542
0.860632
1.57961
-2.81466
-0.273956
0.185108
2.30206
0.874098
-0.807225
0.0729217
0.0901825
0.156618
0.495809
1.7374
0.946588
-0.24417
5.71724
-1.45843
3.06944
-1.13076
1.5274
2.99775
4.05152
-9.57443
-2.34451
0.910192
0.270478
-0.0620986
-1.11853
1.08883
0.389329
3.10482
-2.77929
2.65825
-0.430568
0.597372
1.08065
-0.0981424
1.15564
-0.262982
0.909703
1.91381
-1.83258
0.23755
-0.939386
0.536529
-1.24032
-0.43871
-0.583564
2.41752
0.256481
0.84934
19.8808
-0.666885
-44.8957
-4.58435
-0.0683349
-0.104153
-0.185799
-3.24698
-0.0154327
-19.6469
1.00013
13.5481
1.13805
-11.2525
0.15589
0.362241
-1.15501
1.36199
2.51004
-1.42695
0.504852
-0.654603
0.0650724
-1.42036
2.15957
-0.896788
1.67991
-2.86761
-0.326696
-0.967769
8.19343
-1.64988
0.563131
-5.25679
-2.44815
0.626003
-3.70569
-2.72798
-1.68752
1.18587
1.64265
0.73722
-0.370303
-0.0769538
-0.138177
7.57108
-0.0759097
-0.278188
3.60344
-0.622257
-1.56338
1.35506
-0.629807
0.613884
2.60791
-0.187415
2.76663
-2.91258
0.00253272
-0.0059729
0.398629
-1.08517
-1.90573
-0.113673
-3.31828
-2.24683
-1.6338
1.04064
-0.430551
-0.862927
5.41148
1.27067
0.851347
1.04558
-8.12308
1.59733
-1.55145
-1.27757
0.133948
0.193706
3.40734
1.8664
1.69892
1.5446
-2.59802
-1.92905
1.5098
-1.32062
-0.609737
0.762235
1.81607
2.43808
2.908
0.648092
3.27635
0.150511
-285.862
-0.666881
3.773
5.254
0.0296715
0.636626
0.430801
-0.180724
0.0471128
8.47672
0.497618
0.521176
0.442058
0.116634
5.09925
3.9431
0.142575
1.1232
-0.655774
0.690316
0.459802
-0.663371
6.89743
0.0756718
-0.146381
2.11307
-0.772489
0.797195
3.52575
1.26004
0.250182
-0.381946
4.37198
-17.025
-3.37364
-0.0843805
42.49
-2.95309
-0.308744
0.0839644
0.0845685
-1.05556
0.57278
-0.827382
-0.423941
-0.0312187
-3.46171
0.701389
0.757032
-0.789778
-0.321089
6.23683
-0.552337
-40.7142
-1.01809
-0.872232
-3.74161
-7.46917
5.79002
0.182056
1.07291
0.0998147
-1.17585
-0.433197
0.5476
1.55424
5.20873
-2.60044
0.58464
0.0163807
-0.0887319
1.30787
0.477557
2.3578
-1.90634
-1.52667
0.163693
0.231507
-9.83091
0.554646
-3.64951
-3.82313
-6.95098
-1.37789
1.88199
-0.54805
1.32374
2.52116
-18.1087
0.610541
-0.709077
-0.0890678
0.854111
6.69324
-0.95431
-17.5349
-1.58655
3.09369
-1.49807
1.21417
0.227371
0.177874
0.590606
-1.14024
1.18144
0.162962
4.6552
1.03781
0.611027
1.35621
0.62353
-0.538005
-0.737157
-0.654017
-1.40202
-3.30842
0.531582
-3.35143
-3.78348
1.0423
1.20246
-2.60197
0.376947
-4.64136
0.654511
2.76273
-1.14825
0.25321
0.23866
-0.206768
-0.251957
0.271409
0.221093
-0.664651
-0.278786
-3.10503
-8.79301
-2.91493
1.23993
-0.065616
0.504747
10.6366
-13.8611
0.233778
-27.1228
-0.483788
-0.213526
-1.52054
1.33129
-3.65929
2.38186
0.156676
-0.210439
-5.93444
3.20399
166.294
1.29764
0.381431
2.59851
0.291876
-0.200278
1.5411
-12.0568
-0.362913
0.342215
0.0191499
0.67483
4.74892
-1.19488
-3.28772
0.245123
-0.386001
-5.19142
-6.40229
0.212729
-2.04545
-0.223368
-0.413412
5.83641
-1.22781
-2.86521
0.452162
-0.362002
-0.0635978
0.0605233
0.278961
0.307599
2.75321
0.447214
-1.11761
0.0890555
0.400185
1.15229
-1.85774
6.92654
0.0979617
-16.6228
-0.910831
-1.1741
-40.4915
0.852563
-9.63994
-0.0885677
-2.07753
-1.12781
0.0693788
5.54716
-7.68201
0.66194
-1.26533
-25.4346
0.225246
0.678378
-0.404964
-0.869807
-2.18566
1.61507
1.24785
0.651943
-0.0739965
-0.304283
-2.8325
0.47947
0.46516
-4.00182
-0.385555
0.976248
-0.412926
3.49903
-1.04228
2.18816
-0.797252
1.65449
3.30714
0.498343
1.73345
-0.40051
0.355678
9.91783
0.361704
0.907659
-0.0723454
-0.0217391
-0.423787
-0.811996
-0.278181
-1.3643
0.17663
4.70208
0.200009
0.00515994
-0.276885
0.202049
0.469981
1.3466
-1.40656
0.77813
0.713495
-0.254689
-31.9803
1.17059
0.434502
-8.87641
-3.64044
-0.131304
1.82392
0.526281
4.89033
0.175602
0.756525
-5.19502
-0.597205
-0.157332
-3.0767
-0.142566
7.62785
0.667188
2.17435
-0.594137
6.71809
-0.730956
2.29537
1.99164
1.18501
3.40061
-0.276972
-32.2551
18.4331
0.193221
56.2023
3.16655
-11.4791
-1.44866
-0.500965
-1.2303
-2.20227
-0.58304
-0.769482
-312.803
-0.0547764
0.739026
-0.0500684
13.0739
-6.57774
-0.414448
-0.712159
1.36117
0.643631
0.310429
0.0550979
31.0108
0.372176
1.11637
2.31169
-24.0131
-2.91559
-0.600275
0.401962
0.575978
4.19745
0.430714
-3.08359
-0.980469
5.65968
1.60764
0.173551
-0.0682439
0.677498
0.880264
-0.0321616
-0.271158
1.5435
2.08394
-1.15593
0.356443
-0.0701867
-0.704761
-0.406874
-1.82624
2.83617
-0.222817
-1.12704
0.788151
0.0834041
-0.411528
-1.23325
-0.783716
-1.32956
0.568239
-77.4856
0.970159
3.15782
-1.27962
-1.85645
3.19259
0.657888
0.961708
0.09398
-0.566615
-0.850546
0.0643553
-1.57348
-0.799981
-0.775487
1.44567
-0.963914
1.79914
0.289253
0.698652
1.29662
0.360544
-2.29739
4.23068
-0.230578
-0.0861772
-5.32145
1.86877
-1.10351
0.373589
-1.86144
-1.26876
0.82838
3.90444
8.36387
2.71838
0.0290422
-2.94534
7.04631
0.3846
1.32055
-0.469762
0.469648
0.361135
-3.42397
-2.43509
0.0700728
-0.218123
-0.135491
6.29942
-0.53542
9.56953
7.31593
-2.77137
0.117392
-0.413807
0.149574
4.27495
0.216162
0.725692
0.0586211
-8.76496
-10.886
0.655322
5.96091
-0.0511969
0.319558
10.5676
0.359076
-4.14966
-0.696122
0.501925
-0.508777
0.729349
-0.502904
-0.319972
-0.722436
-3.39424
0.841152
-14.4955
-15.7108
-0.743837
26.4592
-0.553025
1.60776
-0.226705
-2.54102
-0.521393
-1.65277
-0.837952
0.707802
1.50983
-0.0494923
-3.38827
-0.697529
-1.44732
0.958825
0.105697
0.587302
1.21742
-0.341526
-5.51885
1.09463
-24.2474
0.0531389
-23.6834
-3.14243
0.614894
0.235864
1.55293
1.17273
1.79237
0.0446529
5.03507
-4.0232
98.7995
3.36241
1.6368
1.40014
-18.3519
1.66716
3.82129
2.16138
1.82269
-0.153944
-1.27019
23.7995
0.418064
1.15224
0.0231132
0.882768
-0.790846
-1.48816
-0.461198
0.401491
0.845847
0.203377
1.98138
0.539738
-2.76624
-1.83263
-2.50463
-0.94465
-4.37106
0.343493
1.28313
0.850294
2.73491
-51.6991
-4.08926
-2.57929
-3.96289
-0.692429
0.128374
-0.316145
-0.0991551
-12.4274
-0.501707
-0.878308
1.647
0.436147
0.544651
0.324153
-8.34065
11.7845
0.614494
-0.665626
-10.5398
-3.27991
0.0194253
23.3838
2.80881
0.238171
-0.0307608
0.300535
2.39814
-3.26236
0.505144
0.249977
-0.856098
0.0970359
0.434266
-0.602918
0.131593
-1.05342
-3.32012
0.0248262
0.0906053
1.76497
-31.4425
0.184074
-6.603
0.155456
3.42876
-0.369772
1.33311
-0.324772
-0.605061
0.127568
-0.272799
-23.4176
0.521847
0.0974566
-1.35427
-0.00655687
-0.0582838
-0.649339
-0.690411
7.74058
-0.967069
0.950174
0.0607562
1.23628
-4.02331
2.15131
-3.29968
0.382612
-0.0197658
1.9291
7.03603
-1.72136
0.355116
-2.53217
-1.25524
-4.37956
-0.916716
-0.726475
12.3504
1.13941
-0.934802
3.34539
-0.700074
-1.15934
8.11637
-0.936001
0.40529
0.675036
0.0334622
-1.07603
-0.627785
0.669103
0.225448
0.631491
0.0815234
-0.405046
1.23082
-4.72293
-4.75278
-1.45336
12.2788
-2.93671
0.596211
0.287293
0.610991
1.00321
-1.42011
0.480168
-0.589446
0.651758
-0.518342
-0.0619065
-0.146471
-0.251535
0.895105
0.696947
-7.04106
6.91937
1.65676
0.385429
-1.14418
-1.90164
401.54
0.236285
-1.28864
0.173742
-0.208925
-0.540227
-0.559181
-27.0199
-0.396766
-0.155951
-1.03905
-0.0997174
-1.81722
-2.91166
-0.509273
-0.613599
-0.671672
0.12289
0.370024
-0.213645
-3.57676
0.559717
4.83267
3.72129
0.55265
-0.617805
0.970675
1.26598
5.04261
-4.77752
2.39985
-0.00475501
-3.86145
0.687468
0.0726559
0.0530833
1.35094
-0.0623116
1.30834
0.545049
0.652398
-0.0661076
0.302744
-0.621541
2.9501
-0.447628
0.528071
-4.28953
0.705605
-2.85962
0.23657
-1.22619
-5.73949
0.187268
-0.684414
-1.25382
-46.2542
-4.85974
0.998206
0.721481
-7.14778
-6.7018
-9.95291
2.17591
-0.773113
-0.91735
-0.162452
-3.28435
-4.07897
-0.581834
2.15123
1.07018
-0.967786
-1.48592
0.432247
1.01517
2.77747
-0.331371
-0.501495
-1.50182
2.3501
1.047
3.90821
-0.0915865
-1.35867
1.5461
1.37158
3.35983
-0.615136
-0.527696
0.343508
0.843229
6.46769
-2.30053
2.11217
3.43481
0.429416
0.942407
-4.30394
0.300171
-1.34449
-0.211219
1.49739
-0.957859
4.59711
-5.16068
-0.173266
-1.59907
-0.562826
1.03629
0.483258
5.69255
-0.767003
4.34217
-11.3093
0.81731
-4.28598
1.74008
-0.127096
1.39589
0.902423
0.0890158
0.904042
7.86688
12.0854
-0.234079
-0.466901
-0.39286
0.600546
-0.0320596
-2.50589
0.280712
1.19466
-2.92251
-0.180008
0.440488
-1.06414
0.245148
1.08405
-0.228153
0.253789
11.4938
0.185701
0.242473
-2.95875
-1.00537
1.92522
-1.08501
-1.68062
13.5061
0.538393
0.886487
-1.34982
0.605321
0.397936
1.3398
0.0483021
0.18687
4.9386
0.948006
3.58176
-1.28537
-9.19958
0.811486
-0.390101
-2.01549
0.582113
2.21086
0.79673
-6.14307
4.26994
-32.5319
3.62419
0.402686
28.7631
0.455822
0.696738
-17.128
0.858638
0.204358
-0.574123
25.6573
0.577476
0.563265
-1.19764
-4.79751
0.430335
-0.100031
2.37129
0.11615
-2.19309
0.900513
1.03892
0.567663
0.237037
79.0183
0.462308
1.92523
-0.430733
-1.59552
0.790868
0.334931
0.921629
-0.743926
3.06379
-0.46567
-0.633022
-0.580867
0.0271758
-0.837184
0.781799
4.73076
0.415611
1.83748
6.52558
0.338391
1.01706
1.03151
-0.0398639
-71.4228
-1.38797
2.989
-0.113533
-0.825527
-0.116028
0.719166
0.528343
0.684423
-0.603495
0.84232
4.27511
0.829714
0.675157
0.183691
-0.707574
-0.0389378
2.5807
0.61297
2.2207
0.355321
-0.999756
0.240545
-0.338043
-0.221203
-3.46058
-0.246643
-1.44396
0.633908
-1.05371
4.51462
1.39495
0.378895
8.04773
-0.661178
2.61306
-0.540754
0.0455301
-1.0975
-2.75554
-0.89151
-4.07496
-0.77676
-0.0912057
-0.358878
0.474513
-0.858672
0.313065
-0.181629
-6.64661
0.110533
0.0361761
0.740391
-2.50188
1.75185
-0.310548
-1.25385
-9.91703
-0.750907
-3.99379
-5.31336
4.54237
0.225292
-0.562096
7.85297
-0.688888
5.30029
1.24076
-1.59705
0.0230869
0.771175
0.552909
0.907556
-2.05297
-0.359968
-0.0241207
-0.586511
-2.24283
-0.544936
0.566172
-0.68528
-20.3912
-0.264944
1.94235
-3.06838
0.841991
5.4849
2.993
1.56939
1.3825
-0.0891609
-0.13725
-0.176631
0.693196
-1.13878
-0.788927
-0.000211633
1.39377
0.0290434
1.5975
0.259092
-4.63684
-1.93202
-0.627902
-2.14359
-2.08791
0.223124
-0.766831
-2.06479
-3.42262
0.0444089
1.15313
3.23754
-0.540884
0.333063
-3.34182
3.02264
9.64716
8.05777
-0.317692
0.801881
-0.317214
2.14978
-0.703505
0.745152
13.8705
-0.255363
0.998197
-0.0789336
1.92229
-0.22486
14.855
-1.3193
0.525764
1.87414
0.618875
-0.0850952
0.634489
0.870953
0.892496
0.784696
-0.98324
-43.0204
0.448075
-2.40974
-1.11956
0.676334
-2.99253
-1.16467
-4.81629
-2.69445
1.05699
-0.3767
-0.192153
0.938431
18.5788
-0.442655
-0.603145
0.0812215
3.22201
-0.369966
-0.241874
-4.0827
-2.73099
-0.718598
-0.233433
0.608932
-3.50278
0.0126377
0.407036
-11.8119
-0.771725
0.653705
7.9897
2.23698
-1.16325
-0.657119
1.18289
3.87987
-0.801397
0.427627
-1.4845
-0.620199
1.37913
0.27995
-0.305489
-6.96284
0.0185253
1.08314
2.26731
0.296171
-0.349437
0.56346
-8.44836
1.41925
-5.81209
0.577425
2.80921
-0.039991
-2.00371
1.64595
-1.88942
-1.00784
0.960572
-0.751393
61.5797
-2.93006
-0.839765
0.179936
4.47501
-2.99237
5.47097
0.63595
-0.192768
1.34758
-0.0182178
1.19267
2.76552
0.32448
0.757379
-8.92173
27.6769
0.552185
-0.299741
-0.212074
1.4933
-3.33397
-1.24272
-0.549189
-0.912109
0.677445
3.47511
1.75795
0.683583
-4.03037
-0.44822
-0.590987
0.0942944
-1.64598
-0.731071
-0.456816
2.38309
-0.0511491
-0.0392878
0.0579798
-0.58984
0.113977
6.93085
0.701261
-0.21871
-2.68532
0.64077
-3.12479
-0.265868
0.541958
-0.817429
4.08698
-24.8704
-0.433995
-1.06224
0.684539
0.137294
-0.326495
2.85364
-1.83508
-0.240863
-0.754746
0.587011
1.89367
1.0344
0.0745795
0.0400255
0.484156
-0.575816
-2.83349
-2.19903
-0.140247
9.20871
-0.846135
0.00338019
2.78362
2.31449
0.268965
-2.05115
-0.15944
-1.03801
0.226747
4.25042
-0.858965
1.69848
2.45039
1.09937
-2.58635
-1.03892
-2.73397
-0.120647
0.435424
-2.51294
1.20704
0.321031
0.119365
2.39578
2.02847
-2.72113
1.05385
84.9618
1.47343
-4.02231
0.784416
-4.56046
-3.29421
2.34638
-0.61976
-1.74922
-0.213202
35.3271
-12.2254
2.0994
0.283869
3.09535
2.95066
0.31925
-2.101
1.72996
1.29232
-2.64224
5.95501
-0.0808259
-22.7409
-8.8954
-0.774975
0.606906
1.69614
0.735385
0.0500181
-22.0119
1.54879
-1.48055
0.173332
-1.42329
-0.517876
0.12743
-5.54734
0.29492
-1.17633
-2.15671
0.0972919
-0.154548
2.79971
-0.752656
1.23023
1.54264
5.07443
0.214393
0.462449
-0.810255
0.205974
0.377205
0.365422
-0.415684
1.24955
-18.9287
1.04278
-0.110079
1.94185
5.05978
-2.31026
0.345092
0.297463
0.383813
-0.52172
1.65208
0.717412
0.292484
21.6794
0.654703
1.33111
-0.941632
10.4504
0.731031
2.15812
0.58142
31.4041
0.304152
0.0709478
-41.9839
0.75413
0.523282
-0.0307467
2.41138
-0.215461
0.627684
0.401908
0.208606
-0.0505704
-2.16054
-0.831246
0.500967
-0.865288
1.37998
-6.3527
-0.315318
2.18235
-0.129762
-0.219243
3.0153
-0.285622
-2.6222
-0.348737
37.5816
-0.400289
4.60285
-0.627945
0.695656
3.11802
1.49298
-2.25944
-0.832133
0.0418119
0.0791117
3.02254
-1.97773
-1.57508
-3.13464
-0.668501
2.33716
0.621538
-0.152643
-0.324589
3.40023
-0.28841
0.204172
1.79044
0.272949
0.0203066
-4.03352
-2.11595
2.54632
-0.727024
0.261729
2.80745
-1.66943
0.110144
2.75175
2.84672
0.205958
-2.21911
-0.726319
-0.648401
0.842302
-0.0805006
-0.156217
-0.359756
1.06857
8.03107
0.294687
-1.49464
-3.14347
-0.0874004
-0.00211033
0.210135
3.54517
-46.5765
-0.0679806
-23.6606
-0.926886
-7.05411
-117.378
-0.241346
-1.28374
-0.283787
7.74487
12.6326
0.1265
-1.9916
-3.11139
-0.186426
10.253
-0.0553812
1.28252
0.131915
-1.46153
-76.2342
0.90891
0.168051
3.28369
339.718
-0.644942
0.27654
11.5889
-0.559152
1.98157
0.833832
0.0799346
1.4326
0.6353
0.293566
-0.207465
-0.305314
2.07858
0.862631
-0.812914
3.81117
0.40399
0.165494
-2.17555
2.21821
1.19964
-0.0745256
0.912404
-4.83364
13.7859
0.574484
3.87942
-0.506062
1.71417
-1.69688
-0.34237
0.402203
-1.97112
0.425137
3.34482
-1.42192
1.56747
0.70386
-0.143082
1.9154
0.459563
-0.22251
-0.202909
0.146211
-4.03751
-1.28895
8.10042
7.03274
1.7439
-3.77885
-0.927005
0.71925
0.791104
-0.620391
-0.362921
48.0442
-1.50256
8.4029
3.50467
-0.41951
2.2539
1.1161
1.43623
0.918258
-137.556
3.42758
1.1157
-0.00192992
-3.51322
0.56086
7.7362
0.467579
0.949162
-0.0280054
-0.0669127
0.340626
-0.604504
-0.0958502
0.436148
0.209525
3.19337
0.944357
-1.12328
0.710738
-0.0246462
1.01377
1.40976
-1.01855
-1.21194
-0.733482
-0.666425
-20.0906
0.764962
1.23149
2.1979
-2.83245
0.581682
0.495578
-0.462496
5.19102
1.527
5.12184
-0.180688
0.377383
-2.54399
-0.804171
0.34801
302.683
-11.3598
1.34547
77.0391
-1.47654
2.95117
1.29707
0.337748
0.256236
-1.25033
0.0783626
-1.06637
0.110505
0.422272
-0.684726
0.907992
0.986585
-1.60836
0.480525
0.0222603
-1.36117
-0.985847
2.34567
4.50067
-0.149606
0.652932
0.236684
-16.209
0.658257
-2.33382
0.828767
-1.737
0.420487
0.72124
-1.88024
-0.490509
1.03976
1.53744
-0.51453
-2.4826
1.08948
-0.715367
3.60058
-0.604921
1.33173
-17.7631
10.0256
4.84052
0.213088
0.503779
1.3784
-2.00238
1.307
-0.379648
-1.94128
-0.663423
0.490883
0.42333
0.557365
5.48936
-0.0154335
0.217545
0.296338
153.005
0.747778
4.01889
0.250345
1.25094
2.73127
-4.17118
0.185895
-0.0406019
1.25299
-2.03305
2.99989
1.90045
1.65886
-0.323599
22.3449
0.527376
0.519879
-2.52296
2.07744
1.01341
0.858546
0.453241
-0.671671
-1.1292
25.4034
0.762775
-0.468129
-2.5141
0.774927
-0.237072
-0.941372
-0.344263
-1.54867
2.01902
-0.978219
0.260058
-4.67269
-1.51863
0.193448
-8.8845
-4.44647
0.325971
-0.0927361
-0.352916
0.210014
0.0198236
4.08849
-1.51828
0.541816
4.37135
-0.230209
2.89925
19.7238
4.76427
-0.757343
-1.52362
0.410988
-0.167913
-0.867795
-0.30635
-0.549762
-3.99997
-1.02416
-3.97989
-16.9149
3.65507
1.87445
-0.704029
1.54641
1.39373
-0.126794
-5.27274
0.736953
0.263478
2.78285
-1.92581
-0.53995
-0.426275
5.10292
0.752724
-0.230803
0.683042
0.302127
0.192716
-0.0452534
0.826383
-6.19693
-1.93705
-0.705451
3.41444
-3.24261
-0.195426
-0.0680391
-1.59128
0.528328
-0.246626
-0.821443
0.236799
-6.80709
-0.444436
1.38105
-0.293803
1.07908
-0.0253166
0.576045
-54.4655
0.861562
-0.806567
-0.803539
1.26991
0.348959
-0.725052
-1.42906
-0.124686
0.26382
0.242105
0.406379
1.3997
-1.47184
-0.135381
1.8299
0.586964
-131.71
1.09253
35.0685
-0.221239
18.9251
0.35657
-78.4921
-0.894772
0.61049
0.410901
-13.1504
3.12246
0.249498
0.721533
0.0353698
-1.75361
0.703073
2.10104
-1.20522
0.278461
-0.454355
-0.401972
-0.316586
3.88497
0.168021
-4.27863
0.779235
1.19803
-0.814815
-121.457
1.0107
7.00887
-0.21891
0.485224
-1.13461
0.121047
2.04204
-2.83887
0.1841
-5.07246
-2.46886
0.177141
0.244528
5.98871
3.7699
1.63477
-2.61061
-2.66482
-1.97153
1.81137
1.39439
0.945443
0.668295
-0.346651
2.87634
0.05756
4.07873
-10.1958
3.19098
0.0752626
1.8411
-1.69791
55.2255
1.04049
0.0548181
2.89045
0.636501
0.847366
1.78738
7.48297
-4.31227
-2.30075
-0.818893
96.1295
2.42736
-3.38925
-34.8192
2.60083
-0.188417
-4.06344
3.94499
2.1317
-0.906384
-0.411
-0.185231
5.00183
-0.0102672
1.27567
-0.344053
-45.5695
-0.135692
1.47392
-2.57627
-1.33862
1.17527
-3.34227
-2.80906
2.95495
1.00418
-1.08652
-2.10868
-1.01881
-0.151569
-2.79841
-0.12023
0.655631
1.12606
1.8742
2.02489
-0.0747243
0.327352
-17.8956
-0.971353
0.422028
0.394414
-5.81489
0.386631
1.43159
-0.641876
3.20379
-0.783367
-3.00538
4.80866
3.70921
0.210606
-0.105796
0.16506
-0.872185
-3.68195
1.35924
0.92507
-0.461579
-16.6929
-2.49162
1.70306
-5.41894
-0.951069
-1.32497
-0.345765
-1.53899
1.91987
-0.398213
-1.92961
0.449704
-0.158123
4.20254
-0.793484
-0.12631
-7.68235
-9.50107
4.46598
-2.34179
-0.164962
20.1624
-0.959065
-0.892093
-2.70966
0.419512
1.21425
-7.9243
-2.05321
2.76921
0.670307
0.154817
-4.00305
-0.227578
-0.00549418
0.800159
-0.716415
23.7932
76.2781
-52.703
0.802844
1.87665
1.23336
-1.93698
0.972967
1.35516
-283.417
0.328847
-0.139494
0.972377
-6.333
1.1154
-1.34362
5.41179
-0.232454
14.5696
-2.36416
0.709552
-1.69796
-5.67636
-0.234572
-1.32072
-0.659309
-0.777205
0.653127
-1.48895
-1.56399
6.01281
-1.27974
-0.0232888
-0.386089
2.78463
0.17034
2.31446
0.0369964
0.836696
2.28042
6.10425
3.00426
1.27913
1.75705
-1.85195
0.58697
0.632729
-0.674124
-2.30117
-1.23309
3.42967
1.25565
2.18233
3.37802
0.374723
0.611704
-0.0492228
1.61733
-0.00157093
1.45152
4.36929
-5.86424
0.0275875
-0.251225
1.73101
90.7523
0.209675
-4.92706
0.368665
-1.27015
-6.96437
3.63892
3.46049
26.5944
1.26349
-0.452478
1.95766
-0.37321
-3.3944
-1.86068
-5.46215
1.01409
-5.01732
0.70283
-4.01813
-0.489
-0.360428
1.10741
-1.72532
-4.30345
-0.383408
-0.633383
2.22361
0.177038
-3.65172
-0.598423
-0.782009
46.5577
0.098561
-2.40871
-0.227923
-4.76649
-1.124
0.597735
0.435421
3.53025
-0.560208
-0.723873
1.59102
5.54908
-0.997218
-4.3802
3.42954
0.698799
29.0238
-0.593309
0.45714
1.62008
11.519
-1.1819
1.66175
0.443171
0.408748
2.93677
1.39709
0.394864
-0.600393
5.656
-1.93308
1.65403
0.837501
0.188131
-2.97687
-3.17192
0.985326
3.18587
-0.274515
0.855691
0.713515
-5.9576
-2.334
-0.288373
17.5521
-0.20656
-2.70038
6.7596
-2.75186
-1.06211
-2.07062
-0.925921
0.700489
-1.55164
0.338539
-2.1109
2.79837
-0.728468
0.719437
0.8407
-1.77782
-0.167878
-1.87974
0.396298
0.449589
-0.0753756
1.28272
-5.08937
0.635457
1.78966
5.40669
2.194
0.22713
-0.773953
1.27854
0.783064
-0.67758
0.755216
-5.28536
1.18757
-0.0682274
-0.654806
-4.72274
1.43801
-0.600354
0.393291
0.164128
-1.31458
0.132911
-2.06298
0.6182
-0.155717
0.0205793
-0.281875
0.332765
-0.856685
-2.58221
0.0518326
0.859213
-0.752075
0.837328
3.23861
-0.0398743
-0.937362
-0.0750386
2.44341
4.35856
0.632444
25.8362
-1.99826
-1.12348
0.396257
0.563484
122.542
1.7794
-0.419146
0.669573
0.419865
2.5518
-0.976773
3.24396
-2.50099
-3.16046
2.73211
5.66557
-1.94177
0.0173496
-1.08578
1.46483
-11.7208
-0.987574
-3.00125
-1.28321
-55.8567
-1107.11
-7.17449
1.46695
-0.129816
1.86738
-2.34518
4.73644
0.193301
0.635874
-0.206223
0.27093
1.6118
0.253448
0.480229
-0.33854
-1.269
-27.6207
-2.215
3.27161
1.34079
0.138115
0.570806
1.74409
0.109254
2.37893
0.430852
2.08992
-0.0602178
2.41875
-0.413142
-0.195567
0.0862781
-0.283492
-43.1034
-0.747441
2.45448
-0.379585
1.78124
-2.23758
-0.400145
0.350765
2.5752
0.126703
-0.959941
1.07718
-0.698727
-0.364191
-5.93974
-0.566562
-0.0417295
0.198999
2.0505
-3.03397
12.6089
1.8884
-0.863976
0.312207
-0.340032
-1.40318
-3.7708
0.260977
0.535853
-0.00148734
3.77772
-0.147032
9.18932
-0.0223424
0.685176
0.282346
-0.490504
1.66328
-0.587199
0.683386
-3.73137
-0.0348696
-2.36077
1.07811
1.01719
25.9838
-0.989935
2.5472
36.5098
0.734514
-1.14096
-4.8776
-3.36018
-17.1869
0.147846
4.22189
-0.518403
0.645899
-0.800381
-3.35372
6.59608
-0.255877
0.653487
2.38095
0.805571
-0.204167
4.15261
3.04172
-0.0105531
1.48013
-2.5483
-3.36499
0.12553
2.84897
-0.590482
-6.43852
0.806395
0.19038
-0.385317
0.42082
-8.29129
0.240165
0.326925
-1.78039
1.42506
-2.01458
0.746112
-0.420992
1.93541
-1.22471
-2.77223
1.23503
-0.775243
3.47132
-30.2874
7.23115
0.230351
0.688542
0.668298
0.114227
-8.23282
0.533443
-2.04506
5.80705
-1.56578
-1.59877
1.0914
-2.8202
-0.549527
-0.712851
1.60127
-0.0334805
-0.841746
-6.27867
-0.100906
-0.651022
0.701757
-0.186221
0.393278
-1.00444
-0.0726325
1.3217
-2.18198
-5.56993
0.113696
-0.327109
0.683812
-2.48223
0.189117
-0.431756
-1.27882
-2.97017
-0.978707
1.89571
-0.0308351
0.19694
0.497633
-0.647937
-4.64189
-1.80599
-0.954634
-0.0297244
-2.57562
2.30356
0.240702
22.7572
-0.947892
3.42514
-23.023
0.516909
0.196639
-0.316357
-0.409312
-1.15953
-0.0773178
0.828836
11.427
-1.72487
0.812111
-0.10161
-0.8696
6.02584
-1.56866
2.0709
9.33113
-0.721467
-0.18055
-0.186231
-0.449184
1.71796
3.09516
-2.88337
8.24313
-3.0658
5.29697
-1.24301
1.05892
-4.73918
-3.40386
-1.03056
0.480076
-0.00939356
2.76392
4.01338
-1.82423
-1.08398
0.99548
33.7896
1.02241
1.54391
-0.684393
1.38482
1.15993
0.197166
0.541737
-1.27291
1.10797
0.914023
-4.22129
-1.10544
-4.33927
0.37157
0.361304
0.438337
2.22517
0.0455648
0.24885
-0.0888541
2.42374
1.52925
-1.94317
0.316796
2.07049
-4.22394
1.30259
0.215684
-1.16952
1.53598
1.9065
2.04649
-0.220209
-73.3165
0.472798
-3.2479
0.222271
-0.0269613
0.278851
-5.85352
4.52355
-15.9143
-1.55713
2.47103
2.37385
-45.8964
0.526811
1.8606
-0.221684
0.301864
0.295315
0.735188
9.18863
0.18543
0.56475
-0.0608116
13.4268
-1.47282
0.63124
-2.28966
0.0607024
0.496232
-1.91551
-0.573798
-0.424853
-20.3684
4.98852
-2.94575
-0.590055
2.5988
1.0188
0.64317
-0.990405
378.958
2.24948
0.40253
-0.326079
0.710721
-22.414
-1.78619
5.42547
19.2919
-0.395242
0.93709
1.05594
5.13853
17.8018
-1.03239
-1.58535
-0.0172861
0.0337231
-0.688291
-0.785098
16.4412
-2.10461
0.95239
-0.387188
1.98861
17.1268
-0.765597
-1.12814
-1.54005
-0.466904
-2.20603
1.42314
-0.161073
-0.268163
-2.81589
0.533767
-0.265464
55.9056
-2.25017
7.69521
0.296441
-1.46732
0.914376
0.147255
-3.8629
36.789
21.1961
-0.878428
2.30874
-1.51487
1.30927
-1.76365
-1.6781
3.23835
-7.74641
-0.500649
-0.313566
2.05259
-0.484851
5.06245
-0.885433
-61.5888
-0.0716854
0.135679
1.00952
-0.362055
0.196418
-1.60493
1.52617
-0.146392
5.38677
0.314221
1.01131
-0.267262
2.03576
0.377625
1.65707
0.65128
-0.135191
-1.21505
4.13268
-4.16437
-2.25509
0.00145352
0.27423
-0.564141
0.05071
-0.761085
0.494681
0.982883
0.348386
-2.65409
-0.66471
-0.0812568
2.06328
-0.396352
6.53729
0.414182
0.0718245
0.87978
2.08367
-0.27016
-0.968237
-0.770799
-16.383
14.4137
-1.89648
0.887713
-2.37803
-27.1199
-0.268122
-0.0202476
-0.112437
-1.2691
-0.149479
1.20256
-3.41623
-2.44616
2.83044
2.50982
-0.114989
-0.0162316
-0.0592542
30.7064
1.94216
1.44997
4.36906
-2.7587
1.20422
-4.30481
-2.76007
-0.822298
0.0800612
-5.44446
0.145131
3.01449
-1.0137
-1.75556
3.81691
-1.07365
0.00815792
0.486967
0.964657
1.70404
-3.10513
0.780116
-1.41643
-1.52053
3.57544
-0.870638
-0.0489097
-0.187869
-0.19709
-0.0309749
-8.16658
13.6526
-17.3008
0.786971
0.960604
1.87711
3.75919
1.70006
-0.677348
2.5711
-1.45602
0.229006
-0.170046
2.01771
2.84816
0.693744
0.272399
2.8391
0.0771234
-0.980706
0.778146
-2.15743
2.17986
0.474857
-1.37476
-0.310468
1.83337
-0.499293
1.26751
-6.10074
-0.0394255
-4.70241
-0.854455
0.624882
0.234293
0.109306
-0.766271
1.42767
0.333406
4.33224
-2.19484
1.43854
0.923098
15.4201
-6.7806
-0.0168395
0.626046
-1.15203
-15.2362
86.5645
2.913
-1.40628
-0.902335
-7.22154
-0.437362
-1.34426
7.35329
-1.41582
-4.45394
3.44139
0.591316
-0.611069
-1.1933
-1.53065
-0.873694
-2.17282
0.936428
3.5651
1.88414
-0.328419
-1.45495
-1.05468
0.00165868
1.2154
1.62383
0.694594
0.265695
-0.833342
-0.124843
-0.107379
13.1238
-0.90739
5.08792
0.272263
1.63026
0.194194
0.205551
0.532649
-12.8108
-0.284951
0.511739
-0.335869
4.74718
-1.74914
8.14335
0.247438
0.0301936
-1.50048
0.672434
0.276993
0.464019
0.0809322
0.0689257
-0.448911
0.398358
-4.56647
-0.885749
0.197167
-0.132947
-0.954123
2.70912
1.09588
0.423351
1.59778
-1.9569
16.9094
-0.815406
4.17263
1.24105
75.4781
-1356.6
-0.0964248
3.9262
0.995006
-2.60852
28.7546
5.85639
-3.95163
314.496
-1.7587
2.3738
-2.43109
-15.7962
0.379004
0.151139
-1.47278
-0.177712
-0.971096
0.987595
11.499
0.661853
-0.0334048
2.72323
0.986334
1.92093
0.830197
-0.689548
2.6159
7.38422
0.174776
1.04169
-0.370486
-1.74536
2.05322
0.429846
-1.35851
-10.6237
-1.09499
-1.14682
1.39696
0.424496
9.90746
4.0318
0.0967136
-0.400151
-0.29788
-0.72045
-0.221411
-0.592468
-4.54738
0.668777
-0.503029
-0.26043
1.24469
1.39233
3.84079
0.788643
-0.210271
0.531558
31.7475
0.905643
4.2618
-0.507055
-2.51457
0.232225
-0.0344054
-3.47693
-1.18882
1.71217
1.3589
0.063192
-1.63342
3.80211
2.89381
1.2549
-3.12783
1.04488
3.54177
1.39412
4.6378
0.555503
-1.47008
100.178
-0.0550186
1.2639
2.71503
-4.457
84.1131
-0.790149
-3.81854
2.34087
0.378556
1.65624
13.7493
-1.1061
0.679798
-0.902247
4.99841
2.97659
1.59738
0.103301
-0.0259474
-2.13374
-1.39451
0.0211124
0.108628
-1.28017
-0.616101
2.01258
-0.477552
1.30771
-0.0403384
1.88633
-0.305253
-6.16102
0.0684484
0.793309
11.0557
1.56901
-0.41325
6.7557
-0.933526
-0.0165559
-0.917218
1.18082
7.03806
-6.83928
4.26256
-0.409874
8.48883
-3.91066
1.40668
-0.497423
7.73826
0.373808
-14.1856
1.17491
0.138158
0.327815
-0.936522
0.413514
0.683185
11.1582
-1.99706
0.362263
0.873578
2.02577
-0.0195157
-0.796365
-6.2102
1.20396
0.229147
117.427
-6.98636
-0.658506
0.311344
0.638561
-0.164727
-0.453141
-28.0749
0.172106
3.12682
0.185261
-2.60177
8.65727
3.53126
-2.65296
-0.0578998
-4.41364
0.134195
0.567492
0.870869
-3.27595
1.79369
-0.861104
1.59118
-0.0223545
-0.419316
-0.351689
-51.0408
-0.989314
-8.28632
-0.70074
0.914544
-0.0162347
-0.260006
-1.93165
-1.17289
-0.994226
0.0980313
-3.0386
-0.400312
0.363812
-2.11673
-3.20734
-1.40017
-0.388721
-1.76549
-0.202263
-0.499263
0.779629
0.120884
0.0240144
-0.905887
0.896393
0.843482
0.575614
-0.319366
-0.646636
-0.123081
-0.3612
0.963384
2.43502
1.21005
-0.240298
2.38719
1.04698
1.13006
0.653077
-1.65715
4.00492
0.459067
0.756208
2.79743
-1.13653
-87.2257
-0.0484859
0.109047
0.86415
-0.29022
-19.6731
1.01391
9.0938
0.736301
-1.6685
6.783
-1.61329
-0.0204553
-0.0707743
0.154262
2.55807
1.04703
0.120917
-0.171097
-1.487
0.408772
-0.696457
2.37316
0.341134
-0.477419
-0.507562
-52.9206
-2.6508
0.946558
3.58698
-1.42486
0.660842
-3.63925
-2.04649
1.86658
0.846429
2.67221
0.363528
-1.74419
2.37113
-0.425408
-2.28119
0.79906
-1.32998
-0.412865
0.580287
-5.20288
-0.558837
-1.12476
0.348057
-7.56605
3.44004
2.19329
0.67188
-0.273659
0.588319
1.29983
-1.6585
-1.72068
7.29157
-0.197897
-0.498787
-2.80434
1.00271
3.0168
0.994545
0.638088
4.16301
3.25527
5.6778
-0.543232
0.422507
-0.653844
51.31
-0.864328
-2.788
-2.82599
-0.101325
37.8947
-3.02369
4.40175
-1.99256
0.131762
0.77358
-1.07939
1.45033
-0.643553
1.65693
-2.9694
13.1576
12.9812
-0.0354999
-0.483727
19.2369
-14.4055
-0.789872
0.752924
0.134619
0.47133
187.488
-1.40341
-1.05438
-0.442015
-0.0667026
0.222104
2.06396
0.148243
0.290859
0.394905
8.53401
0.171949
1.35395
-0.397404
-1.77365
1.20475
-0.342957
-5.7535
1.48305
-0.504133
-2.78963
2.23473
0.472788
0.177981
-2.23507
0.0643497
-0.0418474
-0.0130519
0.262906
4.1734
0.859756
0.508949
-0.333918
-2.1062
-0.945018
0.468852
0.118157
0.169663
3.38394
0.211594
-0.570396
0.229767
0.716475
-4.02363
-0.985693
4.18132
2.52217
0.283528
1.03049
0.506602
-12.4332
1.59101
0.363944
2.24702
-7.26892
-0.0674061
-0.628709
0.33287
-1.18773
0.545722
-0.0533892
0.473746
-0.778028
1.47399
1.08417
-2.13789
2.70473
-0.539544
0.0115833
0.963651
3.02131
-0.699132
1.69967
0.892312
1.76936
4.66658
-0.975727
-0.342259
67.9478
-0.0154835
-3.08212
-0.129273
-4.7073
0.477747
11.9909
-6.99557
-1.04623
0.186315
-0.330981
-0.157441
0.273462
1.04067
-0.504494
0.510761
-2.65861
-0.11825
6.20058
2.5834
4.0115
-0.160736
0.220693
-0.47493
-21.517
1.87822
-4.55432
0.17298
0.650817
-1.57104
-0.742721
0.738092
0.693217
0.772505
1.69707
3.12461
0.813844
-0.918137
-0.922043
-6.23335
0.676259
0.0294021
-3.83265
0.137484
0.0752524
-0.172535
-1.3697
0.100559
-0.110921
2.13422
-26.3398
-43.1712
1.09911
0.475082
1.99379
20.3052
-13.1021
1.29799
0.564803
2.12041
-0.0523058
2.32351
2.21864
0.662994
0.870003
4.80234
0.458807
-10.0704
1.60396
1.63635
9.37608
-0.732203
3.68292
0.587531
-0.0958452
-1.0955
1.28268
-0.18551
-0.726076
-1.54592
-0.799422
1.44395
0.352776
-0.439276
-0.262031
1.62814
0.343939
-1.24726
-0.606303
-1.7629
1.55725
0.633111
-0.180619
-0.0253192
-5.101
11.7529
0.60976
-0.951792
0.0479463
1.07063
-0.793322
-0.477762
-0.190757
2.32289
-0.382479
0.621331
0.818813
-0.303133
-0.493311
-0.137267
-8.33816
0.416782
-0.13348
4.79518
-2.22987
0.764399
1.15783
0.435439
-0.85307
1.26338
-0.366254
2333.22
9.48146
0.220561
0.00187074
-2.45167
1.26587
-0.236092
0.219787
1.00387
-0.957205
0.383712
-1.31726
-0.300298
-0.0366259
67.3683
-3.92277
-0.554796
1.19543
-0.296028
-0.664087
0.0450749
-1.22824
-2.51906
0.897519
5.82257
1.04286
0.72778
4.74807
-1.66923
-0.228424
1.89467
5.952
-0.491277
-0.302405
-1.68797
-0.666234
0.843839
-11.247
-0.892138
-0.49183
1.86494
-0.538713
-0.142965
-1.69315
-4.64748
4.39041
-6.64347
18.2457
0.353513
-0.248374
2.70453
-6.90236
0.0324658
1.11954
-0.933948
-0.325831
-1.63109
-0.851621
1.58985
-0.21004
-0.401314
2.43104
2.49351
1.07128
0.712922
22.6349
0.508015
-0.413222
0.244153
3.94179
-7.01204
0.277615
0.669902
-1.23726
1.90297
0.74994
-8.1982
-0.395538
-0.299058
-2.91624
-11.6437
0.283246
1.03924
3.30549
-7.93361
-0.644492
-1.74745
0.711578
0.0349151
6.80579
-0.746203
0.226644
8.16958
0.373677
2.03865
2.1408
-0.54765
7.81162
1.019
0.629331
0.437982
4.68575
0.716892
-0.117435
1.26511
-2.74608
2.66861
-0.521251
0.104991
-0.211255
0.634417
-17.1862
0.543277
-187.308
-2.4957
1.69126
2.56666
-0.285677
0.99249
-0.837207
-0.196297
-0.424016
-0.5752
-0.759277
-5.14015
-0.133632
2.24189
1.75869
-2.33486
2.43691
-1.28016
-1.88477
-0.505211
0.485034
2.3923
0.00175207
0.447559
0.710179
-4.29038
-1.07938
-0.541193
-0.788095
-1.40091
0.634344
0.402512
-1.25429
-0.444305
-3.40531
-19.2742
-3.1183
-0.0398271
2.09009
50.5447
1.08201
23.0187
0.213741
-3.05492
-3.06907
4.8858
0.155804
0.144291
-0.73567
-3.85629
1.3119
-0.384176
-3.8717
-16.4221
2.98243
-1.1238
0.282701
0.567581
0.398713
-21.5976
-0.27377
-1.46005
-1.57137
-1.73604
-1.86801
-1.64062
3.01093
6.82891
-0.299933
-14.7155
-0.807792
-1.55663
2.9159
-0.246966
-1.67905
0.773241
1.14414
7.14772
105.132
-0.370735
-0.970321
-0.333294
0.431312
-0.384193
-117.922
-0.996995
1.12313
-0.433537
-0.456208
-3.68694
1.87689
-0.789463
0.14517
-0.336536
1.30727
0.0450198
-1.48391
0.395771
0.260595
-1.67659
0.828184
-3.27397
0.621253
-0.238521
1.28055
0.82659
-0.00905423
-1.13582
3.39283
-0.753608
-0.0375034
1.14003
-0.160228
-17.4626
-0.00984918
-2.16077
-0.228812
1.42025
2.28975
0.435397
-0.306048
0.713729
0.251011
-0.65471
-2.2813
0.488324
-11.3221
-21.6647
0.42421
-1.82774
-1.199
0.718796
0.277501
-0.406694
0.803929
-89.8941
0.157831
-0.652988
-1.66995
1.63978
-0.0525832
-1.90499
-0.0575321
1.00513
-0.444304
1.34165
2.11471
0.0559193
0.267667
-0.236514
0.542538
0.19088
4.81672
-0.615888
0.0588126
0.965779
0.35231
13.2352
0.325695
-4.28393
-2.71707
1.85649
0.661017
-0.0223527
3.90414
-0.219395
-0.0984207
-3.48723
0.482845
-2.94016
-1.2815
-3.97231
0.0299835
-0.0805057
-1.15617
0.493683
38.0186
-0.803702
-0.235649
1.67257
-0.551662
0.182447
-0.0447339
0.425056
-0.838056
-17.2552
0.186628
5.81256
0.830745
0.344638
0.185008
-1.10248
-1.79862
11.6299
-2.78369
-0.99564
0.313901
3.48489
-4.50452
-0.445348
0.622993
-0.0136235
0.181743
-0.188265
2.9346
0.0196467
-0.831303
0.0225997
-1.46348
-0.464066
-1.80159
-0.736243
1.50521
-17.5888
-0.498057
-0.151909
-0.689679
-0.766452
0.985476
-6.85538
0.289023
-5.72363
-0.593974
-0.879147
-0.507474
0.97425
-0.623412
-0.447339
-7.60046
-7.73452
-3.37018
-84.8791
22.4869
0.62595
-1.23226
0.862299
-11.3429
-175.436
1.3082
-2.226
1.47219
-13.4793
-2.29014
-0.599652
-0.32879
2.97218
-1.90717
1.60261
-2.65518
-0.300879
-0.945741
-0.175536
-1.19862
-0.184848
-0.556394
0.930957
31.4448
-3.25134
-0.125168
1.64644
-0.751748
0.730493
0.36745
-1.50816
3.75226
1.22813
2.79595
-2.71299
-0.791844
3.31648
0.0247308
-1.73904
-1.08505
1.20837
0.881254
-0.266099
1.4703
1.19262
1.99325
6.09462
-0.69975
1.9481
0.303141
0.723528
0.32036
-1.86675
-3.23007
-0.123615
-0.544445
-1.43617
0.149743
1.62532
-2.07887
0.134163
1.19473
1.58259
-36.3953
-2.07065
-0.595999
-0.227362
0.863046
-2.64205
-1.73103
1.26728
0.784144
1.08472
0.25992
1.99608
-9.35107
0.259821
-1.38149
0.372614
-0.587226
-0.06345
-0.340266
-31.5419
-0.397572
1.14161
0.5097
1.04332
1.23839
0.742584
0.305829
0.350258
-0.593117
0.107074
-0.148431
0.175338
4.2207
18.5605
-1.11112
0.759514
1.82507
36.0815
0.377019
0.0402903
0.809199
-26.9985
0.385597
-0.614715
-1.25112
-0.648606
-0.316913
-1.65344
-0.642807
-1.78329
-2.75041
0.241044
0.292462
-2.27303
1.48179
0.495479
-1.96926
2.47247
-0.595578
-0.284697
-2.3263
0.862936
-0.529321
8.47322
0.782274
49.0751
1.148
-0.50955
0.419241
-0.394117
1.28714
0.944995
-5.36373
-1.43511
-0.567606
-1.28823
-2.3811
0.907799
0.129056
-0.867585
-0.449262
-0.154132
5.92613
17.1887
-0.992944
0.0720201
2.55168
-1.41253
0.0823076
0.142818
-0.158712
0.8709
-4.77641
-2.27569
0.665814
0.584647
-0.0992261
-0.296576
-0.630329
0.00895385
0.884854
-0.337422
-0.668105
1.25833
6.12078
-0.729676
1.1701
-0.689837
0.0169882
0.531418
0.838486
-0.89426
-1.54179
1.83988
-0.345446
-0.954185
-1.47861
-0.477335
-6.35497
0.55558
0.663332
-5.17678
-0.872681
0.0444428
-2.28751
-0.124722
-0.0723552
-0.37261
-0.0320881
6.03867
3.05351
7.61808
0.323151
-3.89862
1.46784
-1.20059
1.1742
0.650362
-0.975094
4.67161
-18.3568
3.61472
-0.651407
0.926915
-8.28892
-0.100757
49.4649
0.612209
-2.10269
-0.908793
-1.47305
-0.092523
-0.696899
-0.835234
-1.82948
3.37972
-0.152954
3.31974
24.6286
-0.3239
0.120292
-0.117827
-3.10863
-0.41918
4.20293
0.307464
4.9863
1.45688
-0.294023
-2.90725
4.4684
2.74924
2.9845
0.299494
17.6877
-0.358885
0.608012
-13.6767
0.0826128
2.1369
1.14498
10.0026
4.74441
0.149244
-0.154073
0.0362348
1.79341
-0.164937
-3.39607
-1.70372
-0.494981
0.527197
-0.82096
0.296258
1.42991
-1.05809
0.732895
-0.535232
-0.386823
-1.51182
3.71836
-0.21652
0.757908
-5.20669
-0.988701
5.6325
0.828043
2.10315
-1.80209
-52.4036
1.62505
-1.8595
1.22046
-0.734859
-3.0582
-0.0773988
-0.891136
-42.9445
0.157204
0.413716
2.62938
4.14201
6.31289
0.37357
1.50779
1.38339
1.41454
-1.11583
-1.59034
4.90083
1.5768
1.20027
-0.520772
-6.55082
1.18656
-0.308938
-41.8017
-1.20048
-0.761345
0.128905
-1.37921
0.644922
0.983893
4.06068
-40.7031
-0.916485
-7.67913
1.94983
-0.289051
1.9488
0.546758
0.494635
0.691784
-0.326816
-0.605628
-0.878183
-2.49126
-3.2768
-0.260005
-2.53191
0.671042
-0.45587
2.40626
2.68706
-1.17868
4.08821
-11.7213
1.21418
0.49572
1.88034
-0.123096
-2.28229
2.22766
-0.264088
0.221249
2.87843
3.36843
1.295
-1.83471
-0.910161
-0.525705
-2.25626
0.678888
0.870964
1.15307
5.55373
0.0398788
0.776737
0.00456588
-1.0886
-0.178297
-0.79185
-0.265916
-5.52725
-1.221
0.903402
-2.08716
-0.236079
2.27937
3.77451
-14.7273
-5.81005
-0.0955155
8.7514
-0.59788
0.454251
0.0204218
-7.58788
4.65855
-1.83289
85.6455
-0.179092
-1.8458
-5.11907
0.168438
4.48672
-0.289769
18.0358
-0.105603
0.490506
0.942696
-7.44731
-14.6293
-0.732691
0.393521
1.17605
0.580873
-0.213917
0.990397
0.76877
2.47166
-28.1578
-0.826037
1.71202
-0.731447
-0.153487
14.2313
-0.135208
1.82967
-8.36619
-0.797125
-0.486437
-5.6812
-2.83449
-0.837283
0.816084
-1.98154
1.16601
-0.779401
0.534855
-15.1145
-1.39715
1.73158
-0.49015
0.53795
-0.671571
0.26324
-1.25134
-0.141179
2.01791
-0.258979
-0.978695
0.182477
0.631111
-0.950246
-2.23698
0.138553
0.0259544
-2.58535
0.259554
1.19078
0.239187
-0.0954062
0.424251
-0.245143
0.723266
7.77733
-1.45079
0.257637
-12.517
2.01545
-0.706387
3.50909
-2.22457
1.37979
2.26693
-0.264733
1.14744
839.254
0.0252395
0.705341
-0.824389
-1.89424
-1.96698
-0.395839
1.6254
0.258929
-1.69445
0.131184
-2.7866
4.05955
-1.09571
2.29684
-2.65982
-0.507845
-1.83446
0.477567
0.41942
1.47985
0.810424
0.263521
6.5031
15.4769
-6.21507
-3.59979
-0.920803
-4.92149
0.724861
-0.816056
-5.2834
0.555327
-0.295429
0.759746
-3.01997
-0.44304
-7.38209
3.11524
0.729763
0.150945
-0.439392
-1.19678
0.0572484
-4.75287
-0.459537
-1.33731
4.10148
-1.4538
0.448567
0.187118
-2.09516
-1.73011
-1.16542
0.128898
-1.00812
-1.84146
-65.6192
-19.899
-1.23873
0.335536
-0.108959
-0.110957
0.763523
2.94774
1.12729
5.29345
0.282546
1.46549
0.378546
-0.690086
6.50878
-2.21724
-1.72523
0.0995459
2.7736
1.47765
-0.057278
-0.270055
-2.97753
0.604141
-2.19037
-0.0597893
-4.44634
0.48416
-0.151993
-0.542902
0.177173
0.456945
-0.148288
0.815247
-5.20935
1.21022
2.04956
0.604004
-2.17862
-0.275449
-0.0163835
-1.61197
-0.637791
-0.656052
4.67944
0.0456392
-4.39328
-0.171882
0.368468
5.25121
0.891101
0.426388
-12.3133
-4.01998
-1.59384
0.964941
-0.106003
-0.229245
-1.10835
3.08806
-0.739525
0.395362
0.199518
0.0876636
0.832008
0.54356
-0.258171
0.637341
-6.97459
-0.0598485
-1.15336
-0.0633069
1.47325
-0.540114
0.112199
0.35752
-0.14913
-0.792641
0.386244
-1.45609
-2.36558
-5.27207
-0.632489
-0.763033
19.2825
1.1762
-0.437505
18.781
1.04122
-0.265428
1.13802
-0.177376
-0.707317
0.590501
-0.0463978
-1.10268
0.195471
0.287728
-4.73308
0.177412
0.208804
-1.12819
-0.74906
-0.416943
-1.59556
0.802524
13.4157
-0.279241
0.787336
-0.749672
0.249336
0.144458
0.101836
0.842883
1.84499
0.02171
-0.242969
0.375663
-0.498392
-0.54879
3.61006
-59.7869
0.766523
1.30761
-2.96412
0.365195
1.33865
-0.226721
-0.0465791
-0.716262
0.538282
0.365768
-0.815481
3.48873
1.37907
-12.4736
-0.506567
-7.4533
-0.335796
0.434621
4.07294
6.7142
-0.0471755
-1.47104
3.02149
3.60447
-1.67266
1.14496
-0.529619
0.0479512
0.139142
1.57374
0.196788
-0.480395
0.517549
-4.48185
-0.849124
-0.285294
2.72661
5.46883
-16.8089
0.00759552
0.711101
0.394969
0.360208
-0.238684
2.11655
1.87097
0.329283
-0.041086
-1.32157
3.29497
0.100318
-0.563356
1.33472
-2.5122
0.143943
0.223922
1.30532
-9.48953
-4.1598
-0.15245
-3.98347
-1.80986
6.20822
-2.59486
8.263
1.25012
-0.293661
-2.90843
-0.0843787
0.814986
-0.849805
-1.50097
2.2545
0.0244518
1.01896
-0.439422
-3.36953
9.89441
0.473554
-0.783597
0.929999
-2.1201
0.296954
-1.47361
-0.413005
0.495645
-1.33177
-2.98544
-7.19245
2.25482
1.14318
1.23003
-0.0360176
0.55165
-0.439382
0.33289
0.193566
0.397911
5.77546
5.41934
0.435787
0.32942
1.87009
-0.268101
5.44383
-0.475757
-2.30245
-3.83764
1.27294
-0.261942
0.0146486
0.478826
-0.46899
-0.256749
-6.30764
-0.688345
1.23532
-0.948315
-0.976795
0.973589
-0.112822
-0.432121
-0.98655
-1.02636
-2.84361
3.13657
-14.9195
-0.502221
4.2625
0.870013
-0.668604
0.0347272
-0.732572
0.500046
1.48846
-0.866165
1.43515
-0.66951
0.241004
0.977594
-1.3296
0.680331
0.247715
-0.43508
1.67633
1.6111
0.176776
2.48842
-2.85888
-0.743152
2.99421
-5.61952
4.59963
-0.0450083
-0.476984
-0.828858
-1.12099
1.30733
-0.538163
2.20182
-0.312367
-0.499526
3.91065
6.88637
0.56412
-14.1984
6.94756
-0.198429
-4.91463
1.67745
-0.0723545
-2.42611
-0.431852
-1.98137
-0.707587
3.08338
-0.926399
0.354559
-5.39553
-28.9147
-0.949897
-0.413361
-0.938349
4.2571
1.88792
-0.84552
3.43031
0.183282
-3.87824
-2.32144
0.263803
0.270583
9.55836
0.97858
0.0778844
-1.80314
1.79347
4.53705
0.219087
0.494237
2.69733
-0.311368
0.7354
-0.166543
-0.256398
0.873075
0.353494
7.88301
-0.472038
2.1504
0.118454
-0.871911
-0.825687
-2.12275
3.18058
-4.33063
-0.0424038
1.6548
2.61023
-0.710682
0.427396
0.130826
0.306115
1.74378
-10.5809
2.16161
0.847589
-0.915818
0.400834
0.0463789
0.199038
24.2437
1.51602
3.01251
-4.09462
-0.748459
3.71055
-0.449975
-2.68814
2.21329
0.156983
-1.84422
-0.825338
-3.87904
-0.954801
1.74498
0.509157
-2.61972
-1.0657
-1.1273
-1.25854
0.714746
-0.0690091
-1.87757
-2.24257
1.99477
-14.1549
-5.01653
-0.929116
-0.712924
-0.79672
2.5125
-11.6958
-0.93978
-0.286405
-0.332142
6.55467
2.55344
0.880243
20.1524
1.40639
0.433897
-2.01099
-0.69885
3.02629
0.182814
-0.546818
-0.183411
0.40509
-2.77651
0.542394
0.794607
0.528304
-7.54124
-23.4062
0.0901593
-0.260548
0.51737
2.02285
0.675275
-2.10777
5.99835
-2.42383
0.472378
-2.34594
21.3868
4.29724
0.652368
-1.75579
1.4073
-0.294959
42.5297
-0.559052
-0.0669285
0.305994
-1.45945
-3.19977
-1.53173
-1.84205
1.90901
5.84058
-0.0172531
1.55552
-0.269948
0.43984
1.46238
0.665831
-1.01417
0.364448
0.375242
-0.476394
2.35984
-0.419932
-0.605871
0.32381
1.11084
-1.68368
-0.218938
1.17057
-0.353013
0.59987
5.52447
-0.450274
-5.11386
10.14
-0.408037
-0.0659145
2.56286
-1.08665
-15.3872
0.716427
6.72187
0.837986
2.28327
-3.16688
5.33552
0.00948488
1.16955
9.54851
1.13193
-1.94077
-0.329801
0.143157
1.50103
-2.86601
-11.6554
-26.4878
0.379238
-3.18332
10.965
2.39728
-2.78202
-0.905697
-0.120405
0.446138
-1.53941
0.222077
16.8376
-0.58774
-1.42676
-1.57187
0.486924
0.945811
1.20934
0.0781853
0.8108
-33.5871
-2.47616
-12.3514
-2.76934
-0.0831919
-4.61145
-9.4258
-0.489503
-5.00667
-4.14847
-0.053014
0.0589674
3.66419
0.909115
1.20492
-2.93834
1.46602
-7.51375
0.228511
3.17401
-2.78985
-3.14574
-23.0271
-0.114758
3.09089
-0.524163
0.293216
0.342322
7.24285
-1.88226
-0.65933
-0.195041
5.01211
-1.45395
-1.7565
1.69539
-1.45797
2.59855
-3.50711
-5.03043
5.37686
0.0262914
-0.152535
-0.0712588
-3.2026
-0.248598
-5.26067
-1.70856
-0.704086
-2.75903
0.268264
2.23398
-1.21284
0.389529
0.964938
-0.613365
-2.08393
-0.581863
29.025
1.02828
0.347349
-1.33173
2.17845
0.48613
-0.00931225
0.219282
0.323618
3.53926
0.0246628
8.09926
0.177046
-1.00045
0.202185
-0.435991
0.253126
-2.92845
8.08374
-3.65859
-14.2958
0.15796
0.779683
-8.00192
2.38173
-2.14211
6.35668
0.628276
-0.739461
-0.308037
1.23678
-11.8492
2.62272
-0.0737341
0.640476
-4.5731
-2.09619
0.00968842
0.26104
3.8171
-2.94015
-0.129589
0.89135
0.111829
-6.70623
-3.44608
1.07703
0.60794
1.10821
4.17599
-1.18287
0.673353
14.9379
-2.1943
1.82309
10.8648
0.0209516
0.00446893
-11.5411
-4.30492
-0.257757
1.46604
0.652635
-0.292009
10.8985
-1.37993
0.114006
-0.228266
-0.47881
-0.77681
0.598296
0.507225
-0.014551
-0.878683
0.295974
-0.0306234
-0.971446
-0.586509
-0.150444
-0.242288
-0.040303
-0.512846
-1.03659
-0.0161721
-0.636561
1.48961
-1.3705
-0.764418
-0.445014
1.59219
-0.818918
74.9638
0.382677
13.8055
-0.0328478
-3.23761
2.41477
0.561479
0.963765
-0.7115
-1.19511
-18.1698
-1.13336
1.68239
-0.0526638
-1.00115
-0.420869
1.41337
1.93
2.49956
23.5623
-3.96357
-702.67
4.04785
-0.0432625
-0.25223
-1.08087
-23.7152
3.19152
1.6916
0.0985024
-0.0597344
5.67399
-3.42701
0.147035
-0.379864
13.5144
-5.73472
-0.629278
20.7132
-1.53377
1.76681
-2.52888
1.02483
-0.871488
0.237012
-2.16079
-1.52128
0.0135265
-0.269908
0.530848
31.0879
1.65918
1.31272
38.3287
-1.48665
0.158816
-2.75036
0.134019
-0.265881
3.66209
1.29746
1.08126
-2.53127
0.550539
0.498978
-0.310822
-1.13784
1.15358
3.55185
0.200021
-0.434045
-2.81904
0.14306
1.4234
-0.140172
0.57308
-3.87014
0.0743821
3.61656
0.121703
-0.467864
0.343222
1.4917
0.575432
0.363054
-1.62933
-1.3759
0.128804
-0.855517
-35.9741
1.19183
0.434907
-1.46305
-1.68048
-0.894162
-1.04528
-0.490726
-0.185902
-0.0344543
-1.11861
-1.36912
1.9599
-0.599779
0.860334
1.65736
1.68441
-0.188341
-0.431691
0.89813
-11.3599
-0.274223
0.656269
-0.184449
1.48484
-0.890101
-3.00066
11.372
11.5546
1.40526
-2.61424
-0.538818
0.157049
-3.16422
3.50231
-0.398504
0.221628
-0.862386
15.2465
-0.275527
-4.87102
4.1626
1.64587
-2.94534
1.51537
3.85133
-4.99749
3.27451
-0.773299
0.0677401
1.5323
-0.894312
-0.132561
-3.02899
-0.186834
-0.560969
-8.12408
3.32063
-0.105981
-3.70501
-2.60865
0.742597
0.590471
19.2548
0.455548
1.48997
1.0241
0.277157
4.50787
-3.85342
0.147803
-2.39442
-0.187301
0.120527
-2.12285
0.045221
-3.07314
-0.0467191
-1.52898
2.69616
-0.432693
-0.539434
0.9313
-8.56727
0.141653
-0.210401
0.147698
0.0295855
0.379947
2.66859
-0.0523048
-2.55333
1.03757
2.09226
-1.19766
10.6706
0.12936
-1.55666
-1.15503
-2.19026
0.0305951
-5.99358
0.983068
21.5383
-0.0786601
-0.0425351
0.328159
-2.8131
57.1287
-0.424354
3.1696
0.882708
-5.58118
-2.86707
-0.2081
-0.00618742
0.265899
-1.42544
-1.52023
0.939687
1.09213
1.30721
0.754318
-0.800295
-1.3926
0.624612
-8.38654
0.55884
0.412225
0.248696
0.196016
-0.174763
-9.76757
-8.84454
-1.15972
0.00368531
1.93068
0.175515
-0.677516
1.32045
-1.45802
-0.082998
2.01513
-6.12566
5.61298
0.334371
3.30742
-1.73672
-12.6006
-4.23382
-1.03776
16.5194
1.31572
1.84944
1.97289
0.191414
-0.103687
-0.83748
-0.153304
2.68089
3.3269
-0.342432
1.55974
0.00637803
-4.73489
-0.707272
-5.47123
-0.273652
0.091706
-1.99913
-1.27737
0.390847
-3.14014
0.443009
-0.368549
0.189719
0.698882
-15.7899
-3.63779
29.3457
1.42347
-1.38995
-0.937529
0.204753
0.147359
-0.103229
0.507592
-1.92874
0.173658
0.482723
-1.40419
-0.89673
-1.00392
-0.440517
-121.571
-4.61041
-1.24003
0.0746135
-2.3055
0.0148513
-1.25351
-0.480819
-0.280426
-1.27297
-1.43352
2.03991
4.66421
0.321343
0.992026
-0.416721
2.82259
-0.325434
-7.66485
0.155868
-0.553181
-1.08831
0.717215
0.830227
0.604298
3.72833
-0.319404
-0.34674
-0.757126
3.81246
-0.31762
-0.83094
-1.97466
0.354369
0.302981
-3.46895
1.92297
-0.136301
1.50788
3.55845
-0.579175
2.41723
-4.19369
-11.5189
-18.9891
12.6811
-1.07872
1.51329
6.06824
-4.65039
0.492807
-1.48366
0.856354
1.99939
1.45975
0.307563
-5.03974
-3.55012
2.68049
-0.665092
-1.96779
0.295102
0.803392
0.150236
5.16455
-0.476408
0.495236
0.335308
-0.372887
-2.55237
34.8458
-0.634349
0.548266
19.8976
0.256543
-6.88198
1.24869
-1.97419
-5.65422
-0.586872
0.368082
-0.934563
1.57053
0.728962
-1.95938
0.916687
-1.2824
-0.224747
-0.67828
0.330804
0.0943188
0.0724388
-0.392455
7.03432
-2.60567
-2.22171
0.240395
-2.67398
-1.10659
-4.55313
0.252585
2.6581
-0.0992924
-0.785105
-2.02734
-9.90972
0.653626
1.18443
18.3544
4.17615
-0.53025
0.84994
-0.485916
1.45641
1.91337
0.211018
1.56361
1.38827
-0.518202
-0.732743
-0.296566
-0.611498
0.39091
-387.981
-0.384098
0.108854
2.2223
2.32289
-0.2914
-0.437825
-0.120452
-0.570575
0.960245
3.49598
0.765118
-0.138589
-1.06438
0.840506
-2.89565
2.49554
-2.76298
3.58655
0.989391
0.554552
-0.289897
12.4505
-1.18318
-1.83596
-1.17607
-0.0183409
0.129954
0.758571
-0.417364
0.392072
-0.25692
11.7735
0.668907
6.23226
-2.20066
-0.0287766
10.9373
-3.07515
0.937066
1.10222
-0.339357
-2.63306
1.04478
1.84014
0.854868
0.0691807
5.60543
0.843147
-0.606012
0.216472
-1.8223
28.5278
-2.86328
1.92298
-0.87745
0.0667201
0.236368
0.685165
0.00424517
-5.55611
-24.3883
0.251359
17.9542
-0.861363
1.27438
1.33351
-2.55141
-0.663058
-0.95071
-0.803556
0.789065
1.79686
-1.16123
-0.575791
2.67092
0.731904
3.71934
6.57841
-1.33262
-0.314904
8.1415
-4.85742
-0.479484
-1.24853
3.23258
0.67677
0.427735
-0.0278829
1.77438
-1.0694
2.03102
1.69416
-0.797535
-0.0814102
0.730589
0.776289
-1.30145
-3.2749
0.875606
-0.434848
-0.734546
-15.4805
-1.703
15.8896
-0.693346
0.521201
-0.799832
0.213586
-1.18225
-0.187542
-2.1258
-0.152978
0.195387
1.28432
-4.7202
3.36234
-24.7926
1.6503
6.5505
4.33077
1.3355
-4.47735
0.0555541
-0.136819
-17.7683
0.521411
11.2399
0.256154
4.53159
0.20799
0.821727
-0.886405
0.302189
0.00199502
-7.09293
4.14046
-0.985669
-0.514381
-1.29861
-0.12569
4.40277
-2.58654
-1.31409
1.8945
0.85004
-0.207723
0.311732
2.26254
-0.177198
-0.718887
-0.0265478
-0.643533
0.481479
-1.50333
-0.589427
-0.705277
-197.634
2.10415
2.39225
-1.07575
-0.172219
-3.25845
2.31471
0.0244175
-0.155625
1.93413
-0.179389
0.474517
4.80698
1.22576
1.17102
-1.34388
1.91813
-19.8922
0.0653379
0.15818
-1.22487
0.0788272
-1.38821
-1.80223
0.5476
-0.587032
0.439874
6.33552
1.57644
-14.9895
0.729721
-1.3032
-1.94788
6.0292
-0.452973
1.07121
-0.392204
0.118144
-0.787166
1.00826
-0.321209
2.21625
1.16803
-1.1398
0.22053
1.16971
2.57462
18.147
0.73159
0.331982
5.42957
-0.157336
-1.12699
30.5139
-1.82092
1.99957
-3.94614
-0.644624
-1.00273
48.1844
4.18226
-3.73695
3.74378
-0.556497
-0.270991
-5.45472
0.355048
-0.135148
-3.74044
-4.47791
-0.634522
6.8973
0.0901218
0.858071
-0.18082
-1.16288
-0.510633
-0.462734
7.17144
-2.02682
0.0340222
-0.435192
0.469862
-0.131934
-1.89878
-2.87114
-0.716484
-2.48323
-1.46958
11.9629
-0.724571
-1.28542
-0.799899
0.446353
-0.714887
-1.97784
-1.04593
8.70953
0.730108
2.14213
-0.563529
-0.647497
4.31111
0.228484
-0.200074
1.10885
0.404072
-0.353089
0.684165
-0.202079
-5.06636
0.657836
-0.485518
-0.127407
4.08219
1.77818
-0.381017
0.0139564
-2.05837
-0.0948241
0.185515
-6.10605
-0.181789
1.75784
1.05732
-1.99226
-1.36132
0.30921
13.9203
-0.680117
-0.38376
-0.450431
0.677614
-0.500114
3.86236
0.548225
0.787487
-0.0115684
1.98742
-1.1968
0.294723
-0.580008
-0.347413
-0.0260868
5.908
-2.26992
1.30204
4.13206
0.216938
0.0628102
-2.59104
-2.84496
9.36933
0.43316
-10.6519
-1.14247
0.775439
0.249872
-0.651722
0.469795
0.892174
28.7555
1.17335
-11.131
-102.023
0.380649
5.53777
-0.399546
0.231672
0.930219
0.470925
-0.0188512
1.13577
2.1461
-1.4716
1.41929
2.70735
1.18421
3.22006
-3.93504
12.0297
7.81645
-1.04039
3.53254
-6.69899
2.44753
7.2033
-0.838872
-7.3261
-0.0788936
-4.10516
0.187062
0.350522
-47.21
74.4058
0.347353
-0.674864
13.0559
-0.655034
-1.25458
0.920024
0.693538
-0.551104
-0.184292
3.68524
-0.426302
1.09113
-0.636545
-2.75537
0.555744
1.37284
-0.854768
-6.36621
1.48008
0.640727
0.076015
23.3592
1.05126
-0.861675
-0.750802
-9.70242
1.08643
0.142116
-30.7444
2.84467
-0.865342
0.450278
-0.335369
-9.39832
0.974898
-0.310583
-27.2216
-0.812689
-0.0984606
18.4983
1.83678
-0.732774
1.56196
5.71158
0.267581
-0.202086
-1.62753
-0.477537
0.0441886
0.0143028
-0.987211
-1.08044
0.911182
7.85154
-1.90715
0.932205
-1.62886
2.08402
-1.59629
-1.85543
-14.5862
0.396489
1.16424
-7.20693
-1.78573
4.72475
-0.285317
0.371597
1.59818
0.727452
0.979627
0.750555
0.377032
-0.113347
1.45172
2.12041
-0.396824
0.641861
1.39716
0.82357
-2.09315
2.9888
1.2385
13.3193
-0.270708
1.31087
2.87853
-0.716978
-0.218187
2.57453
-0.393785
2.31638
1.41773
-0.361346
-3.37189
0.244478
-0.995313
1.26552
-0.533316
-7.09463
1.51746
5.99422
-1.09897
-0.0645575
-0.432667
-4.05418
0.860813
0.679868
15.9992
-1.02207
0.764561
-0.324696
1.6948
-0.545774
2.31636
-0.562382
0.0454126
2.14327
-0.880005
0.0313251
-0.686029
-0.64869
-2.84308
7.63326
1.5225
2.68421
-2.36539
5.98652
0.120641
-0.901477
2.1491
-1.38602
-1.69046
-0.08805
0.488366
0.262182
-1.13786
-1.48746
-1.42227
-0.434667
1.22813
11.321
-0.183607
0.329786
0.410067
14.8209
-4.19325
0.861911
0.117048
-2.49376
-1.4871
-11.9191
-0.743591
0.840405
-4.544
-0.811262
-5.07692
2.89308
6.68402
-0.410502
0.336504
2.96338
-2.08722
-0.899594
-5.93091
0.193819
-0.563002
-1.09136
0.991352
0.583844
2.35149
0.687596
0.985339
0.998787
-0.308846
-1.12697
-2.62402
1.55221
-1.19216
-2.40259
1.3287
0.497552
-0.227706
0.287373
4.12397
0.793355
0.799756
1.44155
0.339395
1.1972
1.55386
-0.383262
-0.829257
-3.30274
0.241973
-28.8503
0.573084
0.0118484
1.7189
0.72085
13.7016
4.16402
1.89552
-4.90128
1.26738
-0.929936
-1.34036
0.027166
1.57586
-7.74551
-0.548532
3.81691
0.195904
-0.426457
5.54103
0.381541
-2.16764
-4.37402
2.07202
-0.193075
-10.8434
-1.55819
9.98158
-0.256933
-0.618559
-0.166912
0.566322
-0.871895
5.47702
47.8222
-0.891205
0.0867929
3.03655
0.879577
0.291863
-1.10591
-2.02732
-1.29566
0.0192118
1.61988
-0.475413
0.648765
0.599124
0.579726
-0.575436
-1.59121
-2.19031
0.200701
0.561631
-2.5331
1.4607
-0.777418
-0.937403
0.563851
4.1845
-0.0644442
0.41651
0.409946
-1.23468
0.493806
1.57263
0.805148
0.104828
3.6142
2.2413
0.262755
-2.83609
2.56465
0.151636
-0.846539
1.74476
-0.00294938
0.951499
-3.73636
-1.98111
12.2377
2.21106
0.101773
-1.03307
-2.07252
6.0892
-0.221188
1.33558
1.457
-0.193311
-3.16016
3.99266
-7.13358
0.116297
-0.67768
-2.88267
2.12894
-5.89773
0.42664
0.772944
-0.133564
0.626067
-1.16848
6.57348
-2.14419
-2.8745
0.0681324
-0.163359
-1.83873
-0.474874
1.31878
0.618871
9.24936
-0.607897
-0.26843
1.18177
-1.01367
1.45393
0.258543
-6.00524
1.92127
-0.420652
-0.492284
4.30402
-0.229701
2.37982
-0.993652
0.495096
-0.0983538
-631.869
-3.39469
-0.42053
-0.294648
0.864355
-2.53288
-0.384056
-3.82656
-0.886757
1.50309
-2.98296
1.6332
-0.261891
1.43028
3.04897
0.0495523
-0.563048
-2.04145
-0.706766
-2.19115
-0.245921
-1.16244
0.461653
0.236926
1.44695
0.129652
0.779156
1.53792
11.1283
2.29263
-0.0434045
-8.95085
35.1856
-0.561192
0.00119372
0.281726
0.480684
9.74569
1.16769
-1.17529
1.29745
1.07976
0.231646
-14.5052
0.412934
-0.342371
-0.479554
0.0593262
-2.40285
0.384404
5.97966
-15.8407
-0.942373
-1.14962
1.4618
-14.5936
-6.53464
-1.84141
0.0710899
-5.03306
7.95954
-0.149117
-0.682919
-53.1213
-0.686953
2.26919
4.7596
-1.40404
-1.16937
0.844762
-0.375598
1.27605
1.98086
0.127632
-12.0079
-9.43652
-1.87848
1.62777
0.0563056
-0.0476967
3.31659
-6.7867
3.82442
-0.370975
15.1692
16.3862
0.314053
-0.38511
1.38251
0.735148
-1.11667
1.57027
-0.43211
4.80808
-2.3583
9.28855
-0.930314
-1.41695
1.15991
-3.89207
0.756828
-1.07959
-1.42275
-0.366901
0.488806
0.803901
0.453831
-26.9287
1.91254
-0.687503
-0.949569
1.67949
0.28906
-0.510363
0.235082
-0.497987
-2.01776
-0.207262
0.165538
-1.81479
-0.0870132
8.31768
0.0966941
-8.65867
44.7987
-5.66322
-0.406061
-174.802
-0.574834
-1.01463
-1.30028
-0.450895
41.9997
-0.192192
-11.0054
-0.181371
-4.47442
-4.20766
0.376927
0.902759
0.51685
-0.494614
-8.83173
1.07679
1.86055
-5.57459
-1.67085
0.44264
-1.19315
-0.108883
-1.36796
108.059
-2.03959
-3.56707
5.68296
0.945576
-0.999534
1.69451
-3.82331
0.648331
34.1613
-1.30173
1.84469
-5.29334
-0.905313
-1.01845
-0.306874
1.62688
0.879802
-1.09056
-108.445
0.612428
-6.88281
-5.83307
4.70283
31.0109
1.9958
0.209687
1.80562
-0.0434565
2.80683
-0.154175
0.76449
-0.0975761
2.22894
-0.413395
-6.80205
-0.0656462
0.201953
0.70168
-0.571664
0.343384
-2.25813
0.131441
2.5856
0.319716
0.295307
1.96359
22.7261
-1.58404
0.341837
0.933115
0.130806
-0.710093
-0.671751
5.4594
0.877613
0.258134
7.71072
2.82402
3.71909
-0.0818584
-4.78843
-3.04568
-0.970148
-0.589771
0.345589
-0.327948
3.20181
112.238
-2.38893
-51.9702
29.7353
0.367198
-8.45541
-5.54712
2.02446
-0.0200378
2.13569
-0.000287287
-0.691751
-0.0477236
-2.91045
1.73568
-6.39613
-0.244659
-0.103405
-1.27129
-5.96279
-0.345231
-5.19022
-2.30801
-0.657946
0.691496
2.10701
-0.203767
2.39532
