S
0.837191
3.14397
-10.9183
-7.04248
1.18948
0.895974
-0.767169
3.2002
-0.979691
-16.748
0.545583
1.55428
4.83097
-1.31572
-0.261594
0.199647
0.451859
0.226525
11.7285
-0.0466174
4.1134
-1.33289
1.58506
-192.621
1.32828
-2.28481
-0.407418
-0.105788
-0.265833
-1.12394
0.26223
-2.96456
-0.0357809
-0.566152
0.00599281
1.09232
-2.27704
0.391228
-2.68323
-0.615456
1.01362
0.0711452
0.7127
-0.0139063
-1.70612
0.605469
0.494299
0.196331
-0.312181
0.518985
1.37523
-0.0862139
-7.92693
3.35694
2.3075
-2.88553
0.0486915
-0.117657
-0.984938
-1.44435
-0.995862
-1.65445
-12.0607
-2.44925
-0.36802
-16.8494
0.520368
2.56051
-3.05836
5.87233
0.557979
1.96101
-36.6832
40.736
-1.7694
4.17754
7.85463
-0.292648
0.00631305
2.1545
-1.07355
-3.53886
1.96329
-1.58489
0.680873
-0.924004
-0.142087
-0.382318
-12.496
-4.07071
10.8949
-1.2558
-2.76142
-0.0805951
0.411306
0.546994
1.76814
2.15568
0.0927451
0.266953
-0.215916
-0.488074
-0.408807
2.58385
-1.477
3.36587
8.52154
0.491893
-0.145655
-0.0882574
-21.2264
-2.46138
0.597033
-1.18875
1.01738
-0.407141
6.94707
15.1963
-0.327462
-10.0037
-2.09352
1.87957
5.96254
4.09365
-1.32575
7.16847
12.7576
3.77694
9.67645
0.0957982
-2.97953
-0.22226
1.46553
-0.918145
-2.98516
-19.4653
-5.53291
16.2914
101.683
2.31332
-1.75579
-0.612192
-0.662365
-0.146249
-1.06116
0.121511
0.296692
-0.974149
1.23791
-8.05381
-1.627
0.0355095
-3.52296
1.85155
-1.24849
0.607092
-0.339544
1.32112
1.51801
-0.500056
0.537496
-0.451517
0.568675
-2.01424
-0.620964
-1.12371
1.59276
-0.487854
1.89126
-1.41036
-5.8245
-1.40242
6.70087
-6.07641
-0.991227
0.402633
-10.15
1.08623
0.308907
-0.0438781
-0.729363
0.689567
0.940046
-3.51821
0.0175554
-0.10741
-1.1188
0.485256
0.401134
-1.09257
-0.437343
12.1178
1.61832
-0.214391
-5.46676
0.840372
1.90756
-0.560303
1.76406
-11.821
0.546465
0.992433
1.2199
-0.36361
-1.89042
-0.61689
0.941315
-1.29887
21.8351
0.378536
-1.79825
-2.40072
-0.0298123
7.2384
-0.599888
-4.60533
-0.0302974
4.16415
-0.874384
-0.816761
17.4274
0.241648
3.89693
-3.03903
-224.087
0.793537
0.981293
1.84392
-0.704172
0.187123
-0.249852
2.73683
-0.333799
1.96021
0.957992
-1.1923
2.14183
-2.32179
1.36728
0.786253
24.472
-1.56706
-1.20817
-0.655439
-0.684699
0.436284
-1.3188
0.870912
0.51696
-2.45954
-0.336659
-0.660318
-0.123141
-0.388455
0.269313
0.197207
-1.51855
-0.263861
0.84669
0.42891
1.91346
-1.7917
5.24037
-0.211749
-1.39399
-0.238663
0.210717
-0.297984
-0.549606
-0.954125
-0.686948
0.292792
0.827434
4.08004
4.46753
1.55906
-1.77453
1.51513
-0.351397
5.51244
-1.41213
3.81363
-11.7788
-0.612158
-0.711147
35.9297
-0.747205
-0.568299
6.72443
-0.19569
-1.03324
0.801384
3.50336
-3.10104
-0.309465
2.7612
-0.295991
0.696046
-1.68939
0.264804
0.37423
0.132786
-0.060605
-0.956303
-0.724693
-0.605872
0.789122
-0.427574
1.49143
4.46525
-0.596505
0.0205468
-9.94781
1.13133
-3.68578
3.39451
-8.89825
-0.99405
-28.8554
0.479654
2.07187
4.74223
-0.288159
0.415149
-1.41642
-0.275526
0.0567671
0.0367263
-4.00481
0.414851
-3.65639
-0.438198
-1.57492
2.16897
-8.32046
-22.1591
0.638205
-1.70747
0.403602
2.05237
0.521758
-0.935679
0.0719282
-1.96996
3.08881
1.07677
0.874569
-0.3605
-2.1226
0.0860556
-2.69292
-0.0660433
-3.38568
-7.0102
0.246391
-0.0429146
0.0577291
0.531892
-1.76165
-4.20396
12.5134
-0.786504
2.00783
0.0200761
2.5701
3.16053
-2.99872
5.06818
1.6845
-0.218924
-6.36933
-0.771549
-0.276009
34.1746
-2.04023
-0.993625
0.0889784
-18.594
0.628909
-2.6465
-0.419024
9.42561
-9.11717
0.31689
-0.212436
0.972561
0.334187
-5.79596
0.272142
-0.744617
-0.461113
0.172566
-2.41239
-4.32556
0.0543094
-5.70727
4.38622
0.575626
1.34708
0.745118
0.643011
1.83152
1.10043
0.498076
-1.06227
1.03575
0.286914
-1.02141
1.41865
-0.0384769
-2.57568
-0.658423
0.919532
-21.4678
-3.49261
4.58407
-0.141289
1.61035
4.84693
-5.00202
0.498857
-1.76933
0.645376
-25.7227
2.46961
1.39188
-1.40402
0.571611
-4.98324
1.02093
0.179059
-0.467389
2.24121
-7.66556
-0.74941
-0.0666117
-1.58145
0.723198
39.1913
0.888927
16.1895
-2.28071
-1.4964
0.110857
-3.44446
-1.39071
0.0338244
-0.108294
-24.6694
67.5847
0.0947992
2.8012
-4.63046
2.43
-2.49509
0.582328
-0.0356369
0.847027
0.98212
3.90318
2.46651
-0.359102
-1.92697
-6.41427
-1.34985
-0.320797
0.452961
-0.403349
-4.64763
-7.94143
0.811073
-0.953135
2.84437
-0.0932391
-4.83667
0.474342
-0.255582
-1.84695
0.787259
0.164802
-60.12
-1.85516
0.349592
0.165653
1.16392
-0.803507
-0.188586
-1.68537
-1.10731
-0.375875
0.0161906
0.994651
-0.835895
-1.20064
-0.24111
0.566774
12.8953
-0.147826
-0.728936
-1.01327
1.48261
-2.08168
1.33524
1.68421
-1.29041
0.100572
0.424145
-0.368488
1.02897
5.52854
0.968648
0.597422
-0.292926
1.08593
-1.04856
-74.8716
0.392063
4.42341
8.90898
-4.74871
-7.81029
-0.35383
-2.44937
3.44951
-3.0752
2.03532
0.865816
-0.112675
13.8739
9.45242
0.751647
-0.332966
-4.50285
-3.05239
-0.588931
-3.41452
0.749937
-1.65233
0.747272
0.205212
0.834207
0.203598
12.9477
0.469819
0.279296
-0.556459
1.35072
1.18541
0.45089
-0.0142735
1.79473
-0.131496
0.49265
-7.09361
-0.0402219
0.135998
2.22469
-1.68418
-3.75331
0.418798
-0.589831
0.512592
2.90339
-0.137496
-0.573995
1.63181
2.16553
-1.29202
0.145308
1.27481
3.44151
0.765723
1.08049
1.38557
11.2951
-0.939766
2.21771
-2.36069
-1.57078
4.04822
-1.48777
-0.810326
0.995066
2.22998
-0.849005
2.26295
0.823606
1.31186
0.710955
-0.387069
-6.20184
0.961809
-3.95848
-0.0144839
0.293076
-2.82006
-0.301699
0.467803
0.690342
-0.130939
0.380133
-0.334283
-4.52196
-0.374778
36.6154
-0.870195
0.326427
-0.262351
-0.350965
2.3677
6.33238
-0.789786
-9.6719
0.645286
-2.85225
-0.861392
1.98605
-27.5266
-0.882642
0.0101111
-0.421672
2.11114
-0.710049
-0.866231
0.168847
0.933864
0.297376
0.500643
-0.845607
-0.375205
-1.67982
-0.0368651
1.97465
-2.53233
-1.17949
-6.27843
0.735101
1.04798
-0.576878
0.426162
-0.911666
0.860053
-1.01118
-3.15793
-0.945162
0.533722
0.665555
-0.390171
0.794991
0.138738
-3.3478
17.5289
0.119296
0.745904
3.63801
3.94925
0.0365295
-0.0821073
-0.00249432
-0.493866
-0.340989
-8.61152
5.6391
-0.733376
0.348612
-10.8433
-1.15834
-0.117949
0.072246
1.23291
1.12203
-18.9578
4.25359
-0.7553
0.232723
2.41845
-2.0441
-1.12304
0.879873
-6.80136
2.43451
0.395953
3.29669
1.73283
-5.8202
-3.3927
-0.47299
19.906
-6.13038
2.55323
1.21876
0.670625
-0.504985
1.52456
-1.79
3.20049
-7.02922
-0.351373
4.00452
0.670124
-1.17546
-0.122843
-0.481749
1.05364
1.91244
1.53043
-0.375519
0.571389
3.18602
991.787
0.0266864
3.91952
1.35089
0.120749
0.139505
2.21292
0.0259726
-0.466268
-1.17791
0.41501
-0.743729
-3.05354
-1.62271
-0.68861
5.24405
1.59748
0.504006
0.691471
0.13838
-0.77877
3.50791
0.548545
-1.70546
0.285385
-0.519195
6.68229
-0.10853
-0.085124
0.178238
0.285228
-0.599381
0.400194
-0.501405
-0.803365
0.636514
0.622341
-0.373782
-5.17308
2.15404
2.35463
0.423447
-3.00124
2.05911
0.897687
-0.238216
3.27893
0.459039
-1.66751
-10.3753
-0.0442328
-2.25531
0.387965
3.27955
-0.655978
-0.278331
-90.9334
4.79626
6.19358
-0.266424
1.73592
0.472865
0.78801
-0.551264
-0.543541
-2.29852
-4.04426
-0.758047
-0.652582
2.51885
0.425744
-0.988613
0.365287
-0.497051
5.13324
-5.33106
11.6965
-0.50474
2.18363
-0.111203
0.460782
1.69048
-0.792229
6.45822
-0.0641943
0.558658
-0.722351
-0.124681
-1.37834
0.406163
-2.65823
-13.6714
-0.230174
155.171
-1.04091
-0.233933
0.0417247
-1.3536
-2.56716
-0.662966
-0.561193
-2.03754
-2.71504
5.35887
0.200217
0.689949
-7.96352
7.83684
-0.400803
-0.94071
0.881677
-0.932221
1.37115
0.0482555
0.867112
0.869745
6.35711
0.0278792
-1.01122
0.525613
-1.3907
1.37935
-6.46245
-5.02185
-0.134707
0.946128
-8.05691
30.8091
-2.38764
1.59539
0.0904899
-1.41991
1.50306
0.582409
0.267324
-0.273644
1.72613
135.051
1.03129
-2.57236
-0.875247
0.674288
0.0625445
-0.529335
0.759191
0.0474809
-1.27578
-0.78785
-1.12317
-0.144373
0.395591
-1.14887
0.624987
0.0724655
-1.03962
1.49277
0.455613
0.0780718
-0.190169
0.252646
-0.527109
-49.2292
-0.528829
0.196718
-0.0818493
-4.15551
2.8023
0.418888
0.107725
6.18492
2.64773
-1.90561
1.11465
-0.0393469
1.68032
0.258147
-7.38971
-1.45868
1.01187
-3.99621
-1.51375
2.59758
-2.38881
-474.716
-0.466227
0.0316535
-1.49012
-0.460635
-1.74278
-1.71437
-0.246491
-9.2943
-5.46892
2.27571
-0.592718
-2.52224
-5.26121
-501.538
46.119
-0.355718
-0.231887
0.0895479
0.451632
-4.2899
-0.171558
-1.11972
1.16401
1.80949
1.3839
1.16756
0.00621082
0.836963
-0.970937
1.77583
0.784374
0.819293
0.557966
-0.508519
3.78635
-1.31437
1.86193
-2.65987
-4.2216
0.0688644
-0.245851
-0.316241
12.9053
-3.10578
0.172596
-9.53225
-0.504021
4.56777
-0.631456
0.763642
0.0361025
-0.440853
0.49746
14.8925
0.996784
2.17373
-0.107792
-0.939521
21.2519
0.295216
1.06061
2.58263
-2.70933
-6.59736
0.282326
3.85887
-27.4916
-2.98466
-0.728986
0.863492
-0.389592
-0.0950623
-0.190707
0.938901
0.760014
-1.27778
-0.712896
1.0193
-0.329279
0.207506
-1.1617
1.89214
-1.73917
2.82747
-0.316484
-0.503974
-45.3367
0.0646278
0.752411
-0.918286
-18.9657
-0.299125
0.271039
0.207992
19.3435
-1.24158
3.06925
-39.558
-9.97594
-1.30803
-0.416313
-0.262997
-0.50472
-0.321161
0.0335965
2.10122
-0.847452
-2.15723
-28.3915
1.99765
-4.05331
0.149107
-0.850128
1.34078
-1.53176
0.0182022
-241.108
9.44714
-5.82128
-0.0973652
0.215124
1.82484
-0.616725
2.14467
-1.04274
-0.163485
0.311538
-0.732957
0.106806
-1.79579
-0.288292
-0.0372205
0.400239
0.394519
-0.197917
0.576175
-15.2999
1.0445
-0.49265
0.121038
0.429997
-0.537728
-0.175533
-5.56818
-0.349079
0.882102
1.55494
-0.00187415
-1.50714
-1.45154
2.37901
-1.30579
-1.50266
-0.921483
2.10817
-0.946222
-0.594268
0.927223
-2.88632
-1.82623
-0.850724
0.881569
1.22105
-0.317706
5.77124
0.265801
-0.719087
-4.17826
4.06843
-3.5222
-0.647087
0.257298
-2.6164
1.96387
-0.488838
-0.575812
0.854074
0.565039
0.579353
1.24745
20.8618
-1.03443
8.22844
0.110259
267.645
1.06967
1.45031
-1.4587
-0.527178
-0.0174083
-0.351627
-9.39727
0.704719
-2.35212
1.03888
2.03917
-0.408795
-17.1204
2.56939
-0.247753
-0.585255
-0.970466
-1.14744
101.453
-3.48582
34.6052
-1.32728
8.99627
1.68252
0.730242
-0.720056
2.21266
-1.69265
0.398618
-1.47298
-0.328782
-0.125402
-1.20471
-0.747098
-1.16425
3.94209
-0.22409
-0.110591
1.08984
-0.546791
-0.687702
-2.02803
-0.228481
11.3065
0.233341
1.30918
3.97444
-2.54229
9.18041
-21.355
0.572691
-0.496788
1.8136
1.02799
-0.655113
0.400661
21.4959
1.70924
0.234316
-0.478543
2.21313
-0.0504701
-1.93264
-0.827661
1.93808
1.26093
0.403184
-0.29983
-0.772101
-0.176308
0.637766
-1.50901
-0.178276
0.43314
2.6294
2.02969
-2.17791
-8.72616
0.0744511
0.0941676
-0.993437
1.84357
0.773523
-0.644135
-0.0649189
-26.4313
-2.71065
-4.01328
-0.453738
-0.242863
0.289667
0.915857
0.606089
-0.616235
-1.37848
-1.88877
1.30174
-1.59822
-4.46046
2.12516
1.65992
-2.74669
-2.18427
-0.541731
1.59806
2.28216
5.17615
-0.392026
53.1958
-7.51874
-2.01308
1.30255
5.50535
0.625866
-2.42962
-0.769563
0.46454
-1.38292
-1.63723
0.720144
1.08925
1.07915
0.86914
-0.245372
-0.57373
-4.71152
-6.34766
-19.257
0.836661
0.29705
-0.142857
-0.320892
-0.513907
-12.9795
0.648725
-17.1298
6.19794
-5.32315
-0.655026
-0.166695
1.39662
-16.6545
1.34761
0.95059
0.364161
-5.20513
4.24276
0.554446
-0.278592
1.18836
-0.774568
0.865779
-0.876195
-0.158365
74.4686
-0.108571
0.00724212
-3.71953
1.05478
1.22542
-0.396011
2.13311
0.470027
9.19816
2.19177
-1.2642
3.06854
1.00857
2.23586
5.38099
-4.97371
3.9757
-0.279049
0.447691
0.287977
-0.128008
9.16982
-6.05056
1.64603
7.39578
-3.96428
0.151284
-1.02731
-2.37884
4.75831
-0.449999
-0.217138
-0.122526
-0.671495
0.858554
1.18739
0.384316
-3.84553
0.759879
-0.836268
-0.225324
1.44231
-0.208222
2.30912
2.56152
0.615911
-1.02631
-1.85205
-1.26328
0.0866938
-44.1119
0.586725
3.18963
0.798084
-0.33806
-0.241486
1.34137
15.8969
1.60955
-1660.79
-0.650125
-0.899896
7.03935
0.789316
1.59541
1.6098
-2.96914
-1.41674
0.732444
-1.57753
0.402616
0.490179
-2.46866
-0.49746
-45.23
-0.696387
-0.749308
-0.830025
0.279184
-0.438341
12.3609
-1.53969
-10.6463
-11.3635
0.192293
2.72504
2.21077
4.57721
0.773091
0.0522892
0.578235
-32.1335
0.569378
-0.102704
-0.0733509
0.107128
0.567235
1.43837
0.671241
-0.379607
0.0259883
-0.00353237
-0.205286
-0.0213996
0.837692
-0.660446
-1.30213
-0.617265
-0.253302
-0.605654
1.39529
-0.312046
4.7285
-3.6667
-564.418
-1.18841
-3.03683
0.395724
1.40657
-0.291189
2.04373
-1.31273
-1.32759
0.729567
0.93493
-0.517751
-1.51511
1.10969
-0.565501
2.16531
0.914933
-8.72895
0.280262
0.804729
0.271504
4.71861
0.0946776
0.416112
-1.00645
2.15142
-0.0505241
-0.419366
0.930316
-0.608726
2.17774
1.08684
0.268406
27.5741
-7.51422
-0.357166
2.31582
0.129772
0.361768
1.85639
-36.2989
-3.49932
-0.65012
12.0224
-0.102031
-0.379837
0.236889
2.40774
0.0907368
0.340861
2.03402
0.786251
-4.25837
-0.55829
-2.23173
-0.272354
1.48969
1.01167
-16.9307
-0.974056
-0.0607977
-1.04515
0.620388
0.244378
-3.63289
1.02119
-0.268356
0.89777
11.4779
3.69488
-6.43361
0.853779
0.132276
0.157895
-1.99676
-22.658
3.68707
-1.7272
-0.755331
1.41923
-0.194784
-2.09752
-0.338558
2.62032
-2.23291
-0.905542
-0.160361
0.557919
-1.75096
-0.189121
0.471852
0.554498
-11.9318
-0.87382
0.568558
0.131568
-5.76194
-6.33639
-0.146318
-0.341517
-0.343955
1.91492
-0.72656
35.6638
0.666519
0.927169
-0.0504683
1.42387
-0.495289
-1.6394
-19.7117
1.53469
1.47409
0.109296
1.14971
-0.283526
0.24634
-0.276928
-2.04234
-0.203764
1.87799
-0.499209
-4.36993
5.10801
-0.295961
1.16144
2.06161
-42.4876
-1.38958
1.6359
-0.909394
10.6475
-2.39493
0.752791
1.28849
-13.1594
-0.564738
0.511109
-0.480811
-2.4906
1.41224
76.6263
3.90309
0.939516
0.566588
-2.11802
1.741
-0.0193813
1.8218
0.292568
-0.152076
0.875228
3.20238
3.37905
-0.223785
-3.68016
-0.951295
2.28984
0.0625506
-1.83677
0.405922
0.513667
0.121077
16.174
-0.394621
1.2256
-0.439917
6.23812
-5.91925
1.86029
0.402679
0.552621
-0.32074
1.15504
0.112585
2.3662
-1.19993
1.55522
-6.69678
0.113669
0.900681
0.782733
-0.488803
2.25376
0.939546
-1.50096
1.14007
9.34752
1.55541
-1.23653
1.31121
-0.474948
-0.359667
1.67844
-1.06596
-0.233896
-0.665623
0.592342
-0.661222
-1.23463
1.43629
1.31642
1.00442
-1.0834
-0.991141
54.8933
-4.90931
-2.74252
-1.02095
-0.466983
-0.626246
-0.687152
2.43235
1.58095
-1.7224
0.0399905
-0.0461475
-1.07123
2.76887
0.962815
-0.327228
-4.24459
-0.177184
-0.598352
-0.324888
-0.33262
-0.615903
1.36312
4.60349
-1.66198
-1.14731
-0.888796
1.15066
-0.285125
-0.352837
0.673837
-1.09522
-4.803
-0.578682
-0.240884
-1.25
-0.608697
-0.500193
-5.42062
1.70661
-2.23552
-0.0449964
-1.00277
10.4323
-6.74375
-0.390897
0.0267913
-0.820698
0.420183
1.15946
-1.84135
0.283755
-8.5852
-0.150223
0.132047
-1.33688
0.891215
1.425
-0.749802
-1.2994
0.734906
0.644879
-0.0250872
1.06015
0.513458
-0.376218
0.553029
-0.760528
-0.924911
-0.116343
0.274952
5.00475
-2.86542
0.100138
1.03344
-0.968386
-2.22983
7.44301
-2.37482
-5.25018
0.306163
0.461454
-1.80979
-0.172052
2.29126
0.812135
38.3359
-0.470815
-0.37734
-0.0307423
-4.27622
-0.327891
0.219419
-0.645149
-3.41012
-0.165492
1.29889
0.722451
0.673749
-1.99592
-0.555773
8.71198
-0.826744
1.68854
0.0771482
2.40376
0.18883
0.939968
1.61612
-14.8417
-0.722939
-0.190138
-2.84663
0.374887
0.170257
2.1486
-1.80521
-0.412251
1.09105
-0.370474
-1.05689
-17.9574
2.85384
0.573885
1.17886
-0.386477
4.7544
1.25386
1.29389
-7.79508
2.486
0.222647
-0.445058
-30.756
-2.55631
0.566095
0.380489
0.111139
-0.367839
1.7302
-2.08016
0.00441942
1.75937
-0.08348
2.08334
-0.746597
19.9172
-0.828399
4.08554
0.295424
0.350168
0.862611
-0.0611647
1.73389
0.222092
-0.142006
-6.22098
5.01987
-1.16989
0.738871
2.56306
6.49263
3.62616
3.85028
-1.15487
13.793
0.406481
-10.9779
-1.4625
-0.0756555
-3.35506
-1.39934
-0.402664
5.3588
-2.53388
-1.05962
0.0733274
0.818505
2.63297
-1.53263
-0.294286
-1.53724
0.816288
-1.82696
2.53415
-0.327715
0.134369
-0.0263289
-0.561575
-0.461833
-0.387115
-2.96658
0.552257
2.25059
6.04156
-0.351721
0.679588
-0.582326
1.19955
0.187171
1.40172
-0.0929975
-1.73555
0.210655
-0.830278
1.9471
1.53172
16.7468
-0.100393
3.92611
0.580453
2.95229
0.0219659
-0.386471
0.04384
2.78501
2.15823
-0.396533
-5.46519
-88.3782
-1.38429
-0.126014
-1.28738
-0.528404
-0.73741
2.28566
-3.79975
-2.8309
0.454379
-12.567
3.75239
-1.06969
4.52305
-0.477659
1.93218
-2.37596
3.4222
-0.712298
1.08234
0.569158
0.784097
0.464403
1.0294
0.719243
-7.81471
0.309808
2.32779
1.64582
-5.10106
0.795692
-0.197663
-17.5853
-0.429973
-0.649603
1.21605
0.539842
0.0632453
-4.54768
-1.42142
-22.7488
0.610006
-0.39625
0.171909
-0.297362
-1.48252
0.637261
1.43495
-0.0694781
-2.042
1.53826
-3.59356
-24.5077
-1.63725
-2.30773
-0.182057
-0.846703
7.51216
-1.59101
1.55696
-6.21527
-0.23735
0.212628
-0.19341
0.86288
-0.142092
3.82599
-11.2293
0.0303492
-0.438651
0.424079
-3.09348
0.373054
-1.78592
-0.0153363
-1.42999
-0.151326
0.181264
0.732049
-0.270388
-1.90471
1.62241
-0.127947
0.0815298
8.30573
-1.40467
-2.19422
0.340745
-0.0649723
-0.240479
-1.23525
0.71477
-0.0207579
1.67296
-1.7434
0.68817
3.95815
1.14764
0.0938514
-6.16771
4.01639
0.865799
-0.311897
-9.03393
0.044017
0.393853
-1.89475
-3.35405
-1.37346
0.454121
1.44326
0.384297
0.835334
0.139366
-1.07558
9.32912
0.229621
-0.589923
10.5483
-1.1571
-0.310703
1.51988
-0.67131
1.20945
1.32315
-1.26555
0.0631037
-1.1459
0.00231605
-0.496475
1.62544
-2.33597
0.854907
0.425254
-1.08168
0.0011199
1.31292
0.130733
-1.0416
14.313
-33.6789
4.09622
-0.750931
-0.473343
-0.17004
-2.91463
0.903962
-1.5387
-0.385582
-0.315136
0.958158
1.23556
1.35075
0.313447
-0.398509
-0.521849
-0.45887
-0.962477
-15.0315
-3.17883
-6.67855
-3.49996
1.20189
-0.170423
1.05872
-0.604759
2.24951
-0.261587
-1.50511
0.37459
0.606128
0.940245
0.151684
-2.51035
0.120369
0.455864
0.0933143
0.343457
89.3628
1.40441
-1.25257
2.08476
0.843149
-0.176569
1.19233
-2.46523
-0.155956
-1.14264
0.458791
0.183322
4.32151
-5.13546
-0.083753
-19.363
-0.62659
0.100476
-13.0774
-1.89847
-0.0754791
0.470376
-3.10241
-0.61697
1.51978
-4.21794
-0.863282
-0.155497
0.119141
-3.08149
3.65219
-1.56115
0.722067
-0.110109
-0.285768
-0.449966
1.59543
-2.4917
2.5709
-0.666235
-0.0441457
1.45096
0.0893213
-0.504323
0.894021
-0.37711
0.93302
1.10922
0.935367
-0.309636
1.15938
-2.13664
2.46247
1.20868
-0.224078
9.92344
-0.200542
-3.59764
0.344996
-24.9764
2.06151
-0.903334
0.574686
-0.325196
0.155219
-1.34454
0.108743
0.774173
-1.20363
-0.512268
-0.239951
-1.06674
-1.45193
-0.0643772
-4.30987
0.937266
-0.28465
0.752454
0.46684
-1.97964
1.84887
-0.216466
0.158923
-0.301979
-0.613134
-0.347812
-1.1923
-5.13694
-1.85782
2.18638
1.34443
-1.96196
4.72592
-0.711467
3.62418
-0.745044
7.24123
-8.99566
-0.0103372
5.83425
-2.41408
-140.415
-1.50245
0.358456
1.96762
0.242155
-0.890543
-0.147237
0.190165
25.1907
0.555718
2.84762
2.70172
3.15587
-1.65692
-0.519728
8.60402
-0.0485661
-2.24092
-2.06648
-0.340085
-469.158
-0.0263739
1.9263
1.26183
-0.300838
-0.407554
-5.14503
8.02639
1.06429
-2.04446
1.74067
0.521798
1.92814
-0.27134
-2.05983
-1.93525
0.992167
-2.64839
-2.25011
-0.316228
0.223032
3.6643
0.0985795
-0.949149
-0.71771
0.565505
0.202084
3.26901
-0.498119
0.85262
20.4168
1.81894
-3.39743
38.526
-1.96557
-3.40507
1.08362
-0.17573
-0.40582
-0.272456
11.0741
-0.796211
0.138732
2.08339
4.81886
-1.92779
2.09298
-8.0603
1.54483
1.86381
-2.2243
0.710374
-0.759518
-2.33644
-0.192908
3.25375
-0.685417
-2.43971
0.272687
6.0489
1.17425
0.220281
-1.50476
-0.268207
-1.61531
-1.32269
0.335518
0.491319
-3.36469
1.83871
-0.314169
-0.221281
-0.831146
-1.81925
0.451935
2.51735
1.57363
2.43444
-1.06883
0.184766
-4.43182
-0.534319
2.08543
0.0341594
0.801615
0.821098
-22.1459
0.122231
-0.0169955
0.163867
-0.468903
3.61639
0.0769701
-1.54343
-1.49447
1.13475
-1.84209
-0.715099
0.833281
-1.20775
1.25123
2.00181
-0.306391
-4.2762
0.953258
-0.483345
-0.681722
-1.09068
0.418761
-0.0983584
-0.62409
0.799655
-8.41195
1.27869
0.322867
2.77819
-0.286629
4.45393
-33.7726
0.277436
0.927223
0.358404
0.0737661
0.450495
-1.1998
1.18362
0.549133
-0.996574
-1.68256
-6.02642
-0.0802496
1.26341
0.404322
-2.43609
-7.84541
-0.618695
0.0380885
-1.59071
5.02335
-1.06754
5.45773
0.00620176
0.565246
-0.540439
0.790793
-0.158978
4.39785
-0.319515
-0.461605
-7.47106
-23.9562
3.14291
-0.514287
-0.578573
-0.229385
0.183526
0.0809509
1.62482
-0.683469
-0.294967
3.57727
2.34525
1.40134
-2.2721
-4.13923
-9.81748
-0.809602
-0.758557
0.668083
-0.160924
2.07779
0.159583
0.169366
1.83652
-1.24781
12.8232
-1.02199
0.78314
0.279433
0.208328
-0.230842
0.526914
-3.94056
-1.0786
3.19609
1.26598
8.3815
46.7533
0.560888
-0.140473
-4.32008
228.336
5.78178
0.178734
-1.95767
2.00244
-1.35907
0.411542
-48.0319
0.714568
-0.393102
1.10532
-0.163711
2.17242
-29.7789
0.234928
-3.28752
0.885279
-3.3187
-0.830981
3.37164
-1.73774
3.20179
-10.6224
0.00518834
-0.0919214
1.29962
0.58009
-2.30148
30.6305
-0.811835
0.576422
0.788826
-0.0363023
5.43589
0.791027
-12.0409
0.912418
-2.52511
-2.36951
-1.32607
0.276904
55.8635
-1.38485
-0.0692888
0.841468
-8.8548
-0.983617
-0.973711
-1.39421
0.407652
0.269332
1.12588
-0.161934
-1.7158
0.062863
0.955894
0.28087
-0.0906608
1.8943
-0.276692
1.87537
0.55347
-0.503667
1.50103
-3.94618
3.39863
2.67933
0.280859
0.058475
-4.33637
-10.9224
2.39638
-0.576827
0.765288
-0.20435
0.831671
-0.0644431
1.07404
-0.103193
-5.89055
-0.563394
-1.43049
-0.398813
-5.83383
-1.40954
-0.28538
-5.90921
0.0180375
-0.234174
-0.189
2.15424
3.13183
-1.03504
-1.14623
-1.88159
-1.70041
-1.13483
-0.47019
-0.396964
-1.0484
-8.84767
-4.25766
0.882278
0.0855708
2.66733
-1.60178
-0.434842
2.00211
-0.434919
1.44647
0.866268
0.828863
-0.393107
0.649197
0.121234
0.518653
0.683121
-0.144266
0.713475
7.39228
-1.53752
3.58163
-0.464348
-1.42876
-6.99807
-0.178844
-2.02686
0.259033
0.697669
-0.138871
1.15713
-0.799115
0.962575
-2.01694
1.08672
-0.422228
-0.908706
-0.174207
-2.23699
0.383433
0.89436
-1.43188
0.59673
0.820739
1.01627
-0.0604664
-7.52718
11.1047
0.18003
0.504655
-0.781798
-3.12489
0.566843
-1.2834
-0.0683807
-3.66315
0.611299
119.994
-0.701338
-8.07098
-5.3739
-2.9973
-2.21429
0.143299
0.443337
-2.08926
0.275844
-2.26238
-0.580506
-5.43319
0.268589
-0.91441
-0.465798
-3.46888
0.306736
-25.7439
18.8607
5.67861
-1.76823
14.7188
-0.0371976
2.2602
-2.18715
-0.800038
-0.704922
2.1526
-1.82361
-37.0376
-1.61027
-0.496774
1.8823
-0.646914
1.3426
-31.4343
4.47583
-4.86308
0.0580918
-2.0326
5.32371
0.0290327
1.45345
-0.320659
-1.21663
-0.889148
21.4192
-0.345816
-0.73713
-1.16557
0.474633
-0.655831
1.97465
1.08399
2.08517
0.250868
1.30892
2.89511
5.67186
-0.274963
-0.184806
-0.882379
2.6458
0.417301
-0.567059
6.79928
1.59174
0.804238
0.403378
1.36227
0.819605
-0.0967305
1.29344
-0.702768
0.157673
-1.0667
0.18111
-0.67165
2.61146
-1.79813
-0.976909
0.750706
-0.888048
-3.33118
-0.732096
0.408489
-1.30321
-66.5467
2.88537
-2.11931
-0.472946
8.08393
0.578641
-7.86855
0.868663
1.31867
0.575336
0.463394
0.179129
0.201351
11.5153
-0.555302
-2.74962
-1.1239
1.54007
-1.51293
-3.49109
-0.0909223
5.91818
0.141397
0.451419
2.03005
-3.15947
-0.0734918
-0.603027
2.38437
0.847672
0.62788
0.428828
-0.423189
-4.07746
-7.64397
0.160661
-0.442076
0.497568
-2.29132
-1.70533
-1.01615
1.48799
66.4918
0.0128997
0.500604
-9.43469
0.550431
0.241834
0.0627577
-0.0160899
-3.20903
-0.242942
-3.4321
1.69764
-2.47592
117.043
-0.204953
-0.206021
-2.92682
-2.0031
0.503033
-0.601558
359.165
-27.3984
-1.0551
7.39382
0.0965888
1.31817
-1.18849
1.15001
0.122456
1.20558
0.621925
-0.21981
1.09587
-0.594489
0.815244
1.79243
2.82157
1.54787
-2.07401
0.92033
-0.632904
-4.23007
-0.455045
-0.155341
-33.3026
3.98295
-0.736076
11.8187
-0.168879
2.79083
0.195919
-0.126879
-0.900406
-1.44835
4.10628
-1.50654
0.819911
-0.185156
-0.029367
-4.78207
1.09794
-0.17965
-0.771551
-0.821866
-0.390795
-0.167164
-7.84567
1.22626
-2.80889
0.239559
9.13994
-2.95848
-1.42841
-0.37835
-1.22534
-158.691
-4.91548
0.721965
-11.8157
9.60465
-0.692611
0.0495785
-2.28292
12.4988
6.71593
12.4457
29.9145
0.233065
-0.712145
-0.0236446
2.49794
-1.54972
3.34514
-1.43314
-0.421634
-0.158292
7.0138
-2.50967
-1.15698
0.758791
-1.92419
-1.30204
1.69343
0.291397
-0.112271
-3.08136
1.71778
-1.1586
-0.366391
-1.07174
-519.621
43.3244
34.2767
1.03787
4.51618
1.2303
-13.1
-9.10945
2.02442
-0.848369
-2.36625
3.30185
3.64086
-0.491824
0.0893657
0.659004
-1.6106
-0.276194
0.489071
-4.92653
-16.7593
0.591544
-0.0995736
0.608978
-4.62242
14.4328
-0.753087
-1.54391
-0.156129
-0.129383
7.77485
-0.0563232
1.64844
-8.79969
1.01811
-3.06529
0.873649
0.322879
-1.70703
0.788887
-0.135642
-4.38925
2.70313
0.666362
0.908003
-0.82302
-0.76811
-0.742581
-1.91179
3.54621
-0.202003
0.17302
-8.75927
-0.256408
11.1196
2.48252
0.287435
1.06504
4.0543
3.15015
-0.327968
-2.71634
0.0906127
5.69957
0.367541
3.1997
-1.97104
1.26077
-3.29013
2.68946
0.14858
0.641141
-13.7051
0.651553
23.4663
0.816678
0.267373
8.45373
-0.408172
2.2462
0.0503819
0.479646
-0.655916
-5.7176
-0.0496137
0.186265
4.71824
-0.27167
0.209738
0.453233
9.51194
-1.68522
-0.656866
0.365307
1.35691
-0.33663
-4.2383
6.78163
-0.803547
1.36503
-0.130829
39.1051
-4.7074
0.0122941
3.43117
-1.43819
0.126486
-0.482634
-13.8715
-0.0506678
0.571817
-4.8949
-2.10298
1.17715
1.78307
-0.552402
1.62273
-0.31684
2.89691
0.685908
0.709852
0.237464
-0.418873
-2.05269
0.285233
1.14974
2.21984
0.59812
-0.0647291
-2.0205
7.2985
2.41267
0.479618
-0.0603575
-1.57811
-4.55496
0.129992
0.0299828
0.0842578
1.27643
2.06034
0.928275
0.730495
-0.362604
1.42809
-0.745799
-3.03135
-2.33877
-0.315016
0.123311
0.308326
-0.243194
-5.39819
-0.151009
-12.4856
-3.90123
-23.0749
0.40958
6.17784
0.361707
-0.227571
-0.265666
0.743902
0.0671643
1.79925
0.57771
-1.33967
3.50745
-0.228018
3.7358
-3.46096
-2.22055
1.04418
-3.11142
-0.252837
1.45576
1.04838
-1.90872
-2.59204
-1.0973
-7.24846
-3.94349
5.0858
0.102364
0.141731
-0.955462
22.1733
-0.166634
0.518304
0.629435
-0.393608
-2.16742
-0.0990543
-0.441076
0.972203
-9.08131
-5.18948
-0.573282
-1.72221
-0.265201
-0.848825
0.680516
20.6794
-0.622549
0.373314
-8.57238
0.574561
-14.7074
0.42071
-1.03862
0.232328
-1.25717
0.320704
0.331061
9.35347
-0.307006
2.77146
2.19658
-0.32763
-0.710886
3.26111
0.498544
2.40748
-0.0961642
0.139699
-0.843104
1.65104
0.105331
-6.35374
0.545124
-1.62258
3.33157
-1.67685
1.22234
-1.58669
0.781168
0.270781
0.642026
-0.137425
-0.459301
0.583649
-1.33711
-3435.18
0.064838
-0.118891
1.3569
2.26597
0.167563
-0.844455
-0.392185
-8.19986
3.87137
1.37159
0.309917
-4.50663
-0.136991
-0.791012
-0.2061
7.0735
49.1027
0.482524
-0.628973
-0.704083
0.344641
2.19953
0.243904
0.312245
-0.0848392
2.11449
-0.596094
-6.42909
-0.575937
-0.540346
-9.98543
-0.548569
-1.57786
-7.1805
1.43678
-53.8535
0.483053
0.110068
-4.7024
-0.00268179
0.599105
-0.0581735
0.167248
-0.537592
-5.40692
-2.16578
1.34283
-7.48045
-0.7426
0.337703
1.55271
-22.4288
-0.0201555
-2.30208
0.815451
-28.2261
0.930348
-2.12259
2.86745
1.07996
1.12105
-1.12157
0.064311
3.26074
7.71577
-1.33803
-1.0126
10.3062
3.85439
3.90532
1.53404
-7.46495
-1.52593
4.15311
0.1879
3.11593
6.20136
-0.699485
6.32803
-0.197212
-0.813042
3.44663
9.24583
-3.57376
-7.57706
-1.20537
-43.4506
-3.35306
-0.0215072
1.61676
-0.69906
0.246206
0.442598
-0.758485
0.0644956
0.93585
-6.1577
0.509001
6.58638
0.496797
474.104
-0.0524518
-1.22309
-3.51122
0.908882
1.91308
-1.77857
-2.12072
-0.936645
0.204808
-0.266535
-0.441487
1.48419
0.0262398
0.336252
-3.44838
1.66866
-0.341884
-0.435288
0.299945
-1.09446
3.12491
2.08826
0.0322733
-0.136367
-0.169236
-19.4916
-0.398965
-0.905515
-0.772079
-0.393959
-0.604933
-5.10775
-13.9508
-1.54469
-0.487223
3.53697
1.77568
-0.465872
-0.814799
-0.151195
2.5675
-0.932846
-0.909411
1.7052
0.0745236
-0.043064
-0.470964
-8.38167
0.149967
2.76118
0.683792
-0.350532
0.215922
-0.0351355
1.08837
-0.330446
-0.00852225
-12.5035
-29.663
0.858939
0.183138
0.97853
1.56079
-0.292598
0.412165
-2.14004
0.513182
0.123903
0.706898
21.2695
-0.804366
-0.636522
2.73934
-13.4696
-62.8028
-0.134582
4.74982
-0.39878
0.0375598
1.89842
3.41173
4.01452
-0.0703821
-0.0261541
0.124392
-15.5426
0.477112
5.23741
-0.331858
-0.645237
-11.8094
-4.15719
0.638938
1.66708
0.316938
-0.252578
1.26272
1.40119
-0.700759
1.91259
23.4824
0.100814
-15.5941
-2.2937
-1.57175
14.6392
-9.34589
-5.61152
0.744284
-0.543664
-0.0907065
0.644248
1.89287
-0.881868
0.301287
-3.38456
-3.5872
-0.567037
-1.00773
-1.21498
1.87557
6.95813
17.4018
-1.46114
4.47523
-0.0721776
12.5318
2.57888
-2.26831
0.0454229
-0.930895
3.39723
1.31798
-0.182859
0.925051
3.06074
-0.136173
0.752975
-0.329452
-0.56094
-0.399558
-1.29229
-11.0981
-0.390465
0.89176
-0.223402
-26.5872
-0.0926685
1.16185
0.0118074
6.95479
38.9491
-1.32815
0.507782
5.62264
-0.301688
1.50861
1.62613
-0.78899
0.722254
0.745683
-1.97621
1.43106
-0.566466
0.708004
1.5957
1.25389
1.27178
-0.00904076
24.3669
0.611198
-0.141831
-2.06112
-0.857787
3.88174
-1.26535
3.99494
3.64078
13.399
-4.24083
3.56285
1.94365
0.455246
-1.15581
1.32729
6.01783
-1.00766
-1.06224
-1.05292
-1.57959
-2.60587
136.152
1.9577
0.304709
6.79779
-1.18067
6.50029
0.352826
0.393984
0.489058
10.5009
-14.6967
1.29937
-2.60301
-0.5646
-1.91866
-0.232665
1.32783
1.34705
0.468981
-4.00653
0.803687
0.860213
9.28574
0.68722
-0.566103
-0.094623
-1.16493
0.501465
0.442092
0.500136
0.416106
0.0793533
0.336573
0.680062
1.36742
-0.0704431
-0.46406
2.70911
-1.53345
-4.16264
0.61213
-3.87396
8.07635
1.04224
0.716546
-0.231442
2.08006
0.0204179
2.79137
3.15382
-0.383302
-0.0369421
0.134328
-1.2047
0.639861
1.68588
-9.5201
0.245955
0.044794
2.10043
0.68353
-4.40621
-0.683074
-0.633107
3.22713
-1.64132
-0.343321
0.289151
0.722169
0.0263921
-0.203908
3.87326
-1.05488
-5.83935
1.09289
-0.825165
-0.443016
-0.128332
-5.51758
-0.20712
-3.43095
-1.66089
-0.644284
-0.559702
1.01841
1.15803
7.46137
0.427646
1.69977
-1.19732
-2.17916
0.0315481
5.57322
-1.35056
-0.230415
-0.550792
-3.155
0.827348
2.61619
-0.898809
-4.60636
-0.678196
-0.957698
0.609371
1.3982
-0.146861
-0.410892
-0.750172
-1.22434
5.68283
0.11878
21.0322
-0.428134
-1.07655
0.348567
-1.05363
-4.22972
-0.230872
0.973053
2.37717
-1.76126
2.62634
-1.65274
-0.032352
-3.10035
-0.359814
3.42641
1.07125
1.55488
-0.185226
-0.323906
-1.13703
-1.75006
-0.690315
-0.0165988
0.778794
14.1792
-0.570428
-1.19697
-0.411225
-0.298961
-1.15194
2.03143
-2.54595
0.138804
1.59809
-4.01938
14.2642
107.542
3.10837
1.20899
0.556757
-1.89887
-0.448056
0.935098
0.66465
-0.649506
0.331033
1.28787
-0.209965
-1.9708
8.37063
-7.81374
0.206532
1.29774
-0.875313
-0.522348
0.399403
1.0055
-1.08353
-13.0384
-5.40778
-0.703894
-0.698323
-1.55876
-1.2801
0.256722
-1.21914
8.21734
-0.68806
1.14385
-0.721333
-0.629902
-0.787147
106.46
-4.33357
-3.41735
-2.22438
15.4852
-0.484321
-0.81024
-1.0758
-16.1724
1.4898
1.08995
-953.771
-0.523933
-1.62115
-1.38681
2.14589
1.40862
-34.9008
5.50722
-5.686
0.491598
-2.69797
-0.483679
1.26786
1.61243
2.16512
0.746271
6.77131
-1.9014
0.181552
1.84383
2.93951
34.7514
0.442064
0.137955
0.163058
17.2901
0.359505
0.160409
-0.121736
14.1294
-0.278884
2.1807
1.64457
0.283201
2.15103
3.4378
0.582683
16.7144
-0.0897217
-11.3785
-0.42177
0.703031
-0.932959
-2.52881
1.32796
-3.72947
14.919
1.92222
0.787062
3.88789
0.186008
0.550562
3.39218
-1.43192
2.05153
-1.2176
-0.825031
0.0585355
0.338938
-1.80152
-1.35151
-0.49754
0.519428
-41.1702
-0.112176
0.470799
3.13545
0.132269
-1.00822
2.85286
3.69404
-348.183
-0.624916
-0.257587
-1.02504
0.15727
-0.36531
0.367482
-0.616352
16.4025
0.893087
-2.37927
-53.4978
0.0523803
-1.1233
0.805232
-15.0941
0.337464
0.418818
-0.368867
0.621665
-0.995433
1.3779
1.37963
-9.33388
2.01903
0.673175
-0.902742
0.663828
0.110414
-1.02838
0.486536
-0.196296
-0.503303
-0.215626
0.570364
-2.69951
0.691035
-1.01106
8.52678
-32.2131
1.08524
4.20512
-2.11585
11.912
-3.17853
-1.17186
0.4701
0.0192648
4.84409
0.297219
1.32669
-9.33591
-0.419718
-0.828462
-1.18328
-0.241016
-1.16102
-0.0323188
-0.337124
0.796037
-0.598188
-0.0873947
0.737234
-2.77548
1.04111
-0.933759
-0.541747
0.26231
-0.364636
-0.282572
0.897035
-0.28265
-20.8877
0.120715
-0.264336
-1.569
0.00221404
-0.142629
0.261386
0.995684
-0.308848
-23.7983
0.590439
-0.0676368
-6.11053
1.68518
-3.69111
-0.389027
2.37432
0.298429
3.60065
-3.30019
-0.237388
4.15562
2.866
19.3368
1.54817
-3.01078
0.402775
0.450376
-0.758314
0.467361
-1.49586
-1.69345
2.58118
2.15169
-7.08937
14.0342
0.526315
-1.24502
2.43568
0.156107
-1.57126
-3.36032
-0.0260489
-2.89887
-17.5655
-0.745787
-3.25526
-4.65179
1.25368
0.389211
0.716253
-0.935339
3.31815
-4.78675
0.104876
4.78212
-2.49694
0.30593
-2.15897
0.207262
-3.32486
-0.773095
1.13078
-0.911656
-4.71125
-3.17322
-8.95729
-8.46357
0.591342
1.61328
-0.317117
0.726898
-0.983754
-0.604541
0.38466
7.14448
-1.87723
0.750279
-0.770518
0.988042
-3.3187
3.02996
4.28348
3.10493
-0.383695
-0.394568
0.691979
-0.551641
0.389601
-1.15859
-1.41452
-0.0459826
3.70237
0.93103
-0.0386769
-1.45346
-2.30234
-0.439292
-0.367579
1.09637
-1.95467
0.671808
-8.67052
8.33008
-3.16164
1.87313
-2.54037
0.425746
-2.27664
1.41801
-0.0339091
2.57454
0.0801247
4.83531
0.460981
-3.57224
-0.319616
-1.29091
0.296209
0.294923
-0.624118
0.945077
33.0725
-0.736175
5.31662
-0.74246
-1.45569
-1.26817
2.3151
2.50551
2.97496
-0.293644
-0.197819
-1.89342
0.944803
-0.438144
-1.7877
-2.42457
-2.17389
2.08368
0.86264
0.444589
-2.38194
1.29675
-0.168597
0.0281116
0.129306
0.415075
-0.78295
2.01218
-2.31301
-0.167714
-0.586825
-0.201809
1.71394
-2.39431
-1.40155
0.603191
0.866246
0.702605
1.06355
-1.17866
0.854008
2.91637
1.45384
-2.57178
-0.806771
2.30176
-1.68612
-2.2626
0.865036
-6.28166
2.11517
-2.78157
-0.0526849
3.77891
-0.126565
-0.196053
-3.09863
0.374213
-0.173201
5.89728
0.153525
-1.24394
-1.74724
-0.432597
-0.398497
-1.33426
0.205144
5.95615
13.3031
0.126374
-0.111243
1.86752
0.896136
-0.4775
0.368211
-0.275269
0.302752
-0.681376
-1.02255
1.80461
-1.16431
1.21809
-0.688444
0.50235
-0.784522
0.595696
0.256516
20.9804
2.09525
-1.27448
-3.68266
-2.68191
-1.17158
1.19307
-0.220148
-0.142819
2.55525
-1.09661
8.62115
-4.29537
1.18702
0.695814
-0.23462
0.434448
0.202868
-0.335483
-0.468712
19.3115
0.964197
0.957993
2.16968
-2.0221
-2.48432
-0.983676
-2.42663
1.32274
0.761743
2.04516
15.2789
3.34404
-8.51189
0.387225
-0.282788
2.79399
0.326874
-0.170231
1.36242
-0.128158
-0.239661
-1.39534
0.968195
3.09473
0.888266
0.963174
0.0564835
0.648263
-0.0275208
-10.2833
1.02277
1.41733
0.240575
-3.65372
0.338616
-1.29169
-0.219069
0.791721
0.970374
2.67422
0.794179
0.661962
-0.716407
-1.738
-0.400912
-0.93007
-0.947541
4.11791
-1.05571
0.537032
-0.703381
3.19048
-1.43523
0.419956
-0.860367
0.857092
2.73651
0.349075
1.11264
-1.31085
-16.5174
-0.423071
0.545196
0.345767
5.50688
-3.17658
1.03583
-1.83764
0.274771
1.79342
1.3601
0.94556
1.85674
-0.349941
0.159426
-0.86641
-0.975461
-1.31993
-1.97376
-0.181126
-10.2287
-0.00113829
12.8993
1.99233
0.880949
-0.530141
0.761055
-0.473215
-0.639237
-0.755792
-1.91632
0.216891
-1.04307
-31.4292
-10.0903
-0.510528
0.34354
0.779672
0.769812
-1.24976
1.60295
-4.44723
0.33708
-0.46763
-0.599674
-0.304986
0.120439
-0.771443
-11.3427
1.06707
1.64106
-126.117
-0.0092372
-3.69839
1.09756
0.359013
-1.29766
0.560209
9.82711
0.847176
0.207948
1.13048
-0.085984
-0.0421669
10.0808
-3.09034
1.21455
-0.041664
0.939312
0.660474
-1.48938
-1.28835
-3.4268
4.04841
-0.431586
0.564312
0.399302
-2.30693
3.82061
-0.0494414
0.638437
-0.724384
-1.29508
0.0115259
-0.882393
0.941603
1.57499
-0.671304
0.822286
-9.56546
3.64051
10.326
14.8885
2.82095
-0.854575
-0.360058
0.275689
-1.69639
0.265585
25.3435
-3.29142
0.339915
-0.731532
0.00717815
-0.142121
-1.05656
-3.48287
-1.0706
-0.761646
-0.697923
1.20102
0.372894
0.66976
-0.69241
1.47406
-0.0493459
0.609936
-5.49247
-5.07258
-0.276718
0.154486
-1.66337
0.761595
-2.61242
5.04124
-0.190237
2.27137
3.27797
0.748364
0.453892
0.457539
-2.03534
1.10957
-1.36328
-0.344012
-0.779296
-18.0824
-0.230925
-2.56412
-2.37611
-0.633148
6.79085
1.45461
2.55726
-1.86041
0.359819
0.268288
0.655413
-0.143969
1.03158
-3.47431
-3.8182
-0.0520629
0.459732
-0.4519
-1.20688
6.2682
-1.13116
-0.339193
0.0206184
0.144978
-11.9008
-0.439074
-1.90293
0.418827
-10.0105
1.09579
-0.626344
-0.554218
0.419521
-0.0998127
0.383986
1.02057
3.22843
-9.60922
0.0801422
-1.17395
1.86111
-1.14842
2.67259
0.435591
-0.344444
-0.324026
-0.0774308
-2.82043
2.24968
0.0728548
-5.31113
0.45158
-0.668893
21.5854
-0.711948
-3.42453
3.97276
-4.0221
-0.134971
-0.475009
-0.0913499
-2.0743
-21.3564
-0.423652
2.28524
1.19282
-4.1594
1.09954
3.89689
-2.42131
-5.11909
0.767621
-2.68457
4.70667
-13.9532
-0.0306457
4.05178
5.01275
5.09881
-2.50454
0.650926
-0.382994
-0.523442
0.305795
-0.962411
8.4495
21.2568
23.4534
0.313169
0.0991504
2.37953
-1.97691
-5.71988
-8.59784
7.30642
3.22889
-1.57412
27.6569
1.31239
-3.57777
-0.34464
-0.842485
-1.65979
-16.9572
2.50074
0.221998
0.216917
0.773807
-5.7065
6.30919
-3.97895
0.504953
-0.967148
2.12618
-0.109766
-1.83498
0.0741527
-2.10016
3.48663
-1.25446
-0.37819
0.00901508
-0.0255199
64.9803
-1.90978
2.41256
1.54682
0.00623545
0.502644
0.78783
2.06971
1.60755
0.483429
0.526743
-1.00472
-0.602338
-8.60971
-0.618068
-1.44709
0.363576
-0.0310654
-1.58551
1.00621
0.2509
0.0567934
3.89433
0.865527
-14.5278
4.19952
-1.56288
-0.522456
0.0290929
0.97164
-0.973145
-0.530532
0.532458
15.7889
13.7978
0.528767
10.3663
-0.155186
-0.741889
-6.88978
0.512948
1.2117
-0.297001
0.242377
56.4216
-1.17322
1.22326
0.712929
0.159943
8.82782
-0.465221
5.235
2.72573
-5.16826
-2.50728
-1.89438
1.03755
-1.74937
-22.4798
1.97765
0.134851
-7.22432
9.65495
1.96593
-1.13134
5.02994
-0.536466
0.396867
-0.672307
1.90884
0.266969
0.996552
-0.31444
-1.6035
-0.899937
-1.73858
-0.986909
-0.586824
-0.142803
-1.21726
-0.191932
-2.12476
-5.86085
0.114341
44.662
-0.0936364
-0.542216
1.25846
-1.28992
-0.103152
-0.530727
1.48326
2.11931
-7.22201
-2.62527
-10.3788
-0.425343
-0.717494
-0.913589
-5.15734
-1.32329
-2.45669
-0.467023
3.41683
-10.1576
0.039347
0.695734
-1.00683
-1.99054
-1.22785
1.00814
0.775659
-0.32593
-0.582573
1.19794
-20.0252
-3.31123
-2.18393
0.783815
0.0178712
1.2992
-0.761931
-1.22607
-2.38071
0.242662
-2.78087
1.27214
0.0096352
-2.26267
-1.07782
1.00769
-14.2187
17.4802
0.0363056
0.0591082
22.5079
6.96031
-0.317312
0.379535
-0.328398
0.97077
0.515937
-0.343874
0.682752
0.154068
-4.7024
-0.0356956
-20.3131
0.109504
0.0657457
0.882561
-0.3464
0.428729
-2.11422
0.542341
-7.89727
1.70169
-2.51512
6.19032
-1.0357
-0.186287
-1.89107
1.25319
-1.99186
-2.8513
-5.53779
2.73894
5.8972
1.28708
0.4005
0.843267
-0.638296
0.253649
-0.156596
-0.79761
-0.851376
3.94851
-0.0653688
-0.497806
1.44848
-1.65767
2.57775
0.280419
0.342259
0.400311
-0.208467
-0.39668
-2.55854
-296.124
-3.35196
0.521875
-2.3365
-1.23155
-0.345104
-0.35677
15.0141
-1.52103
-0.153079
1.25825
-0.8334
-0.112739
3.34003
-0.55323
-0.884602
-0.417608
1.76968
1.48404
-0.0856077
0.0650781
0.147941
2.17212
0.600603
0.987373
-0.103806
0.60945
1.10348
-0.452952
-0.0127217
0.208467
-0.389858
0.584235
0.0494288
-1.39117
-1.07301
-2.75392
-0.954613
0.0726684
0.506128
-0.143777
1.69686
-1.01489
-12.1597
0.788432
-0.500704
2.11824
-2.03863
-18.4894
-310.67
0.314211
1.05119
0.0193123
-1.86381
-0.956645
-1.70475
-0.897917
-1.83409
-0.75188
3.00107
9.52223
0.334289
0.81045
0.252543
-0.517922
-0.321721
-1.14723
6.43424
2.61621
-0.447172
1.22517
18.8904
1.402
0.0790352
7.82716
1.91602
6.96395
-0.402722
1.08415
-1.34843
1.28169
2.62234
0.755343
3.87416
0.0284019
-27.2899
-0.880141
-0.694921
-0.349683
0.285802
0.211857
2.19274
0.945762
-2.23014
0.239829
0.376703
12.1052
-9.05944
1.18901
1.31552
-0.268865
-0.468345
5.58218
27.7137
-0.810588
1.2124
2.67346
-3.15436
0.184172
-0.72154
-1.46458
-0.201856
2.01575
-1.83029
-0.810348
-1.5775
-3.64959
-0.434851
-1.39426
0.366838
1.84022
0.757505
0.0653122
-0.558477
1.25532
1.39461
-2.75698
-2.43932
-2.09708
-0.158174
-0.91579
-4.06883
-0.504483
4.64556
-0.675961
0.991811
-2.0983
-0.217416
0.291743
5.19895
-0.0568333
-0.0653325
-3.10762
0.319916
-84.975
-0.21216
0.488722
0.281948
-0.734902
0.396028
-0.801557
-3.25687
1.27007
1.51142
-0.334007
-0.739906
-0.177665
9.50243
0.277476
-1.44634
-2.78172
0.332939
-0.236905
-0.719198
-0.43888
-1.42294
2.69728
0.795383
-0.508045
0.135498
-0.989513
-0.103559
-0.703379
-6.5858
15.3376
2.37802
0.585068
0.535772
1.48911
0.656092
-0.200179
0.71603
-0.218213
-2.65322
-0.839895
-5.39248
-2.23581
-8.03308
0.499562
-7.88607
0.657677
-1.13419
0.184738
-0.928079
-1.34299
-0.57305
-3.32284
-0.36836
-0.440341
-0.35911
0.51187
-72.9887
-0.404281
2.17237
0.449444
-1.06406
-1.97556
-1.40784
-1.64902
0.946408
-0.0273408
-0.164863
2.20915
-0.591959
-1.18695
-2.06636
0.509885
-0.373652
-6.24025
0.837848
-2.06727
12.5916
0.804681
25.694
-2.94497
0.37358
0.215701
-0.467074
0.459911
3.79841
7.03129
-0.231164
-3.02975
-3.27586
-1.27089
0.229618
3.09063
-0.761895
0.378331
-1.17604
-0.924347
-0.343578
0.00282922
0.00168397
-411.845
-2.51636
-0.851584
-0.232333
9.0292
7.69304
0.887351
-0.237505
0.337805
1.78413
2.55479
0.863828
0.249886
0.223091
-0.771896
0.364455
1.15541
0.932684
27.008
-2.89507
-2.15785
232.877
1.79201
0.0130014
0.0954486
5.20514
0.0129575
6.23028
2.42102
-1.8092
0.468246
0.327045
-0.200577
-0.0918158
3.31372
0.150155
-0.192764
-10.9166
-3.16201
0.948873
0.384757
-0.0944918
0.408183
0.110888
-5.86173
1.30009
0.579795
2.1014
0.933188
-5.12641
-0.325399
-1.21739
-2.18048
-0.760955
12.7929
-0.961612
0.0254803
-0.0332849
-4.75488
9.64316
-1.53277
0.60553
-117.24
-0.319688
-1.52355
-0.565778
-2.45632
2.49174
2.85499
-0.838234
0.643476
2.54159
0.201722
-1.09063
-9.32445
1.29968
0.472625
-0.248379
-1.6231
0.687604
0.636946
-0.311561
27.5277
-0.477067
-0.0364907
-0.376996
-0.0792933
-0.47498
-0.654499
-0.0298361
-1.02449
-0.362155
2.69042
-2.51606
0.969435
-0.045084
-5.55687
1.53915
4.42178
5.85465
-1.39379
0.371107
-3.34432
-0.690076
-0.422444
2.01576
-0.555969
1.19025
-10.8582
0.11276
-3.51228
0.192343
0.832089
14.2471
0.0401507
0.306084
-1.58927
3.87042
0.0244678
0.149173
-0.962324
16.6544
1.67511
-0.301791
1.06098
3.85918
-0.799169
0.600202
-1.58815
0.27809
7.41492
0.645528
0.952844
-0.230344
0.61029
3.02923
-1.75455
-0.674104
-0.162994
-0.183663
1.36484
-0.792703
-13.0649
0.30793
0.57864
-0.298852
0.347626
0.180428
2.4866
-2.11925
-0.161611
-5.79783
-1.7888
-0.614233
-1.96897
-0.0032521
-0.109386
0.333565
7.75648
0.315175
0.465601
-1.8617
-0.267395
0.257502
2.8859
-0.628238
-0.441513
0.39609
1.15506
2.42505
0.27693
-0.686126
-0.0657664
1.21483
-0.157559
-1.38856
-0.522304
1.2786
0.0404226
3.50208
0.120031
-1.22171
-0.136167
4.42042
-0.0471241
0.447805
-0.394513
-0.751945
0.404294
3.64658
-2.6309
0.220951
-0.919445
14.0234
-0.454384
0.971489
-0.0689236
-0.830596
1.05571
0.90777
-1.97189
-1.58934
13.3699
0.1079
-0.421987
0.513794
-2.43087
-0.279242
0.257709
-3.90162
0.470071
-1.07363
-0.0179203
0.115687
0.990233
-0.409745
1.11034
1.18963
-0.388112
-3.94691
-2.3521
-2.49633
0.549388
0.706908
0.100854
-0.432625
-0.758174
1.9346
-0.933244
-0.652443
-0.600672
0.0854096
0.532572
-0.338803
0.369324
-2.59069
-2.23032
-0.524506
-0.0436213
-5.28317
1.23013
1.71389
4.88214
-0.689516
-3.84922
5.09664
0.220195
-2.52192
-0.0125606
12.2232
-2.31691
6.16476
0.954749
0.0818328
-7.70428
-0.798399
0.398395
-0.714773
-6.78633
11.431
-0.191129
0.246762
2.85126
0.177144
-1.10823
0.0217281
-3.41408
-0.987874
-2.91136
-2.3099
45.4486
0.506169
-1.3674
-0.983467
-3.6833
1.00612
0.994957
4.79543
2.09168
1.31719
-0.521924
11.6881
0.756481
0.389761
4.47976
-1.35948
0.657001
0.0689288
0.256691
63.4364
-7.14563
-0.45951
-2.07948
3.19153
-1.02917
-0.234837
-0.126966
0.484766
0.0409827
1.7185
-0.284527
1.30314
-0.325729
-4.36985
1.22914
0.352122
0.0691683
-2.21572
0.707106
2.39335
0.359608
-0.523694
1.36644
1.5702
2.26884
2.3367
7.21269
4.57214
2.3682
-0.283558
0.491846
-0.453693
1.78576
-4.27328
4.7927
2.05505
24.5248
-3.41701
-0.0524886
0.0787662
-0.112951
-2.94828
1.51648
-4.69711
21.5322
-5.85721
0.62445
7.37694
-0.865955
-0.216919
288.55
-4.2832
4.45241
-0.0525268
-2.10067
-1.30868
-1.58051
0.561153
-1.03171
-0.476159
-4.87335
-40.3362
0.639729
-0.708706
15.0493
0.0270358
-0.58112
-1.36809
0.175966
0.572586
1.90393
13.2113
-5.61455
-0.107575
-0.634444
1.13283
0.845294
-0.348159
-0.419374
-1.15267
0.346835
2.74171
-0.935719
3.30894
1.24738
-2.5649
2.1286
-0.266527
0.826877
2.28619
49.6265
-0.506366
0.581493
3.11591
1.03385
1.35437
-1.25321
2.31937
-0.601243
2.07661
-0.158635
1.20738
-1.51526
0.105891
-7.23632
-0.264689
0.155746
0.458854
-0.324749
9.07211
-0.118249
0.399549
0.042885
-0.759822
1.05975
2.13587
-0.151819
2.09113
-0.301305
1.77959
-0.480938
0.654375
-7.30941
0.234484
-0.984511
38.4211
1.95692
2.38398
72.6439
-0.00885344
3.70243
-0.713002
0.510831
-0.187683
1.59195
-2.14589
-29.0161
0.542994
2.16501
2.52954
0.612266
0.00368496
-7.57598
-0.471625
-57.0787
0.475424
-2.82755
0.141756
0.544226
0.0173057
-0.505141
-4.09257
0.310868
0.595676
-31.7542
-0.864524
-1.28384
0.0928182
0.731028
-0.35973
-0.669218
-2.92749
0.454181
-0.176284
-1.12116
-0.23442
-1.18556
3.6104
0.421987
-0.583095
-1.04335
-0.15121
-3.50188
-2.04318
0.980548
1.10518
-1.13713
-1.37194
-0.247593
0.57732
-0.254621
0.286519
3.70034
0.54385
41.5403
-0.156266
0.599068
-0.857081
2.13438
-0.225276
1.17567
0.546651
1.88637
4.1629
-2.69018
5.84395
-1.63281
-1.3756
-0.463479
-11.9797
11.8731
-0.250919
5.34651
-14.1165
-20.7144
1.18764
-0.264799
0.627062
-0.297038
11.722
60.9746
9.38909
0.240036
3.54053
2.93899
-0.706853
-2.0895
-6.28343
0.37479
-1.51806
126.075
2.13805
-0.406158
3.30204
-0.198127
0.952479
0.386267
-16.2154
-0.430316
-0.519188
5.78565
0.464083
5.18251
-0.760689
2.2991
0.565651
0.194509
-2.58287
-0.336369
-1.33639
0.312744
0.178528
-0.0771467
-2.72195
-41.5005
-2.27117
7.18328
1.35284
-1.08613
2.86825
-2.2459
1.52219
2.75691
-2.82465
2.67633
0.208102
2.85333
1.68277
0.395397
0.618408
1.59064
0.129057
0.110214
5.36531
0.685404
-0.380223
1.08578
-0.997716
-0.302562
0.31589
-0.121461
1.46246
-0.928249
-0.313136
0.209249
0.184064
0.246553
-0.49583
-0.641351
-0.190468
-1.45296
-0.19029
-0.333421
1.38907
0.81104
0.76955
-2.2457
-0.292885
-3.77317
1.21481
-0.449347
-0.194895
-8.68099
-14.4207
0.139833
-0.832542
-1.30136
-6.67306
-3.295
0.210541
0.308058
-42.1422
-0.366035
0.926299
0.64222
-0.0609739
-1.25749
-0.468745
0.892617
1.027
1.64651
-3.40522
-0.535514
-0.0707585
2.22775
-0.154394
-0.122995
2.11401
3.2662
0.0578805
-0.378512
-1.02944
-0.161513
0.0443535
0.410585
0.367876
-2.44786
-0.496047
2.83634
0.109255
0.954045
-2.42421
-0.893305
3.84756
-1.97034
1.19055
-1.77457
-0.618109
-0.624029
7.5022
1.65079
-1.14239
-0.348089
1.29491
0.813216
-5.71977
8.82786
1.28638
-1.11171
-3.06908
0.26915
-3.78025
-0.200791
0.180296
-0.326794
-0.229147
-4.06688
-1.04175
4.12175
0.0590151
-1.04901
-2.18837
-0.222859
0.724544
-0.541974
2.46217
0.961129
-0.499258
-3.74316
-0.020752
8.18283
3.41007
-2.33325
-5.44502
1.77538
12.0166
2.24185
-4.36585
-15.1062
1.5904
-5.99769
-0.878246
3.67371
-8.02349
-1.28956
-0.923989
-0.862086
-2.50548
1.02823
-21.8774
0.988199
-1.81324
0.35262
-0.10874
3.29407
0.212473
-2.21899
-0.436067
0.543697
7.2023
0.977114
-0.230365
-3.45714
0.309091
0.0792288
0.323303
-3.40774
-0.913609
-0.826694
0.0290843
-0.129239
-130.024
-4.57998
0.925526
3.79887
0.164446
-0.310847
0.164412
-0.963883
0.00348195
-5.16951
1.13026
-4.01512
-1.81622
-79.3353
2.79569
2.90284
-0.141407
4.79865
0.206531
9.39031
3.81489
-4.65089
0.705341
1.24982
2.53259
3.90965
-51.3498
1.42863
2.15153
-0.460437
-0.653774
-1.03063
4.0907
-1.15516
3.07072
3.72197
-0.652222
-1.77037
0.261151
-0.896724
-0.11094
1.53506
-1.3757
-0.0291543
-0.166869
-162.124
-2.5628
1.35334
-1.26758
0.0470947
1.7124
-6.04302
0.033762
-4.45349
0.487164
17.3543
0.898687
-0.580424
8.502
-0.606621
0.0195548
18.4306
4.88606
0.320346
-1.34044
-0.377416
8.39706
0.788129
0.774033
-2.69788
0.723927
0.260916
-0.424121
1.63447
-0.0884541
7.32797
0.454105
0.672142
4.08075
-1.84089
-1.6027
0.30886
-14.094
13.3307
-0.37807
-1.2963
-0.155655
0.794259
1.48684
0.654261
-0.160524
-5.45741
-8.46091
0.300743
-0.0295968
7.34986
0.309565
2.25128
25.0129
2.71867
1.1671
0.78577
0.222406
-0.166924
24.5734
0.47042
-0.420641
-18.4893
0.977495
0.702362
-11.5745
2.53823
-0.902994
-1.0206
0.115047
-0.106225
-0.51294
0.0295397
0.215194
2.30194
-47.6822
-0.786619
0.0864007
-1.30082
0.103386
3.88291
0.345005
-1.38438
-0.730158
-0.0992975
-1.23409
-1.06825
-9.09558
4.65128
-1.45774
0.846158
2.42396
0.0578959
26.2408
1.91766
-18.6644
-0.734563
-2.39883
-1.33388
1.1195
-1.04634
-1.90115
0.146079
-0.0647615
0.0918519
0.215653
-0.151159
6.00218
-12.3048
-1.97699
4.0116
-8.95334
-1.1825
2.71094
-2.36467
-0.0265234
3.27978
0.587128
-0.516899
-1.92733
-0.968256
1.57503
0.0485485
-0.895587
0.250751
2.80923
-1.3708
1.34457
0.293541
-4.94802
-0.174713
2.00218
-0.486011
0.493034
1.32593
0.2149
-2.11024
-0.360612
-0.518976
-0.103618
-1.1447
30.8668
1.26414
2.24809
-2.33327
-6.62319
-1.32262
-5.06078
0.770295
-37.6781
-0.832382
-0.26903
21.5968
1.24508
1.61894
-0.401663
-2.03004
2.30235
-1.06659
0.0798459
0.831945
-1.82672
-0.0599424
1.27651
0.323008
-1.91843
-1.08599
3.20294
-2.24684
16.0781
0.327829
-10.4633
-1.03022
-0.705205
0.887841
0.0801924
-12.0955
0.621237
0.187414
0.197759
0.195079
0.676142
-0.269807
-4.44197
2.80784
-1.32877
-1.37638
-1.4608
-0.725093
-1.7688
-1.03678
1.40601
-1.34289
0.627678
-33.0997
2.34349
-0.277872
-0.535951
2.37014
-0.33397
0.447117
-0.577811
-1.3722
-2.50347
0.781389
1.45202
-0.725883
-1.66892
-7.50408
0.576162
-1.17937
-0.454714
-3.68247
-0.425578
-0.227912
-0.0784709
-1.81114
0.352204
-0.295995
0.724376
0.375056
-1.09927
-1.32443
0.128781
-0.711029
-0.151031
0.169626
-4.79597
1.36893
-0.5505
1.7212
-10.0601
-0.505055
4.53205
-0.431254
0.294779
0.0305232
0.24808
-0.64892
0.719705
0.260493
-0.839098
0.571453
-9.86385
-4.64741
0.373158
-0.429343
-2.90747
0.631916
-0.201525
-3.14951
0.372517
-3.55067
-5.76822
-0.704462
-1.3882
-0.0528926
0.50649
-1.15381
-0.502582
-0.347686
-0.250937
-1.72035
0.52637
0.46287
0.258608
-0.43411
11.1443
-0.221687
15.0148
4.1041
-0.36948
-0.199826
2.16188
0.141848
3.18434
-2.07539
1.71647
3.62457
-0.373377
0.428659
-0.100982
-0.0626698
0.0741274
-0.838829
3.79934
-0.89066
-2.71972
4.41853
0.686991
-0.924895
1.31177
-0.0170323
0.0028645
-0.847919
-2.88942
-0.415603
0.513942
1.37443
0.945406
0.0698158
0.387392
-30.6973
-1.94401
-0.0745301
-1.15983
0.998634
2.51028
3.32007
0.133207
0.789837
-0.464105
-0.308726
-2.55088
-19.7895
0.0866107
0.422568
1.21602
0.376583
3.11535
-2.10916
-0.625334
-0.781354
-0.711149
-11.0252
-0.43215
7.5753
0.648999
0.60081
0.762975
-0.25514
0.190509
-2.11873
-0.671604
-16.4648
-0.458445
2.73263
0.50861
0.628823
-0.218817
-0.0473883
2.25151
3.10131
-1.36149
2.04328
0.538252
-2.76429
-0.645245
17.6971
-2.53856
1.17622
9.60195
0.307249
1.55956
-0.412418
-2.21097
-0.112247
0.857651
-2.89886
4.96747
-0.336228
0.137731
-0.0864887
-0.121615
0.687481
-3.50334
-2.12986
-0.879714
-31.9532
0.146375
1.25284
1.49962
0.137126
-0.627665
0.846776
0.138628
1.82581
-0.689684
1.50871
0.874345
-0.682553
-0.661086
-2.87881
-4.18701
-0.072646
-0.483473
1.66168
-4.36443
0.593602
8.48345
-12.9702
1.44639
0.0416931
0.374088
0.0281059
-51.6663
-4.31056
-1.3313
2.53766
57.2029
0.815055
1.19452
-0.390212
-0.0485805
0.973367
2.32284
-0.716843
0.599227
-2.71584
-0.944318
0.099645
0.983195
0.356111
0.17925
1.1679
-15.1524
-0.0454157
0.0694626
0.953989
-0.579908
0.832877
0.966688
-0.362661
-3.1808
-0.998519
2.18777
0.902376
-0.338946
1.40617
-1.45056
-11.5624
-2.57445
-0.356216
0.382037
0.699967
1.0102
0.526859
-0.945614
0.0867301
0.0913917
0.0404304
0.212437
0.960327
17.3501
-16.2062
-0.827208
0.109014
-0.363502
0.75309
10.5582
-0.620242
-1.45425
0.487382
-0.526236
1.71011
-0.855461
-3.67958
7.19088
1.9374
0.15847
2.08273
3.95202
18.7478
2.0619
-0.169792
-0.514021
-1.51558
0.359015
-4.00788
0.381511
-3.3491
0.218527
-0.0146431
7.14914
0.868534
0.299867
-2.48055
-2.67812
-0.384289
-0.367045
0.162311
-1.10971
6.26291
-0.71177
-2.57626
1.11546
-1.81358
0.399366
0.146048
3.09843
-0.30245
-2.10925
-1.49621
0.702151
-0.0346305
1.53206
-0.18803
0.127037
-2.39226
1.40671
2.18114
-0.575046
0.514411
-0.194103
8.79689
0.071554
-0.754936
0.661417
-0.205658
-0.471744
-3.10759
1.20585
1.21981
0.637885
-45.6899
0.941489
-2.82756
0.420409
-1.24349
0.751702
1.87957
-4.03536
0.617682
0.297949
5.61663
-0.464281
0.891219
-0.55566
0.975916
4.88048
-0.229444
-3.27458
-2.24122
-1.22426
-2.61422
0.0206815
-0.208198
-0.574414
0.0842733
-1.76024
-2.74381
49.9627
0.567033
2.7724
0.267081
0.396143
-0.0833232
0.97459
-0.137128
1.58015
-0.493324
-1.36438
-0.667311
0.551577
-33.8118
-8.67968
-0.355773
-0.149677
1.69756
-0.220515
1.32085
-19.1135
0.925074
0.952556
11.1827
3.5291
-3.66567
-1.26837
0.0499446
4.12272
0.0988497
-7.49106
1.58223
-1.47768
0.218713
0.760446
0.861499
0.170016
-0.911095
-1.46468
-0.291825
8.05697
0.220911
-8.28882
0.6145
-0.188155
0.831535
-1.09815
0.0587451
-0.536635
0.769362
-0.823102
2.76291
-1.34515
1.21674
-1.42711
0.149936
0.311518
-0.326801
-0.899915
0.775085
0.690739
-1.44238
-1.21267
1.79232
-0.446133
137.543
-4.78069
1.28606
0.255507
-0.566173
0.974723
-3.25035
0.273753
-1.05044
2.67842
-2.23885
-6.84449
-0.0861976
-0.133248
-0.523626
-0.201631
-0.520173
-0.474752
0.320369
0.760085
11.72
27.6075
0.690263
7.49547
1.84653
0.624323
0.107826
-1.40693
5.26176
0.816384
-0.633991
1.07206
3.17703
3.72617
-0.143097
5.52794
0.134477
1.09918
5.54587
-2.13342
0.0855286
15.9069
-0.867404
0.191779
-1.70807
-0.615983
4.27558
-0.422919
-0.250892
-2.87005
0.735495
-11.5035
-0.829101
2.1908
3.80224
-0.198989
7.73296
0.386822
8.67619
-0.519096
0.0560823
-0.405261
1.20735
0.0657883
6.93345
0.644322
2.36871
0.906685
-0.951248
2.4508
-5.84449
0.911804
-0.43778
-0.844826
1.26867
0.127192
-0.489553
0.345394
-7.68776
-0.95008
-0.628425
-1.2881
0.828916
-2.92598
-0.543312
-3.61874
2.55245
0.979278
-15.024
-2.43762
-1.45499
-0.00131908
1.11144
-23.3122
1.03435
-0.621946
-0.40718
0.720225
-3.07309
0.924995
0.999189
-0.781237
0.0254332
0.630141
-1.93552
6.40197
-9.87472
-0.215988
-2.30483
28.6751
0.29604
4.01351
0.164343
-0.128882
-25.6274
-2.70302
2.00496
16.6174
-0.76668
0.548457
-2.66017
0.460692
0.798291
-0.187133
-0.282556
-8.71626
0.614544
0.0461286
0.58576
0.958816
0.340126
-0.238746
-0.662316
1.41287
0.414428
1.17694
22.0189
-1.18029
-0.376109
-0.374117
0.194578
1.36249
0.673829
-1.42911
0.0626419
-1.4348
-0.190747
3.28479
-1.38974
0.637752
-0.883481
-3.94815
-0.450302
-0.415631
0.892691
-0.81078
2.12357
0.0913302
3.8299
1.20496
-1.3517
0.502351
1.83631
-2.94754
-1.7586
0.139925
-1.74973
-0.301027
0.391001
0.0993694
-0.189984
-0.102885
0.353294
0.649028
-0.210185
-1.32765
0.734442
-0.570717
0.342861
-2.71165
-0.504568
-3.92448
-2.06326
-0.41884
-0.737861
0.11864
2.35147
-1.0253
238.583
1.27993
-4.4997
-0.614901
0.782955
1164.19
3.13163
-1.32112
-3.61931
-0.362732
-0.0688842
-0.397384
27.2234
-12.3364
-29.6349
-0.885182
0.182737
-0.930576
-0.331869
0.794181
-1.44229
-119.317
0.538217
2.44347
-13.6892
-558.177
0.714807
40.7537
-0.621149
-0.474056
-1.11089
-0.529879
-24.4131
-0.597259
-0.437933
0.298899
0.522912
4.11713
-1.14641
0.891279
1.77851
-2.45628
0.307945
0.162039
-0.318239
-0.282483
8.25981
4.00036
8.40704
0.867406
1.31657
-0.151854
0.483306
0.822966
0.591862
-1.01398
-4.00447
0.241662
2.13965
-0.521704
-0.455651
19.5308
0.995337
11.9788
-1.35881
-0.557111
-0.477157
-0.00992447
-0.115503
7.6947
-0.31091
1.78688
-0.64181
-0.758866
-0.890683
-1.16247
-0.504201
-2.39812
2.07085
0.000767373
-3.44688
-0.258328
-0.536792
0.00316899
0.229519
-1.39216
0.291733
-1.19293
-1.38705
1.71987
1.88794
12.2621
0.356414
-1.52237
2.35208
-0.3731
1.43205
0.353852
0.851667
-1.56927
0.658825
-32.5808
-35.1998
0.243714
-0.0186581
1.21547
6.97072
-0.603342
7.94526
1.80217
-0.228943
1.69393
2.48542
-0.515272
1.90341
0.649818
-4.70724
0.830803
1.02969
-0.233864
1.53583
-0.0111288
0.852364
9.24333
-0.317166
3.81777
0.246157
-3.92252
1.84815
3.61427
-0.577774
-0.735937
26.4038
-0.343864
0.156034
1.21797
-4.32728
-3.89776
0.96386
-0.553375
-4.93685
-0.685753
2.23942
0.700579
-0.325674
0.667796
-0.210998
19.117
2.24855
-3.24224
14.7532
-0.132516
-0.766875
-294.622
-0.110349
0.615123
-0.914807
0.778517
0.663637
-4.50638
5.91723
2.13732
-0.12026
1.58089
-5.03699
11.342
-0.142547
-2.9653
5.62591
-0.774689
-1.0975
-12.021
3.97775
0.188285
4.36411
-0.206659
1.72679
-1.19623
0.0852427
27.3182
1.65586
-1.32162
-1.25206
2.19361
-0.469336
0.773594
-0.348667
0.719432
-6.87459
2.61331
0.0521376
-4.39023
-1.1655
-1.48295
-1.15527
-0.451787
-0.310006
-0.482393
-1.97467
-1.43306
-0.399338
1.56338
-0.493684
4.13222
0.204304
-0.330062
2.30448
7.10379
5.37637
1.06993
-0.0483816
-0.489913
1.10223
-2.02196
1.22336
1.18915
1.69999
-0.516256
-2.61563
-2.44987
-1.23391
0.384513
1.82608
0.235905
-2.69112
0.13224
-1.31594
-6.76706
14.1021
-1.19757
-1.49752
-9.02438
16.1066
1.32501
-2.53352
0.337795
1.13391
-0.866741
-1.43241
-2.51303
-5.07379
0.0336485
6.15027
-0.735954
0.696971
4.86399
-1.75263
-1.39414
0.137368
0.511118
2.60921
-5.3495
-0.809745
1.85591
-1.62872
1.51609
-1.08101
0.695669
-0.948782
2.04176
1.06848
0.643319
-0.106188
-0.249648
-0.341651
-1.47272
-0.491873
0.765418
0.624149
-0.139799
-1.18044
0.176142
0.320046
-0.300192
2.65851
-2.98385
-0.221591
1.65096
-0.382672
3.9226
0.277858
-1.28355
-0.342753
-0.21265
-0.538599
15.907
-0.370044
0.518321
-0.749186
-1.08716
0.0986922
0.166055
-1.61139
1.14916
0.01256
0.293582
1.25597
0.550235
-0.55023
1.10181
-10.6699
0.24165
-0.0274673
1.85731
-12.0895
-0.291293
-0.631005
0.556673
0.316588
-1.41449
4.63204
-2.6928
1.11997
0.16254
-5.82273
-4.6167
1.11958
0.00808666
0.389472
-0.554276
4.67193
0.901463
0.617802
-3.17651
-0.302309
-218.505
1.28699
71.455
-5.57037
-3.60878
-0.266101
1.16004
-6.33387
-0.0799741
6.36223
-2.58073
-0.32111
1.04704
1.14407
-9.80684
177.04
-16.2265
-0.771884
0.139636
-0.510324
-0.330342
0.580742
-13.8762
-12.2022
-0.535094
0.10235
-1.48522
0.456408
-0.610933
-1.01316
0.288681
0.264785
-371.334
-1.33646
-1.10656
1.79472
1.72454
0.107865
0.182053
6.58055
-0.294602
-40.6679
-5.05433
-0.399603
-1.53433
-0.429381
-14.5936
-0.398507
5.01055
-72.6583
-0.13797
-9.21594
-1.69114
0.282464
-1.22646
0.430316
-2.18896
2.5964
-2.02139
0.427346
1.42473
-0.701554
0.947127
2.257
-0.983284
0.0359108
-2.48902
-1.11657
0.813158
0.918759
3.10601
-3.72885
0.256866
-0.412859
-0.738726
0.95059
-3.22072
0.68964
1.30549
0.242324
3.08999
-0.570042
-3.41799
-1.26352
0.608275
-0.711726
-0.615672
-1.21329
-0.771727
-0.328692
-0.976231
1.16948
-1.97355
-1.33309
2.29386
-0.272744
3.3555
3.75064
3.63127
-0.669217
0.670403
0.341716
-0.150434
0.725105
-53.4188
0.95131
-1.63481
-0.216477
0.775634
-0.916679
-0.0328218
-8.47624
-0.301709
-0.0554609
2.08002
-0.092649
-17.5909
-0.0856011
4.74966
1.23749
3.26927
45.5239
-20.0885
-0.0143534
0.0357227
0.294083
-0.290221
-1.24455
0.671335
0.738104
0.632364
-0.394617
-1.2564
0.45851
-0.313614
-0.421173
0.856159
-0.899257
8.9048
-3.29008
-1.92662
1.2305
3.05523
0.937518
-0.628411
-0.415034
-1.86234
-0.519184
0.882638
-0.304303
121.094
-64.2358
0.0522913
-0.779073
0.559939
0.664872
0.620231
0.25959
8.39787
1.55769
2.42492
4.14157
1.51379
22.8733
-0.3727
0.240705
5.15837
-9.49503
-0.551598
2.82225
-0.178251
-2.44682
0.0574079
-14.5332
-2.51713
-0.0746029
-0.810568
-10.0127
1.92781
-0.465906
-3.45986
25.0961
0.122042
0.963029
0.642445
-0.0902235
-0.67166
0.509085
14.1561
-2.0528
1.93009
5.73772
-0.37581
-1.48301
0.797575
0.725004
0.883006
0.634873
-0.107993
0.476809
2.76152
-0.0813271
2.61143
-1.15973
2.8546
-0.214204
-0.901857
0.108933
0.712179
-0.0146717
-0.45623
-0.809198
0.588254
-6.62069
0.479085
0.527486
-0.323634
-0.157058
-10.6981
-11.7703
0.588575
0.634713
-1.37879
15.6647
4.40523
-0.0293482
0.291098
0.487457
0.863899
6.00973
0.353981
-0.0102805
-4.5539
0.951433
-0.217503
-0.0522745
-0.579692
-0.17591
-1.48068
1.02812
-0.668634
-0.577871
-0.0636346
0.621358
-3.46975
-1.57638
0.79283
4.54927
-0.433321
-0.492539
1.28288
0.973046
1.11975
1.25809
0.229787
-0.533266
-0.955705
-2.34434
-0.219508
1.2599
-6.62289
-0.865059
18.4937
-1.6326
1.16061
-4.72695
2.99662
4.02838
1.46809
-0.136694
-1.17191
10.4675
-0.367178
0.779567
0.854595
0.675916
16.6917
3133.36
-25.6282
-1.46833
-4.01621
-0.564284
-0.601773
10.9543
-0.517665
-1.15687
-4.29416
1.03513
-0.0146042
0.660705
-2.54474
18.6821
-0.00181282
0.191094
0.953306
-3.0148
24.1472
-5.65494
4.58335
0.329867
-2.70396
0.0904461
9.16927
1.71645
-0.185501
-9.21156
-0.17107
-2.95399
-1.79688
2.01053
-0.120182
-0.0506041
0.878661
0.75141
3.12957
-4.78281
-0.719338
-3.31095
-14.0166
-0.442153
0.190918
-3.6114
0.677718
1.26815
0.629605
1.16936
2.95926
1.05133
661.239
10.9453
0.350904
-1.42112
0.796054
1.08965
-6.14239
-17.3855
0.279289
-1.75529
0.0527381
0.512555
-14.9795
9.43435
0.869184
-0.172762
-24.6343
-0.42137
5.43281
0.181146
0.186125
-1.80245
-2.23971
1.31442
0.565646
0.795199
0.949389
-24.0892
-0.550332
5.7098
-0.316754
0.0487598
9.86553
7.92573
-0.330371
-3.30904
0.302411
-0.366479
30.1439
1.57245
-0.144445
-1.37094
0.717973
0.232374
-2.55422
-6.99661
0.234385
0.22328
0.715604
0.423697
0.347323
-2.68207
1.11861
-0.182691
-1.25559
-30.0141
3.26435
0.362155
110.379
-5.77313
-0.0924011
-2.93861
-9.52554
-2.77549
1.43136
-2.70334
0.175747
-70.042
-12.3351
0.0856357
46.4814
-2.6457
0.733865
1.71716
0.493546
-0.155552
34.1895
-0.653316
-0.0403635
0.413592
-4.38242
-1.20359
-1.13861
0.0867059
-0.195837
4.68251
-0.340367
-1.90835
5.76489
0.925128
-50.9382
9.35219
-3.77914
-1.52783
-19.9724
0.960506
-0.275237
-0.563721
2.55747
-4.60519
-0.602786
0.608262
1.91562
0.858027
-2.91786
-0.90426
0.210825
-0.786258
-1.69828
-24.1955
0.271904
-1.41335
-1.27902
1.20687
0.603002
0.756821
0.136562
0.176151
2.62038
-1.55545
1.12412
-0.675548
-80.0532
-0.730781
0.765842
1.9312
-0.177175
1.58289
-1.0251
-6.04254
3.26856
-0.0799579
0.20691
2.05097
1.31697
-1.90053
-1.05282
0.823841
0.0633129
1.93777
-0.279596
-0.661853
1.22076
-0.452211
-3.37376
0.121244
0.232888
0.596206
0.26354
-0.73918
-1.10972
-0.203205
0.101203
-1.32616
3.57519
0.71084
0.371819
-0.879825
-0.108988
-0.64506
-1.33083
0.7734
-0.142259
0.303496
-1.17228
-0.019052
-0.176333
0.749627
1.02691
-0.047241
-0.405866
-0.95435
-2.00728
0.799753
-1.04096
0.0589813
0.0898675
-0.368236
-0.0401115
0.205805
-2.86776
0.140507
-2.05115
-4.10713
-0.00347763
-0.218287
-0.00952976
-1.02563
0.813179
2.2339
-1.06288
1.24503
2.64971
-2.42999
0.417114
0.359841
1.85735
8.22844
0.80674
25.7787
-1.35314
0.211536
-0.268812
2.08043
-2.66269
2.05852
-2.86981
-0.752245
7.51676
-1.01503
5.17609
0.568041
0.760886
0.358053
1.24205
-0.326237
-5.44895
0.625981
0.546529
0.285197
-1.17131
7.79598
0.616133
15.8514
-2.10902
0.44907
-1.94396
0.572719
0.309531
1.72768
1.25175
1.42819
0.00823244
2.60283
0.242155
-0.627507
-1.07107
1.29753
-0.0867115
0.529925
-6.03413
1.05839
-0.46613
-0.303327
-0.137673
-0.13817
0.44092
-6.71047
1.6812
4.45413
2.88071
1.27324
10.5314
-0.3198
4.60678
-2.16099
118.189
-4.04683
-1.69371
0.0395881
2.00301
1.71445
-4.31097
-0.246428
6.2251
-6.65993
-0.507441
-11.8429
0.726092
0.724833
0.618681
-3.18535
-1.66983
-0.747611
4.89297
-0.277706
1.58105
0.393487
1.92015
-3.5987
2.07308
-1.92271
2.55647
7.40964
-0.0988884
-2.27225
0.736902
2.29397
2.87343
0.278628
-0.357828
0.598328
0.676543
-0.0858199
-1.03232
-1.21562
1.64926
0.770472
-0.545915
0.646378
-1.25319
-6.48233
1.68707
44.8831
0.515493
-0.742626
-0.562996
0.116105
-12.8149
-0.643337
-1.82986
17.1503
2.66548
-6.23774
-1.08883
0.472957
0.659223
0.663415
-0.902407
0.695204
-0.920862
-1.28331
0.541947
-3.11873
-0.467158
-0.33141
-1.02718
0.837061
0.334083
-0.0867514
-0.17121
-1.21263
0.108541
-1.40913
0.450525
-4.67047
4.17224
3.86586
-0.445263
2.98268
2.63721
1.11319
-0.804745
-0.174979
0.853911
2.81745
-0.321608
7.22842
0.0268139
0.505517
-0.642985
-1.32485
-0.153814
-0.509076
3.62221
-0.46907
0.922083
-0.284984
-0.528396
-11.8985
0.786727
-0.3816
0.764936
4.74247
-1.92305
-0.181554
-0.083444
-227.96
-0.0505901
-25.4309
-0.0183617
5.40697
-3.24197
0.640929
2.17383
-1.67963
0.716958
-0.310278
0.66566
-0.0145381
4.91753
-6.3141
0.207903
2.42937
9.51048
-20.4989
0.191286
-0.653697
0.718353
-1.32635
-1.23951
0.314734
4.0655
26.4903
1.40782
2.82077
-1.21113
0.0791384
1.13257
-1.62246
0.600441
-0.293341
-0.778732
0.0169912
18.7748
14.0453
3.93848
-0.147075
-1.60018
0.97771
-0.10021
15.4456
12.754
0.773016
-2.97061
-0.0693512
-4.56435
3.31243
-1.24554
-0.692831
-0.025198
1.24571
-10.1089
-0.165371
-0.77144
7.00869
-1.52215
0.286903
0.602022
0.186893
0.413049
0.132088
-0.642952
0.129633
1.04966
2.49239
0.816881
0.583169
2.05825
0.660281
-1.30375
0.130477
0.0621168
0.612611
-1.00561
0.0801706
0.201403
-1.85283
0.693158
-0.674178
2.43238
2.09885
-6.23204
0.270344
0.280032
0.784442
0.7098
-0.835007
2.29627
2.34393
0.234607
-0.244682
0.858385
0.424514
-1.36328
-0.424973
0.229803
2.65296
23.8524
7.00982
5.7897
0.956106
-1.27563
22.6679
0.0185401
0.212038
-0.641149
0.765386
-10.0164
-2.3795
0.779416
1.61645
-0.0921336
2.54616
-0.880043
-0.808494
-0.170408
0.285344
11.8859
-7.12502
2.39835
-2.741
0.550286
0.308063
0.0926598
0.625315
-0.486265
0.521651
-1.35037
9.88466
-2.38844
0.0445115
-0.401522
-1.01478
1.22147
-10.795
0.384642
-0.790037
0.779994
7.51858
0.971335
60.5773
0.0789139
2.65115
1.54369
-0.371746
-0.999964
-0.64781
-2.78534
0.620348
0.386138
1.11789
-0.700832
0.471702
-2.85415
-0.251725
0.809135
4.06744
-1.30096
-0.0125826
6.17314
-0.828001
0.825461
14.9865
1.48259
0.822073
0.199871
0.399491
-0.494773
1.44197
0.559365
0.296865
0.186788
0.889682
-122.811
-2.07078
11.6861
0.781327
-0.0234593
-4.08232
-1.32042
0.6748
-3.66947
-0.715722
-3.45489
-0.179201
-0.00696386
1.89788
4.00766
23.473
0.173319
-0.885395
2.17515
1.25658
0.516227
0.380089
-0.171013
0.335184
-1.24363
-10.8554
-0.120527
2.50861
0.224736
0.365462
-1.52243
-0.92709
0.948378
0.438434
29.7952
-1.05495
-4.78096
1.4937
0.773807
0.154786
0.612113
-0.637734
-0.477943
-2.79909
-51.6261
0.231904
0.927215
-0.262438
-0.439571
1.50201
0.25182
-0.42818
0.416478
-1.39623
0.449765
-1.50491
-0.102719
-1.12711
-25.4334
-1.03536
-1.86199
0.822025
-1.28709
0.707803
0.615583
1.14024
-5.16582
0.528186
0.8513
-1.1492
-1.61218
2.35227
540.407
-0.483353
-0.0728172
-8.72765
1.30829
0.64373
27.9608
-0.440434
-0.161015
12.3477
-9.07337
7.22741
-2.10442
-4.29374
-160.107
-0.340701
-1.00114
-0.429896
0.446344
0.29818
-0.538738
-0.842858
2.56887
-1.48655
-23.3661
-1.47772
-4.24362
0.558285
63.9137
1.14251
-29.5857
1.67812
-8.48839
-0.195356
0.864775
3.09643
0.346138
0.665819
-0.820807
-0.376563
3.29137
-0.115791
-3.10598
0.402768
4.71429
-0.239073
-3.15968
-0.0875908
3.95939
-0.773516
2.72653
-0.822299
1.72553
-1.24856
0.58888
-0.210838
0.0475615
-0.455103
0.167566
-0.924555
-1.22331
0.392078
0.980512
-0.356304
1.1762
-0.908187
0.440012
-0.40326
0.336991
-8.72346
1.67338
-0.482267
-0.0800387
-10.7098
-3.54196
0.943318
2.35899
0.913816
0.21255
0.125602
0.243695
-2.32379
1.3867
1.52428
-0.281942
2.50919
0.324184
1.3156
-3.00334
-3.80674
-39.8623
0.00858429
0.174246
-0.473837
-0.464422
7.85975
-0.201286
11.9598
4.78466
-2.38782
-0.422078
-4.90085
0.143621
0.236174
0.599827
7.64275
-1.51374
-2.60483
-0.619216
-0.210771
1.91849
-6.79704
-0.192655
59.7932
0.112869
-3.839
6.97234
1.69652
-0.450827
-5.90762
1.44532
0.833102
0.621697
0.977043
6.68405
-0.445139
0.344915
-0.403976
-0.77285
-0.105714
-1.2026
-13.3205
-1.65649
-0.384801
-0.261217
4.66768
1.27286
2.72684
1.11106
-2.26339
10.4753
0.989896
-0.365645
-3.28624
-0.518096
0.736173
-1.23209
-0.551787
-2.1676
0.271154
-1.33346
1.58003
-5.63011
-0.492681
0.586409
-0.159958
-4.32543
2.42092
-0.468801
-0.616725
-5.86385
-0.65465
-1.42645
0.579604
-0.393009
0.850929
-1.95374
-0.878527
0.7819
5.83339
0.349625
3.23595
-3.3067
1.00373
-0.341155
0.502784
-0.651637
0.278104
3.22253
13.6287
2.39907
-0.73187
0.190904
0.138829
-0.791415
0.589483
0.0116161
-0.172329
-1.62283
0.966683
-18.4533
-3.41378
2.40052
-1.1314
0.318597
-2.4062
-1.93049
-1.19344
-4.13073
1.69187
0.294926
-1.3138
-124.879
-0.168663
-0.631973
0.305945
-3.29666
0.444625
-1.47078
-0.38344
0.785952
-23.9824
-0.15107
-0.300647
0.00897072
-1.62258
3.33619
0.794409
-5.95211
0.921847
12.9825
4.01862
2.54376
0.957326
3.1526
-3.03516
1.22969
6.68853
-0.770697
-2.08344
-0.507019
2.13302
-0.56016
-0.0897685
1.21948
1.82611
1.62559
6.54508
0.0651074
3.32516
-0.379088
-1.56072
-3.90814
-0.430263
-0.379744
-1.43573
5.05728
-0.122989
0.270232
-0.142247
2.44876
1.32832
-0.17737
0.332671
0.310071
0.561513
-0.172162
0.361145
4.27216
-0.127852
-0.585173
-5.21198
-0.261078
-0.51306
6.70545
-0.461884
-1.23947
-0.27812
36.9358
0.477552
1.78876
-2.48196
0.770845
-0.182896
-1.48089
2.93518
10.9851
-0.640156
0.249014
2.1502
2.32761
-1.73263
7.75552
-0.449917
0.274001
-4.07322
0.313007
-0.0825592
0.79695
-0.278399
3.20574
-1.06585
1.69024
-0.0667394
0.975972
2.69762
0.74936
0.962782
1.74039
4.28756
0.148683
-0.133359
-1.72013
-0.107557
-0.844771
-3.23997
0.0956338
-2.09696
0.231375
-0.798057
0.687913
-2.71823
-1.66988
0.432199
1.88519
1.27523
-1.75513
-0.800526
0.260806
-0.509463
-2.02043
2.88087
1.34587
7.54466
2.27726
2.9284
1.72785
0.577184
-2.30357
-0.122003
-2.39469
1.1259
-2.06901
-1.49938
6.94092
-0.786865
0.00650451
0.715665
0.386121
3.45824
0.298206
2.02967
0.428392
-0.285629
-7.91035
-1.84264
-1.69492
1.54144
-0.307604
-5.43512
-40.9233
0.763777
-0.614856
-0.0558052
-5.04861
-0.351566
1.12056
-0.66708
-0.00867383
0.369973
2.51728
-0.330374
-1.9108
-1.8698
-0.300633
1.67116
1.92246
0.342479
-1.54756
0.588282
1.96208
0.152288
-1.65451
-0.323274
-2.71762
-1.05018
1.50485
-0.185046
0.304501
6.34285
0.456809
-5.74797
0.377682
-0.834351
-0.0774154
0.168738
-0.534656
0.92042
-20.3118
-1.41087
-0.216884
0.494785
-0.350648
2.08641
-5.75861
-0.524941
-0.162968
-184.427
-2.85254
-0.0182353
0.580033
0.305822
0.0831041
-175.019
0.328584
-1.21184
-0.682038
1.66287
0.272234
-1.28051
-2.27387
-0.868073
3.58454
-0.326775
9.25337
0.217639
0.177038
2.66637
4.53415
-1.81246
-0.331076
2.40709
-8.65515
-3.88944
-0.27725
-0.939069
-0.163773
1.98923
1.71619
0.181093
0.120159
-0.453796
-2.75631
0.31235
-126.706
0.442943
-0.246739
1.18066
0.611054
-1.21818
0.0290976
0.840551
2.50211
1.36334
0.288946
-36.2798
-21.6796
0.698547
4.16242
0.718596
2.30635
0.414382
-0.506301
-0.368253
0.0652565
-1.97722
-0.540821
-1.76441
0.915843
0.587372
-50.0592
-0.413164
5.20224
-2.68564
1.50647
1.21063
-537.867
1.26737
-0.862026
3.05114
0.204754
-21.0216
-0.165427
-4.96776
-2.12366
-0.59442
2.02298
0.388175
0.719202
0.35822
0.334873
-0.986099
0.827172
7.87712
0.0445842
1.19662
-0.815266
0.597431
-0.268886
0.350973
-0.708962
0.0307743
-1.40449
-0.446346
-3.62998
-1.7288
0.500323
0.985779
-4.74818
-2.37904
-0.278111
3.93946
0.422717
0.817644
5.71313
-0.84567
6.86507
1.50409
-1.14595
0.000553309
0.15856
0.767606
-2.66971
-12.1692
8.11021
-1.42611
0.01164
1.70327
0.185795
1.87528
0.923281
1.10793
0.398594
-7.42992
1.05684
0.557103
-1.17485
-0.32537
0.222252
-1.56241
-1.65679
0.789829
15.8503
1.08815
9.72825
0.814892
0.138147
-0.690267
-18.7065
-1.23295
-12.0621
2.59581
-0.565691
1.50935
3.78871
-0.124946
-6.81661
-1.94971
2.75488
-0.976689
-0.507415
-1.69102
-2.40557
4.97787
-1.07874
-2.0919
32.1299
-112.606
-2.96971
5.38234
-1.22901
-0.00421609
-0.0722867
2.02268
5.72111
10.2548
-3.91331
3.46648
-0.199853
1.13304
-59.3476
3.16717
1.14458
-5.42743
0.817197
0.153709
-0.243384
-0.86809
-2.85825
-0.777932
-0.376153
-0.691697
0.402185
0.0594004
1.5164
1.77434
0.651698
-2.04068
-0.300675
-0.6173
0.0501564
2.17325
0.30741
0.251565
-1.21637
0.757218
1.27424
0.617533
0.191449
6.76664
-0.144447
0.0961302
-0.748546
0.0447889
0.250368
-1.49374
4.93823
-3.45589
0.30693
-0.544705
-0.713543
1.55669
-0.972864
2.49772
1.12581
-0.632928
16.7678
-1.16704
-0.942814
-2.61427
-0.0648232
0.0996877
-0.420365
0.976104
1.84178
0.174227
1.16497
0.452659
2.49484
0.127417
0.289249
-2.02669
-0.38613
-2.56639
-3.7505
-0.430959
-0.0234706
1.4405
0.0580856
-0.705317
-2.25729
-1.77426
1.58727
-5.73987
3.74848
8854.33
-0.443655
2.78295
-2.76812
1.9323
0.887621
-2.53063
1.65762
-0.068373
-0.732195
-2.1357
-3.50427
0.651888
1.99248
-0.579606
0.215232
0.330878
-1.47789
6.31638
0.422122
6.27197
3.0795
-0.446254
1.33044
-17.1879
-32.2929
-0.879588
-0.97288
2.49393
0.0839156
-6.30935
1.18973
1.49514
-1.48524
2.75103
-1.40045
0.70351
4.03932
-0.00169909
2.48591
-2.27706
0.97408
2.80053
-0.327191
-0.833868
1.86045
0.695398
40.9074
-3.2083
-0.987853
-2.14231
-1.33963
-0.408429
0.0993216
-0.387054
-0.927557
-0.371118
0.876046
-1.60882
-6.32811
2.23577
-0.954354
-0.105748
-0.954312
13.4681
-0.0183025
3.62386
1.24432
0.280876
-1.32777
-1.72626
23.6097
5.23048
0.467576
-0.438981
1.36704
0.809869
-0.654215
-0.164112
0.296365
-1.26423
-0.53136
0.260604
-4.33877
0.170511
-0.596752
-1.36352
-0.354145
0.0764447
0.143466
0.365317
-0.227568
3.47701
1.13275
0.8115
-7.67296
0.0834973
0.319315
-1.17287
1.75067
-4.10678
2.67373
3.02408
-27.3427
-0.357592
0.127276
0.193136
-0.372896
0.0478936
0.547954
0.178574
-0.583033
1.35329
-0.796998
0.531665
1.35786
-2.37501
4.03106
4.69257
0.281639
-0.418653
0.63889
-1.16268
0.515006
5.27345
-0.582345
-0.471138
0.102883
-1.67585
0.768012
0.316856
-0.186581
0.585871
-0.0185432
0.455414
-0.473693
1.11653
-0.570458
-5.05531
0.108814
-0.0651584
2.50912
-0.494415
0.482408
195.994
-0.0112267
-0.721991
0.187714
0.942494
-0.572413
5.96907
-0.707158
-1.49884
0.111886
1.28252
-0.170019
-0.583989
9.60831
1.01215
0.0686088
-8.14209
-8.71687
-0.637761
-0.424539
-0.431183
9.65034
1.39417
-0.0565374
-3.08846
-0.172555
5.17025
-1.62588
3.80848
0.109906
-0.120477
-4.69379
2.15678
-2.4612
0.713735
-0.0575911
-0.442856
-0.043775
-0.666395
-1.88984
-1.38863
0.108945
0.391067
0.797406
1.28297
-0.544414
7.88642
-4.92595
2.27807
-1.53043
-0.690973
-0.151368
0.153555
0.907843
0.381276
1.85291
-0.686713
0.210582
-0.0606757
-1.6625
4.72802
1.71195
-0.156688
0.379761
2.29445
4.7983
0.25738
-0.656988
-0.139522
-2.8608
0.987581
15.1615
42.4227
-175.512
-0.331023
1.53937
1.30383
-0.700686
4.4034
0.214985
0.490542
1.40889
-0.440311
1.20341
-2.61426
0.727327
-0.24633
-0.56839
0.152944
3.91558
1.70017
1.1786
1.18483
2.10537
-0.924571
1.84151
-0.252585
63.814
-1.49245
-0.187239
3.10611
-7.57052
-4.20317
2.31303
0.216618
-5.82004
-0.407752
-0.153606
0.362887
-3.87096
3.43087
-3.22376
0.648992
0.0861846
0.264707
1.19475
-8.43983
-2.47904
-11.0889
-1.65827
0.95954
-7.04082
0.0126863
-1.70536
-0.841173
12.8104
-0.349166
0.38987
-0.896986
-2.90991
1.84152
-1.19974
1.71504
6.91556
-1.55716
-1.7412
-3.1534
0.0644735
6.31569
-2.65642
3.04802
-3.29274
-2.07901
2.45425
-1.94113
-1.61521
1.6923
-3.48775
-1.94718
-0.35116
-7.82763
-1.15128
-0.63628
-3.30481
1.24251
-3.30406
-0.5445
-0.530615
1.67897
0.43627
2.51149
-14.1458
-1.84341
0.623121
-1.17901
-0.219318
-0.00153546
-0.328524
-0.384336
2.61981
0.4165
-2.01581
1.94572
-0.114452
1.38072
-12.2836
-6.91639
-1.07596
-0.182717
-0.766027
-0.654637
0.802187
-1.20964
1.83819
-2.28126
0.578088
-57.7893
0.219458
0.0627557
0.394969
0.965849
0.255236
1.15178
-0.159373
2.94214
0.0334621
-0.606507
-0.0497336
13.3354
-1.30892
-89.2955
-1.01607
-0.430602
-0.447678
3.95072
-2.28154
-1.49232
-0.0693662
0.348135
0.396844
30.6654
-0.0974959
2.41454
0.640039
1.8183
-3.4509
0.273474
-1.76103
0.805917
0.678508
0.506434
1.15496
7.05418
-3.35345
1.12667
1.38972
-0.217017
-0.143589
3.6522
-0.160782
0.211716
-1.29785
-1.79989
-0.621462
-0.542952
-0.783057
-2.05008
0.481605
-1.37471
-2.26839
-1.55361
0.613332
-1.37169
0.325233
-0.176306
0.960153
-6.13477
0.0347024
7.03315
0.551677
0.853103
0.0491575
0.186814
-4.04315
-2.30611
-0.511246
-1.292
0.945581
2.43302
9.133
-0.467209
-0.794814
-1.16158
1.70992
-1.18495
-0.178027
247.582
4.59705
21.4692
0.248147
-8.24919
-1.32165
0.11064
0.00433473
-20.4448
1.33693
-20.6107
0.289771
-0.957308
-0.752226
3.04373
-0.710465
-9.86065
-7.49234
1.99241
-1.09832
1.0773
-0.257844
-2.80101
-0.0244055
1.48485
-1.02006
0.0729149
-0.851842
-0.270446
-2.77485
6.95269
0.328301
0.326918
-1.31893
1.26245
0.419783
-1.54047
1.39548
0.316488
0.0500362
1.14933
-0.449483
-0.386737
-0.278102
-0.023155
4.56116
-1.75804
-1.078
0.474654
-0.932744
1.03543
0.531032
2.85297
-0.704599
-0.958138
4.08195
0.609814
0.371287
-0.1284
-2.69284
-2.76282
-0.18923
-0.151463
0.00535818
-3.70075
2.86281
1.21022
-0.636255
0.419676
0.64806
0.585915
-0.723687
0.0713
0.848769
2.77264
-3.67255
1.55201
-0.621764
-0.0177415
-6.0391
-0.981561
-0.706819
-7.82294
2.49942
0.329538
0.714362
-0.920273
-0.301076
1.08107
-1.51749
7.41305
-0.304307
-0.640887
-0.746689
1.13078
0.522535
-0.611436
-1.33598
0.568137
-0.327487
-0.471208
-0.933961
-5.33245
0.839035
-0.0433715
-2.31782
-0.00743176
-1.23981
0.787441
-0.489969
0.84835
0.974756
1.89967
0.611637
-26.0787
-1.9273
-1.03042
-0.157434
0.164082
-0.160819
2.46706
4.21158
2.7055
0.199385
-2.82771
3.20658
-1.0724
-0.0986885
1.2469
4.86584
1.04768
1.87608
-2.47311
1.32879
-1.57984
-0.609235
0.439844
-0.926612
-1.69337
-2.274
-0.0572504
4.3808
-4.0517
-1.17484
-2.22074
0.204037
0.229513
-1.94384
-0.120847
1.02159
-0.747619
-3.16595
0.327465
-49.3271
-0.417207
-3.63992
-2.10196
2.62644
-0.0367461
-0.336946
0.107882
-1.40937
0.810597
0.128988
-0.308049
1.37772
-4.05597
-197.917
-0.339104
0.449923
0.260205
0.890804
0.594046
-0.145413
0.528505
-0.6575
3.69738
-0.974979
-0.520348
1.96769
4.26454
-12.6799
-0.726226
-2.6034
-1.36403
0.0484366
1.29005
-0.946495
0.80481
1.93796
-1.90389
-4.2146
0.576509
0.907616
1.71389
0.339188
0.791537
0.592583
-0.282028
4.16878
0.0978277
1.84648
-2.04556
-0.97543
-0.0539999
1.42653
-2.5063
-0.699488
-0.759666
0.344882
2.92222
0.136582
2.33366
0.0392668
1.68867
5.54451
-1.60928
-0.00755357
0.21487
-1.07987
-0.659434
7.66687
-0.787201
0.0128204
-3.48453
1.825
2.64402
-0.528686
-3.53731
0.0202437
2.7296
1.1394
-3.48812
0.491838
-0.466401
5.1096
-1.28332
0.91328
0.262799
-30.4297
1.26498
0.447496
11.3312
-31.7656
-0.487749
0.337946
-0.387939
-0.295338
-0.231341
-0.582125
1.71216
0.106488
0.564981
-0.159384
-0.125372
-0.973938
0.722053
1.82102
0.268379
2.75246
2.58644
-1.80779
-2.59799
-1.38333
0.110917
2.84705
-0.0458492
0.277711
0.596847
1.01811
0.560541
-0.493249
-0.604243
-1.71886
2.46998
1.73666
-0.716778
1.96777
-0.306843
-1.06853
-5.03882
-0.171908
2.05633
3.04525
-0.735797
-2.79172
0.188649
0.639638
5.49654
-1.64275
0.199572
-0.191679
1.38644
-0.0324813
5.09931
0.388756
139.557
-0.865601
0.0532244
-17.2861
0.511905
-0.13297
1.19112
-0.0517145
-2.38619
0.313485
2.24076
2.20815
-0.804585
0.731827
8.14312
-0.593992
1.79973
-0.464424
-0.576677
0.359249
0.446727
0.841917
-0.810707
-1.6076
1.03687
-5.15153
7.54884
-1.4318
-1.47193
1.54722
-1.57543
-1.24704
0.498574
3.49399
0.0242285
-0.211653
-0.48679
-0.541093
0.314658
-0.321956
-0.19057
0.743065
0.436993
1.73774
-4.13372
5.91662
-0.570112
1.2458
-1.10438
-3.68363
-0.0849275
-1.99588
0.156363
-0.0812933
-0.593516
-0.189501
2.72672
0.992241
0.153032
3.22548
0.293076
0.365856
2.19641
-0.899485
-1.28232
1.33015
-1.45088
0.564526
2.41438
-6.78912
0.765065
-2.51172
-1.32842
0.262263
2.05125
-2.66803
6.845
2.42083
0.288929
0.960601
-1.91905
1.59312
3.55116
-0.825723
-0.0783766
-0.66535
-0.827807
1.12589
0.362529
-0.509477
-0.0981856
-3.497
0.157098
-0.434264
2.10045
0.818308
0.390823
-8.4951
4.92623
-0.603072
0.49018
-3.79346
-0.0896926
-0.508487
0.207422
0.472722
1.79576
0.435743
1.10388
-2.14186
-4.9433
10.1684
-0.929597
-7.8711
-0.143335
0.11962
28.9718
-0.832327
-1.58548
-0.405813
1.42579
-0.911066
-0.0150121
2.79247
0.654328
0.799251
12.872
-8.31458
1.23011
15.211
-38.7393
2.60469
4.28812
-31.2473
-4.13442
0.698503
-0.861161
0.702471
-1.51215
3.85966
0.98375
-0.585194
1.54876
-1.26048
8.20062
2.12212
0.399672
-3.36754
3.97961
1.27253
1.47154
0.928271
-0.200246
-1.48631
2.99012
0.277659
-31.4791
0.748101
0.036626
-0.526093
0.0302426
-2.45878
-1.71418
0.260764
-0.777409
-3.64691
1.21843
-0.394184
23.5503
-2.10539
0.250666
-0.58083
-2.95772
-0.848757
-13.6239
-0.467338
34.5104
1.21792
-11.2005
-10.8938
9.96185
2.5243
0.564946
5.7808
-0.290353
0.75558
2.18245
0.94396
0.0672759
-0.510156
-1.07548
1.50557
0.141414
3.2786
0.25244
-0.677246
-3.07123
-0.483053
-0.445792
0.0403549
-0.219089
-1.21417
0.329121
-0.339336
-0.528275
-12.6396
-0.727846
-0.562357
0.558681
1.00702
0.269867
-12.2873
1.45649
-0.233001
0.342311
-3.00093
1.42495
-0.0901562
-0.0176134
-24.55
-9.42218
-0.531308
1.72854
-0.552085
1.00108
-0.696461
-8.70044
-0.513787
-13.3784
-1.10685
1.09172
1.87041
-0.115669
-0.466217
0.521822
-0.674197
-0.386553
0.22643
45.5295
1.34983
0.885969
0.20129
0.00509971
-0.258129
0.910753
-0.710706
-1.11154
0.893696
0.00536579
12.3744
-0.433117
0.351263
-0.819074
-53.6111
1.05041
-0.00736236
-0.272353
-0.78012
0.070549
-37.7546
0.0939825
0.0297629
2.89814
-4.31209
-144.103
0.410162
3.82249
0.355456
-0.399651
-0.90524
-0.314471
0.275051
2.96828
0.305882
-2.15253
0.633925
1.28018
0.0438777
5.09022
-1.2685
-1.56985
2.82249
0.643459
-0.406237
-0.852421
-0.234345
0.268859
1.05244
0.727307
-3.71884
-4.21365
-1.57462
-0.300789
1.90539
0.70265
0.57737
2.00224
-1.28721
-0.275723
6.04519
-0.467622
7.07459
6.9471
10.1078
5.15149
2.47588
0.513294
-0.843546
-0.316711
-0.789345
0.517569
-1.10965
0.782346
-12.6844
5.38274
0.230456
3.65254
1.78647
1.05686
17.9549
-1.28033
-0.725956
13.9998
1.18798
-0.799804
0.841986
-0.53093
-1.32313
-0.300865
-4.2269
-2.92053
-4.75577
0.274727
1.58157
-0.662707
0.477918
-0.0490351
0.0332471
-0.086721
6.2518
0.162027
-2.38218
-0.75024
-0.834365
3.98281
1.634
-0.976719
-1.0764
2.1654
-1.56948
1.61644
-1.4586
0.776249
2.55149
-0.839382
-4.04393
-1.73679
1.84473
0.643785
-0.994275
-1.12094
0.365985
-3.4969
2.44095
0.579085
4.64912
-0.157074
0.0303202
-0.302184
-0.328166
0.360898
-0.431893
-0.280223
1.60479
3.83764
-2.31193
0.997803
0.00335255
-1.76036
-0.914261
0.594947
2.88696
-4.48318
0.352477
7.29189
2.74038
0.374636
8.09634
8.21315
193.339
1.58754
0.902274
0.114167
-0.188831
2.01658
0.791797
-0.122878
0.0542926
0.490219
-1.07423
2.1198
-0.554497
1.08631
-1.28797
0.1105
-0.228504
0.13482
-0.340322
1.19787
0.805094
-4.08702
-4.1045
-1.65141
3.32134
0.491739
11.1338
0.642215
-2.35721
-0.430505
-6.07044
-8.43466
-0.295099
8.00355
2.37788
0.0720234
-0.92758
0.339357
0.866208
0.749406
4.55562
-0.185739
0.273721
5.65511
-0.219946
-0.941471
0.329766
0.0249841
-1.4354
0.664297
-5.08349
-1.88547
2.27101
-1.09148
16.7842
-2.36818
1.91727
-2.91618
-2.36951
0.706276
0.344603
-1.96252
1.02093
1.13947
0.00397762
-0.362688
0.373808
0.40791
1.47782
0.545198
-0.232082
-0.266992
-0.515349
0.141685
-0.0155996
-51.9976
1.75113
1.52956
187.889
-1.97728
-0.125443
0.323711
-4.6163
2.78768
7.81555
-0.771297
-1.82301
-2.57618
-0.138059
-0.305249
2.70575
-2.34395
1.65665
0.213963
-1.5494
-2.84519
-1.71652
0.668322
0.277899
0.374823
2.79439
3.72937
-0.422818
-5.67044
-1.83793
0.567386
14.69
0.215899
2.04461
-2.67417
-0.200492
-1.44832
0.0616374
-1.54889
3.23214
0.133939
-6.48858
-0.269353
-0.697503
0.826332
-1.20442
-0.52187
-1.71812
1.39115
4.1992
-0.461584
-58.2557
-2.21967
-0.0761057
-2.47673
0.301966
0.38748
-0.0115941
-0.34424
-27.8431
-0.216697
-4.17278
-0.715507
1.03704
2.85089
-0.442134
-1.35939
-1.43745
-0.0411802
-0.223777
0.347691
-1.09494
-0.808545
-0.776862
-23.3822
3.74728
3.67657
-1.30851
-0.133615
-0.33756
0.913791
0.433134
1.76575
-1.70076
0.532518
1.83081
-1.07789
0.3903
20.0981
-15.8965
1.76232
0.590288
-0.379467
6.92676
-0.0377569
0.633464
-1.54446
0.247589
0.783813
1.81768
0.739456
1.33296
0.423716
0.138596
-0.512195
0.184996
14.5863
-1.14333
1.14744
-2.56422
-0.60085
-1.41789
1.26817
-4.5684
0.332747
0.100396
1.17924
0.55659
0.489669
-0.479932
-5.45312
0.142398
-0.367712
0.669578
-1.30404
-0.598361
-0.138238
4.3762
-0.294319
-2.61287
3.04261
0.725071
0.140529
0.0131729
0.308307
1.37013
2.31274
0.557878
0.118504
1.40829
-0.414059
0.147859
-0.380964
-0.557475
-0.249787
-0.301803
0.566825
-0.352228
-0.0128292
-0.274931
295.954
-0.855322
1.62603
-1.17054
-0.505245
0.750674
1.87322
0.48558
-0.867891
12.0985
1.14963
-0.0792347
0.0103817
0.730092
-0.0838924
-0.217703
-1.85873
-1.93728
-3.60355
-2.15013
0.549422
1.08494
-13.968
-0.149966
-2.68704
13.7006
0.38529
-0.622595
1.45469
3.7519
-0.677964
-1.29099
-1.57669
-1.56347
-0.178073
0.994712
113.493
-3.3211
1.62256
-1.23899
-0.318021
-0.627279
1.38534
1.12619
-0.230136
0.422344
4.93902
-3.09212
0.546184
0.493282
5.75778
0.464076
-9.49044
0.59779
0.609139
1.87958
0.876966
-2.01318
3.05716
-0.640949
-0.633296
-0.102707
1.55546
1.4518
0.566326
-0.561825
0.560865
2.86221
-0.130998
0.121365
14.1158
2.8316
-1.16794
-11.6164
-3.93914
1.88229
-1.06194
1.13233
-2.96162
-0.732583
-1.0633
8.14806
-3.74973
2.87051
0.37844
-4.69503
0.54157
0.602799
-0.802696
0.132055
0.0481591
2.23961
-15.7047
1.6047
-0.559861
-3.1271
-3.38682
-3.99057
-2.73121
-1.87719
0.66819
1.14832
2.77586
-0.243557
-0.00372362
18.3205
0.348754
0.814969
-0.0220265
12.2552
-2.69087
0.605249
0.407337
-1.64871
-1.51318
-0.868013
1.00545
0.468819
0.464122
4.86265
-1.12678
0.204157
0.899627
-0.355712
0.390979
-0.710209
0.0960536
-8.3663
-10.8318
8.89429
-0.0455188
-0.0526122
-0.0432847
-0.165117
-2.41389
0.178025
1.06258
14.227
1.33083
-0.512128
2.19616
-3.5144
1.62496
-0.9156
0.324681
0.132697
0.925966
4.02147
2.20981
-5.1234
1.79271
48.6523
-0.255613
0.498584
-0.833699
-3.43678
-0.350743
1.31721
-9.27171
-6.36837
4.5167
-0.149732
0.341807
-4.0776
0.348185
-1.67604
-1.36698
1.57114
0.624027
0.111689
-3.37344
1.05002
-2.54601
1.45077
-4.00301
-22.3942
-1.26171
-0.645615
-1.98897
-0.0174728
0.825346
-0.122656
0.0639131
-3.17528
0.172895
2.00221
3.20238
0.277867
-1.5489
0.541885
-3.04878
2.64224
-0.787707
-3.31314
-0.463593
-0.790565
3.93748
0.603943
-0.606565
-7.86912
-0.506066
0.0630254
-1.04502
-0.10825
2.86545
3.91733
-0.110904
-1.09694
0.44381
0.243946
-0.911591
-0.135434
-1.01504
0.158257
0.869254
-2.43596
-3.93702
0.935049
-3.59983
-0.257805
0.768072
0.204254
-1.03141
5.63116
16.5974
-1.00581
0.152294
0.315364
0.556474
-2.22864
2.8593
0.179185
0.152073
0.0582814
-1.53231
-0.806757
-0.767233
5.98847
0.33413
-9.28167
0.865583
-4.15177
-0.902044
68.3966
6.41073
-0.34523
-0.830045
0.0863372
0.0727034
0.0248231
2.2303
-0.418841
-1.30602
-1.42195
3.041
-5.29201
1.61676
-0.55571
0.209346
0.667137
0.902515
0.545906
0.860801
-1.9905
2.91401
75.2297
0.208263
-0.220691
-0.662002
-1.52295
3.86515
0.731709
-0.592378
-2.25236
5.42584
-0.0168343
2.3548
1.78299
-12.3169
-0.0127976
-0.813364
-0.267936
1.46378
0.461198
-0.349346
2.24847
-4.16855
0.929953
-0.717219
0.333146
-15.4246
0.282806
-3.26047
2.91497
-3.24677
0.621779
-51.0303
-1.18543
3.46652
26.0899
-3.26435
-2.06042
5.81092
-5.36788
-1.34966
0.100309
-0.510818
0.367482
-2.16653
0.223375
-0.466839
-0.618298
1.98976
-0.0874408
-2.76835
1.4162
0.869681
-7.75826
-8.47455
2.27479
0.0280652
-0.34898
-1.38132
3.80393
-1.31405
1.3936
-0.070433
-0.200179
0.205807
15.9691
-0.298565
0.680931
9.84755
-0.372731
-2.65806
1.14603
0.700214
-0.17538
2.12407
4.66407
-4.66317
1.941
50.2486
39.9583
-0.0087723
-0.348988
1.604
0.753559
-11.6493
0.917711
16.1954
2.54152
-0.850552
28.0969
-0.227828
-1.2754
0.189574
0.228009
-3.62705
-1.23505
-0.541651
-10.4475
-0.581723
-5.69272
-0.512381
1.08682
-4.57716
0.388312
-3.41991
-0.37621
0.261308
-1.27085
2.08108
2.16609
12.7689
8.19646
-0.399212
1.9159
-1.17935
-3.81965
-0.414809
1.82826
0.799036
-0.398249
-0.0109253
4.39912
-0.648939
-0.611866
-0.938105
0.685397
-2.01015
-4.4047
-1.70812
-0.432606
-2.92466
1.88466
-0.18858
-6.67569
-0.0773441
0.827464
0.568736
-1.55565
-1.70177
-1.33277
1.73293
0.991342
21.6201
-1.63474
-2.60296
8.05023
-0.657303
-3.56328
-0.463947
-0.644046
-0.464635
-1.16283
0.510619
2.4277
2.50405
4.9245
0.715522
-1.80304
5.75533
1.4372
1.90696
-0.999227
15.6026
2.19557
1.0193
9.74407
-0.502856
0.927845
-0.255298
11.6683
-19.4778
-3.96793
-0.871038
-0.957529
2.45087
-0.870595
1.37528
-2.91421
-0.159292
0.448228
0.492349
-0.652186
-5.66182
-3.46815
0.0509542
97.314
0.144296
-2.41882
-0.851619
2.04832
0.388425
-1.6375
-43.5198
11.4688
-0.444243
-3.16104
-0.154611
0.468308
2.85851
-13.6953
0.0987046
-1.14524
1.67003
-0.274815
1.324
-5.14821
-0.0751676
-21.698
-0.174413
6.62655
-3.09847
0.221387
1.69256
-1.65422
0.525758
-0.147272
-3.62281
2.36551
-6.09707
-7.54439
-1.25613
-9.18523
0.78433
1.19056
3.82641
-0.13248
1.27491
-1.57802
0.0566541
-0.338739
1.49974
0.893672
-0.0813574
1.32553
0.254209
1.32521
-0.595951
0.827996
0.486644
4.01162
2.99562
1.42903
0.989922
0.672156
0.567852
-0.631633
-0.143817
-3.50666
0.588261
4.30287
-1.27776
0.56607
-0.240851
-61.7434
-0.0125536
0.66074
-1.12594
0.294736
-0.113098
-1.35856
0.93615
-20.5724
-1.47078
3.17431
2.10879
7.49654
2.00054
10.7957
0.496897
-0.788403
0.299104
-2.5481
-1.59689
-1.33127
4.10693
0.275656
0.200643
-3.56825
3.93327
16.7874
-1.39107
-0.390107
0.234218
0.441746
-0.146514
4.3873
-9.27935
1.09341
0.61135
-0.574437
0.109215
2.04185
0.0304366
-0.517833
1.60327
-0.0287712
6.88665
0.125115
0.199078
0.421884
-0.115401
0.2185
-0.129241
-0.352336
-0.847987
1.41739
-0.477979
-0.549108
-0.169775
-0.33371
-0.270774
0.863982
0.845505
0.887884
7.89025
-1.5726
-0.0141984
1.19216
-25.3229
0.780445
0.715857
0.383493
3.56072
3.382
-0.138763
-0.546056
-3.46863
-0.445533
3.27163
-43.2064
-5.14923
0.833681
-2.66672
-11.9844
-2.1078
-0.125166
-0.371995
0.0713662
-0.815563
-8.44555
3.12696
-0.416024
5.56258
-0.386389
-2.88869
0.979832
2.76289
-2.05678
-0.0694357
-0.183699
-0.6026
1.44297
-5.90843
1085.19
1.14365
-12.6236
2.66178
-0.117008
-0.628192
-0.860467
0.523039
0.371287
0.412656
-0.27456
1.36417
-0.559993
-0.376708
-0.146181
0.303056
10.0937
2.04515
-2.36407
0.558258
1.75423
2.96659
1.21464
3.35433
318.673
2.53556
-5.10746
-1.23472
17.3489
-0.22587
-0.408442
-0.594112
-2.73868
0.553273
3.52043
-6.27316
0.080155
0.630399
0.992755
0.132354
0.173319
-0.609192
0.288518
-0.340994
0.300576
-2.16708
0.341712
220.233
-2.1489
0.846933
0.386074
-0.28803
0.666752
1.51785
-0.710317
-0.0852799
3.27155
0.466261
-0.486283
0.471558
-10.9662
-0.23677
7.43242
-0.241387
2.06801
-0.923098
1.43427
-1.10549
3.19888
0.117898
-519.343
0.417459
-1.82929
-0.788191
6.2042
1.92222
-1.94584
-1.98781
-1.9688
-0.757503
-0.364428
0.801998
-3.00746
3.07521
-1.17434
-1.99736
-2.56132
-1.30829
-0.71435
-2.33338
0.344137
-3.6384
-0.550457
5.46995
-1.53272
10.6802
