S
-9.44885
-0.362873
-0.237646
2.85666
0.461364
-26.343
0.24365
0.472068
0.0836454
-27.3402
-0.142942
1.74934
3.14922
-0.564385
0.356747
0.903295
1.27004
3.16234
-6.7434
1014.71
-0.585169
-0.945172
-1.73358
-7.46202
3.60879
1.90082
-1.2801
-0.54809
-4.70521
1.25399
-1.75354
-0.710028
1.35821
-2.00998
-0.111596
-1.96472
-0.380483
44.5858
0.156421
-1.93227
0.4653
1.41486
0.279234
1.55648
-0.106626
0.348208
-0.085953
-0.249847
0.382635
0.960484
0.42691
0.715682
1.37631
-0.830742
11.0962
0.248958
-0.101171
1.5677
-0.721592
-0.504831
2.24843
-0.535978
-0.156316
-2.68976
0.676563
-23.2332
-0.392369
-0.490048
25.3165
8.99796
1.06387
-0.876605
0.163447
-1.36021
-0.693086
-3.43226
-0.0320768
-5.03042
-2.02371
4.32698
0.736329
-0.329419
-1.88021
-3.82096
4.46485
-3.25096
-8.81336
-1.70324
-0.17351
1.91032
-0.237202
1.43515
0.485643
1.28711
5.01664
-0.796892
-0.41153
-0.541826
0.187869
-0.576945
-0.28365
0.239293
-0.336655
0.776376
0.0793224
0.0233437
-0.672956
-2.67272
5.88816
2.10248
0.117243
0.236881
-5.1348
1.25656
1.63556
-0.910307
1.18451
1.61202
0.299833
-1.64598
-7.56789
-0.139738
-0.909958
0.887741
1.00674
-8.48679
-2.15588
1.00313
2.2704
0.725431
3.01257
1.02635
-1.54943
0.0398225
-0.423057
-0.893274
1.11557
1.5774
4.52867
-14.7238
5.56208
-0.151957
-0.504844
-0.990369
-0.873121
-19.9253
1.86329
-0.137854
-0.410646
2.63299
-0.260236
-1.30063
0.304198
-0.639081
1.09074
-0.106821
5.94283
6.95467
0.0455218
-0.412534
-0.745522
-0.999738
-1.2386
-2.56854
-2.41251
0.816521
-8.76778
-0.142276
6.96429
0.61445
-2.38196
0.706475
-0.0791936
-2.67512
-0.272457
-8.45613
-8.21983
-1.71621
0.483055
0.0250534
2.33468
0.570702
-0.28812
3.69808
-1.63172
-6.68226
0.767486
-17.8921
-4.22116
-0.18143
0.197232
-0.249081
-0.371754
-2.28212
3.26958
0.351271
-0.0379467
-0.986605
-1.17615
-2.34197
-1.10515
-0.889067
2.08743
-1.08617
1.46798
-0.266798
2.75288
0.0586543
1.03279
1.32019
1.09396
-4.08444
-0.98937
1.58212
2.02905
-0.17821
-0.233807
-1.75697
0.425475
1.34053
-0.520393
4.08197
-2.80697
-0.0972015
-1.52512
-0.537939
1.0686
1.26095
1.30827
0.75918
-0.158932
-0.0277787
2.85279
-8.22343
2.47381
-0.642087
-3.05869
0.397759
-1.87529
0.0732311
1.41225
-99.0824
-0.195491
-1.71446
-0.506814
-1.20425
2.77233
-3.40057
-4.61505
-0.0303261
0.55897
2.5717
-0.560582
0.106426
1.74553
0.925333
-17.0566
-0.135525
-1.7432
-2.85943
-8.31675
1.58121
0.767824
-1.62668
-0.997722
-2.81523
0.50398
17.7893
-1.77306
-0.758955
0.559748
0.333356
-0.563121
-0.385483
-0.233504
-2.52015
-1.33172
0.431085
-5.42616
-1.95196
-0.452778
1.78261
153.843
0.221299
-2.12181
0.406121
-2.6259
2.06542
0.930277
0.102239
0.386812
0.843816
-2.95266
0.132065
0.576996
-0.728915
-0.560364
-0.153449
-0.824021
-0.0439348
-0.77128
-6.11951
-2.96397
-2.10268
-0.039155
0.62671
0.633639
9.26285
3.46009
1.82152
-3.4892
0.588991
-1.86738
-171.958
-0.262103
-0.744795
0.0925558
-1.74737
-0.785461
-0.0826011
1.53596
0.546652
0.522888
-1.64737
-3.824
0.893048
40.0001
1.25607
1.41151
-0.0658445
-2.18661
-0.723182
-0.795968
0.931356
-9.02149
-0.396518
-0.00760244
-1.27165
-0.146681
0.665047
0.468778
-2.20958
-0.716151
-0.226138
0.537275
-0.196225
-0.472106
12.8096
2.33021
-1.30759
-0.42918
0.0882467
1.26098
1.42167
1.59054
0.0981498
0.295626
-5.58079
-0.535453
0.594109
-0.45848
-1.56537
0.509909
-2.49359
-4.36132
3.93072
-0.382029
2.51
-0.94076
-0.028237
2.87573
-0.0124156
0.0775219
-1.0723
1.12974
1.154
-2.21538
2.51902
0.244246
-1.42596
-0.125056
-6.38446
1.523
-0.517976
0.949348
-1.13913
-0.294925
0.396093
-2.44958
-2.52385
0.501592
-0.0799429
0.300357
2.06109
0.337171
-5.40602
-3.29468
-1.0155
-1.26987
-0.720984
0.0536528
1.53483
3.68079
0.0337241
30.8382
-9.66812
-2.05525
-0.580019
-1.44702
2.21718
-1.07417
-0.128473
0.174298
-0.584689
-0.595323
0.960589
-34.2818
17.3772
-1.32562
-0.490462
-85.198
8.97799
-4.10883
2.172
-0.0597968
-8.34636
-3.56124
-1.97222
-0.528322
0.137043
-31.2544
3.71004
-1.9332
1.84328
-1.80886
-0.286069
3.27574
-2.44795
-0.0931288
1.94447
-1.38906
0.453837
4.31643
-1.56116
-3.43318
-1.6249
-0.374151
-0.119355
1.32019
0.343737
-0.861497
0.414422
-1.14301
8.35421
-2.19454
-1.1896
0.587989
-0.300862
1.35269
-0.773329
-1.76954
4.46719
0.95976
-6.65446
0.285727
-1.42702
0.600581
-7.66887
2.86314
1.62461
-1.83879
4.38862
1.32251
1.30574
-0.813683
-4.05803
1.00832
2.11892
2.63614
1.33761
-0.989859
-3.99272
1.13153
-2.79258
-0.882193
-0.485172
2.58887
0.611015
-27.9944
14.9691
0.937988
0.529165
-0.850986
-1.10893
6.55457
1.04874
0.183113
3.86319
-0.663823
4.85325
4.13594
2.04026
-1.28189
0.700049
1.14183
-3.16245
0.489265
-0.0181066
-1.1867
-0.087053
-1.05725
-1.71474
-0.0777156
-5.63414
-0.488156
1.12641
1.61714
-0.21518
3.38326
0.851345
-2.36834
-3.80229
-0.640452
43.6089
-0.21713
32.1321
-2.34843
-0.504328
8.71586
0.278815
1.82151
0.528558
2.48083
8.88534
1.37159
-0.966329
-0.574012
-0.00840657
0.542071
-1.11444
-0.616407
-0.122671
0.0647
0.817646
-0.598108
-3.02772
-2.79283
-1.10766
1.71941
-0.691259
0.532966
-1.16003
4.92222
-3.70051
58.7608
-0.608453
0.235927
-5.97709
0.071887
0.209896
0.40512
-0.468458
8.36915
0.585617
-27.1414
-0.0424028
-11.9044
-0.40868
0.604628
-0.862883
1.27479
3.1041
-0.604349
1.52985
-0.485624
0.708545
0.825051
2.03392
0.496214
-7.05156
-1.20538
-0.293699
-0.486477
2.94915
0.796853
-0.521458
0.395646
-2.40236
-0.00273919
0.443257
-10.6765
5.17771
-2.2614
-0.0742982
-2.80842
-0.422939
3.8619
0.84779
-1.05212
-1.01812
-2.77481
0.508082
-0.644201
0.820656
-2.11351
-2.21946
-0.112209
2.27161
1.55745
-0.538656
-0.237234
0.860463
0.0177686
-0.171604
-1.77531
0.406862
-0.837367
3.56626
0.801667
0.188757
9.64915
2.21428
-0.716846
0.319383
-0.160833
2.1426
-0.0322849
0.867999
4.04121
-37.0052
-0.0124285
-0.056515
-1.07784
1.29137
-0.255348
-0.0444838
1.2421
-1.18603
-1.01104
1.39372
2.64796
8.25064
-1.21766
0.312998
0.0908242
-3.1694
-0.273679
-1.02979
12.3115
-0.757801
-36.6309
-10.0207
2.18034
-0.578133
-0.85228
0.328988
-2.30338
-1.56091
1.2399
-0.430906
3.73083
1.23345
0.586679
4.15018
0.612748
-0.904492
1.78948
-3.06023
-0.0620171
0.111613
0.578099
-5.17781
-0.46992
1.11525
-2.47807
-40.7481
0.0963946
0.942133
-4.3762
-0.0205087
-2.2277
-3.25943
3.04417
0.900521
-3.698
-0.110644
-6.14769
1.19672
-1.64983
0.36427
-0.835827
-0.190854
0.15528
-2.65112
-0.160967
-0.329186
-2.0428
-0.402809
-0.0809388
-0.327534
-1.59962
0.949372
0.655703
0.149799
1.24874
6.42807
1.35788
-0.592218
-1.76384
9.55613
0.124694
1.40937
-3.05318
-0.380223
1312.94
0.0817597
1.26403
0.321597
0.552644
-0.442693
1.18782
1.43467
0.0897573
0.114634
-0.491419
1.78606
-0.0304475
0.299994
4.85021
2.04472
0.398931
-0.850047
-1.38207
0.0163188
-0.786143
-0.779024
-1.01727
-4.56923
0.632264
0.56635
-6.06668
-0.515648
3.83168
0.925076
5.32933
-0.184064
-0.362265
2.94185
-2.78489
-3.99633
-0.0213065
0.120717
-2.44388
-3.34665
-1.31029
-2.93813
61.9522
-0.807346
-0.310601
-35.7973
0.646607
-4.26763
-0.197579
15.1186
0.610764
-1.98033
0.148575
4.44535
-2.23543
0.122145
2.27745
-1.08314
1.46316
2.77307
-1.53713
0.511096
0.0665272
-0.854117
-1.50379
1.39396
-14.9914
1.58483
0.101802
2.44271
-0.785269
-2.63645
-0.606199
-0.11845
-0.58819
-3.81214
-0.0635359
-2.16236
-30.8675
-6.21693
0.535645
-0.57379
0.247241
-0.66141
-0.771823
-1.35488
6.15543
0.504036
2.53559
-0.69583
4.03719
1.55201
-18.0431
-0.743191
2.66534
2.01785
-0.327138
-0.527181
0.0534199
0.365709
29.6803
1.92343
6.42889
-5.75197
0.0679206
3.74781
-1.76088
11.8784
1.40465
-1.41502
-0.873218
-0.149348
1.14538
2.28124
-0.195307
-0.855529
3.14432
-0.540117
1.4456
-9.40807
-8.51473
-0.746461
37.6854
-0.365694
0.407748
-4.31442
7.07157
2.35409
0.497207
-2.91263
0.270398
0.585523
1.11086
2.23506
-0.730075
0.440977
0.29908
-2.9185
0.770775
-0.134635
-1.90003
0.230506
-2.60748
-38.5419
0.519175
0.535822
-7.46144
1.56494
1.31687
0.462151
0.686608
-4.75498
4.80777
2.22121
-3.26885
0.474037
-1.07283
0.0244361
-0.919859
-3.17656
0.591287
0.563972
-1.50771
-0.927004
-3.71209
-0.0660733
-1.36693
21.1371
-0.144377
3.36281
0.363841
0.291534
-1.47818
0.16641
0.174235
1.40792
5.84071
1.32372
-9.28149
-6.6356
-2.36933
2.33203
-1.91045
0.866663
0.869716
0.221079
0.933095
1.6354
0.129068
-0.17537
5.64069
17.13
-4.20554
1.02166
-1.65425
1.6734
0.0744665
0.538309
5.16457
0.0922399
0.281357
-3.27734
0.882262
0.803063
-0.554086
-0.81072
0.0345904
-0.497852
4.83923
1.92501
-0.607934
0.376546
-3.43528
-2.65708
-0.509497
0.472234
0.350246
-1.4694
0.132319
0.123612
0.496284
0.644481
3.32071
0.280888
-9.34296
-0.978498
-0.306504
-0.583956
-0.932914
-0.258524
-0.546884
-3.67491
1.19127
-0.932295
0.102242
-0.0912874
0.977119
-0.84971
4.43856
0.0941976
1.29976
4.24735
-0.220097
3.50898
2.20833
-1.23961
1.71708
-1.4406
0.750363
-0.89105
-0.291782
-1.99135
0.768972
2.6136
0.355333
1.41943
21.5426
-0.402097
0.91
3.6315
6.7929
0.598099
0.423942
11.8403
-9.71844
1.45179
-0.921625
-2.82648
-0.645059
-1.79563
0.23089
15.7833
0.206991
1.70665
1.09624
-0.270131
-1.5718
0.297433
0.094834
-0.892456
2.52122
1.83444
24.7787
33.3866
1.03864
2.55672
-0.0177893
1.59825
-0.160717
-835.823
0.328663
-1.68378
-113.093
5.21337
1.1875
-2.00815
0.362857
-4.85472
-2.47145
1.99158
0.260193
-5.40283
13.683
0.129264
-1.42439
0.359883
-11.7499
-0.134947
-10.3255
-3.75042
0.274987
4.88775
0.576989
0.342372
3.03764
-0.550758
-1.3423
-3.97408
-28.5363
-4.63429
1.03653
-0.443951
-0.534883
0.102825
-21.1936
0.315358
1.43945
-0.356632
1.43213
-0.755367
-2.05438
-2.71242
-2.01461
-1.1885
4.7845
2.03835
3.5797
0.914451
-5.87692
1.18641
0.874328
-0.200191
0.249233
-0.278652
0.32228
1.04411
-0.911653
2.04813
-1.62924
-0.284839
-0.66267
1.20507
-0.473779
-0.00263009
-0.247153
-1.79102
0.235054
-58.576
0.158804
0.106416
0.263079
1.17655
-1.81429
7.84953
-1.3574
0.811569
-0.884913
1.46745
-0.0859753
2.1977
-2.38309
0.593669
-0.469026
8.93841
-1.8224
2.26667
-1.38629
0.175156
3.66372
-1.22972
-0.274246
-0.475101
-3.07515
0.727413
1.57203
-5.49316
-1.63167
0.0560087
-1.47239
5.42574
-14.2219
-4.2507
1.56037
1.08869
5.60219
4.73933
1.72068
7.89468
-0.293752
-0.0560101
-1.36967
3.36001
-3.37992
0.00987484
0.629507
0.324061
-0.206563
0.240702
0.861308
0.080102
4.253
-0.605337
-0.00949711
-4.17841
-0.163213
-12.6387
-0.32558
-2.98936
-3.39474
0.526596
63.9248
0.647305
-0.477962
-0.956218
-2.22575
0.386807
1.63791
0.0616603
-1.364
1.06422
0.7227
7.45864
-0.0236086
-0.588928
-6.43736
0.322829
-0.21155
1.07991
-0.236629
-0.354529
-1.48514
-0.850357
-0.284593
1.10214
7.89223
6.85013
-1.75542
0.215868
0.727232
-0.0800984
5.29868
-0.608097
0.987018
15.8871
-0.89562
0.369013
-15.2693
2.56455
0.627725
1.38831
-0.356798
0.312561
-4.79616
0.105544
-0.880158
4.59562
-0.229969
-0.645349
1.41407
-1.41379
-0.637583
-3.07398
-0.118966
0.9758
2.77268
0.525175
-0.151201
-1.44399
2.39591
0.652157
-0.545517
-0.332192
0.109267
-0.929445
-5.4467
59.319
-0.135256
-0.210103
0.349459
-1.17476
4.28939
1.24557
1.15721
-0.91741
-2.62529
0.149434
0.168471
-43.7496
-0.245516
-0.114717
2.12194
3.46938
1.34516
0.550019
-0.145963
0.425794
-0.764643
0.244358
1.28717
-0.271115
1.32662
0.0399623
2.91188
0.267489
0.456875
0.426257
1.53213
0.517981
3.36255
-0.234628
-2.64144
-0.535836
3.89936
1.28078
0.0427233
1.47557
-4.94376
3.50382
2.44327
-8.26714
0.717496
3.4933
-0.212882
0.819574
1.7297
2.45598
-0.359407
0.478948
-13.2449
2.15241
46.65
1.10012
-0.830921
-0.0404577
-0.718667
-30.6256
-0.55056
2.20093
1.27062
-1.15907
-0.991884
-1.73036
1.91807
3.01837
1.70072
-0.966271
0.896666
6.98872
6.32
1.00282
0.419559
1.71686
-0.223236
-12.491
-4.3291
-2.74616
-1.95254
2.43905
6.03451
0.239931
-2.84336
-5.28245
-0.502559
0.980316
-1.31434
-25.247
-1.13302
0.290257
-19.3625
-2.13308
2.7853
-1.21246
-5.86081
-1.44381
-0.584522
0.13854
56.4635
2.79365
0.682721
-2.42578
3.88802
-0.151218
15.4514
-2.00035
-0.689631
-0.160326
-1.27229
0.562483
-2.001
0.255138
4.8698
-0.595188
1.62982
0.495045
-0.0676423
9.09524
-0.868457
-0.139676
0.59346
-1.44834
-0.6782
-0.53
-3.85962
-27.2967
1.53975
0.0745691
3.32957
-19.5987
3.92738
0.155724
-1.33592
0.0635691
-0.681846
-0.993995
-0.67074
0.609037
0.19372
-1.7801
-0.518291
2.11301
-0.31322
-0.898198
-2.76187
-5.93744
-1.27019
5.03352
-0.186052
1.52706
-2.32943
0.0330923
0.515063
-3.81797
-1.15074
0.850775
-4.07455
-0.875451
-5.73526
0.716783
1.52944
-5.64991
-1.24503
3.94701
3.94917
0.470466
-0.000343104
-0.448306
1.98772
0.675177
-0.524148
-5.94069
0.484881
27.9795
-0.226726
-0.414105
1.15271
2.40023
0.691239
0.317311
-0.552969
1.15795
0.774295
37.76
-0.0689888
-1.57685
-0.269933
-3.15512
-0.497026
0.479049
-1.26447
0.319224
0.264041
2.00973
-0.400972
-0.122376
-3.08324
0.708596
0.275561
3.46726
-4.22874
1.54359
-3.1156
0.928015
0.621313
-8.17169
0.306752
-0.521296
1.21664
-0.54674
-1.44696
0.320673
-2.56002
0.0165915
4.50013
-0.073392
3.70216
-1.20373
0.214718
-0.203412
-1.14214
0.0922338
0.64241
0.734258
-0.398155
0.104162
-4.68133
-0.643205
2.14834
2.91524
4.95793
0.378033
0.0315947
3.7173
2.95005
-5.50613
-0.376993
-3.91393
-0.706518
1.2259
-2.9426
-0.715029
-0.898069
6.12818
6.13959
5.13716
-3.15575
-0.0851382
0.700503
-1.80991
0.44943
28.3546
-0.741546
-1.45899
-2.23971
0.950708
0.613253
0.283531
-0.0705821
-1.7115
-1.71093
8.35618
-0.62979
1.20708
-1.33892
-1.44959
0.0456902
0.402441
-8.71023
0.783677
2.9539
0.484803
1.98464
3.52257
-0.152998
-0.143741
0.815626
-0.433716
2.27175
0.0164175
-0.143076
0.319595
1.48654
0.255265
0.0148639
3.05782
9.01497
-0.245053
-2.22762
-0.271023
-1.97503
-5.95132
4.77232
0.689842
2.15335
-4.02395
2.32257
0.440253
-15.7339
-0.724098
-1.10905
0.453809
-0.374373
-2.76974
-9.1562
1.66989
-137.494
-2.39749
-114.531
-1.00633
2.22307
-0.282506
8.9302
0.3221
-0.563779
0.78695
-4.42562
0.510096
6.67607
0.830259
-0.98727
1.50327
2.40254
-3.34746
-1.19771
-1.10933
0.154944
0.103972
-35.4356
2.72655
1.34212
0.0266003
-1.44616
0.382686
3.04613
0.153586
-0.0887826
-0.028969
-0.859536
-0.80565
0.766423
2.01006
0.11546
4.67635
-1.53571
207.777
-2.99645
1.05672
-1.53802
0.576736
1.12499
0.475255
-1.11971
0.0596762
-0.144691
-2.88341
-0.596967
-2.07198
1.0123
-1.40136
-0.462819
-0.180089
-1.14289
-0.298777
6.35538
-1.32376
0.230558
0.111084
-0.900287
-0.220882
-6.90243
-1.50366
-1.11826
-0.707988
4.29886
-0.378671
-0.838844
0.00170276
3.84456
0.151236
-0.222873
0.491128
-0.3806
1.39305
0.615078
-3.59252
-3.53905
2.55635
-2.94998
-1.9046
-2.77223
1.94531
-0.211388
-1.21609
0.874605
1.04781
0.720595
-225.331
0.55998
-1.70598
0.906789
5.16714
-0.29699
3.90256
-0.360211
1.88018
-0.486303
1.53865
-0.705162
1.10005
0.691141
8.42206
2.12842
-1.66194
-0.0858772
4.98329
-0.555726
0.134012
-0.432526
0.598337
-0.559799
-5.51649
1.00475
0.432394
-1.58583
-7.06476
-0.131161
0.908613
-2.82931
4.52664
-0.387959
0.0480226
0.218539
-0.176287
-0.313119
14.6641
2.99668
-0.749107
-3.53158
0.390409
0.593041
0.0219782
2.51811
1.03579
-2.44975
0.0511565
-1.0372
-0.015115
-0.502786
5.76816
-0.568728
-0.752759
0.726244
0.439319
2.41617
-0.842036
-0.254218
-0.491574
0.784522
-0.185978
0.423475
-0.781085
-0.612343
0.195327
-5.13164
0.725469
0.214153
-1.82626
-1.92097
0.172832
1.33366
-0.0746998
0.238589
15.3887
-0.0137109
0.293654
0.252664
-0.237525
1.21662
-0.62201
-2.19244
1.20635
-8.58948
4.28435
-0.406643
1.00708
0.766745
-0.170082
-0.628113
-0.808721
-3.57636
-0.494056
1.84877
-1.47699
-0.74637
0.614995
-0.239489
-0.750669
-0.205944
-0.691744
0.680652
-1.41448
0.615998
0.928721
-1.425
-0.812892
2.3486
1.08632
-0.737561
-0.210615
2.31284
2.46089
3.26205
-2.44963
-2.67176
0.178823
1.11414
-0.147482
1.87593
-0.087728
-0.253333
0.716472
24.7474
-13.9263
-3.09659
1.31641
-0.513416
-3.84379
-0.707123
-7.15844
-0.374156
-0.831822
-1.20019
0.323189
-0.191982
-0.168183
-1.09827
0.584185
0.235672
5.98312
-1.9784
-0.688017
0.104117
0.7077
0.509037
-1.18356
-51.0101
-3.36672
0.076378
-0.0290947
0.061442
0.49804
0.447759
2.98955
3.86607
-0.115356
2.74311
1.44254
1.50134
22.9383
-0.833204
0.241268
1.12299
-2.09227
-0.0234137
-0.443342
-15.6578
0.710064
1.79848
-1.95096
0.852043
1.67683
0.0348604
-3.43312
-0.402436
0.996029
2.67914
-0.882266
0.61395
-0.0939612
0.716276
-4.71246
1.8646
7.92138
0.896679
-64.1172
-0.133897
-0.0543976
-0.665927
-2.01472
0.696945
-0.356709
10.4119
2.10069
-0.265974
0.605104
0.305462
-0.251597
-6.35204
-0.388725
1.4702
11.9059
-0.276546
-1.06215
1.95477
0.715159
-4.14638
30.0207
0.135193
0.963751
2.09054
1.06044
-0.86463
0.207639
2.74078
-0.667025
0.443449
-0.124006
1.30378
-1.10476
-5.82391
-2.55172
-1.40726
0.220845
1.81983
1.21654
-0.69027
-2.19862
-1.89023
-2.2142
0.27362
2.37149
12.4198
-0.861683
0.56162
1.64374
4.67789
1.06068
2.23703
-1.14571
-0.876412
-5.05895
-0.53879
0.205438
-1.79991
-5.68998
-0.892917
0.000970589
-8.05675
-1.31614
-2.972
1.98057
-0.0657046
-1.27593
3.89166
-0.43291
-1.2937
-0.470813
-0.690191
-0.617545
-1.31847
-1.07533
-1.7405
-0.460088
1.18491
2.67767
-0.167275
2.78911
-2.61955
8.97884
-1.11419
0.55152
-1.37939
1.295
-1.88689
0.483971
25.9369
0.833004
1.48224
3.39739
-1.17418
10.457
4.63466
1.05111
1.44214
-4.52757
-0.265568
0.378816
-27.6248
0.324404
0.475773
1.40294
-1.88739
95.3522
-3.23854
1.47115
0.70383
0.800545
-3.8112
675.935
1.04584
0.257955
-0.656038
-0.86632
-1.93913
-0.840246
-0.817955
-1.01034
0.0903551
0.621453
0.514818
-0.0710709
-1.98218
0.348378
1.11272
0.299086
0.80562
-35.841
0.138652
0.0123405
1.22714
2.20208
-1.34212
-2.28629
-21.8078
-0.445987
0.126794
-0.00922542
-1.11172
0.722066
0.301073
12.9302
0.534411
44.2549
1.97867
0.514377
-3.67245
0.844904
-1.50693
0.202942
-4.54286
-0.304596
1.98286
0.0352758
356.855
1.55741
-0.972678
1.80275
0.287818
1.20685
-1.10938
-0.129439
-0.338686
6.15684
-6.03735
0.373669
-0.682938
0.504494
1.31068
1.2381
-0.438371
-0.214911
-1.55382
1.99705
0.771754
1.99574
-5.84147
-1.17025
-0.00764975
-0.948719
1.59116
-2.71226
-1.93907
0.920886
-2.01229
-0.634476
-1.98636
1.13783
-0.939396
0.959502
-0.614571
-1.44384
-1.3344
-1.0785
2.61469
-0.609784
1.87411
9.64409
-2.12265
0.535922
3.18262
7.65528
0.549942
0.315366
-0.328313
1.07166
0.165265
18.381
-2.74971
5.04015
1.87743
-0.408695
11.7453
0.976988
1.31922
0.85717
-0.876088
0.11272
-0.922896
0.838863
-0.792358
-2.10475
0.748983
0.794022
1.11342
0.601859
1.61245
0.841468
-51.2481
-108.085
0.204606
3.84637
0.218469
-7.69749
0.154906
0.294133
-0.241339
-0.586623
-2.06261
3.0225
-0.318756
-0.236197
-2.94821
0.840237
0.897189
0.0289207
0.28204
250.709
3.94065
-1.98611
-0.0536604
-6.01411
0.373862
-2.34588
-2.50743
5.55816
1.50441
-0.652874
-1.48105
1.42029
5.13584
-1.34387
-0.692824
1.26653
0.348721
-0.771305
-0.279512
-0.580419
-0.530662
-2.77061
0.922232
-1.57067
-0.241673
11.2561
1.75933
-0.86215
0.832057
-1.3827
-5.25517
3.4765
-0.057622
0.46803
0.192275
-0.666039
1.97664
-2.58721
-1.10669
0.355516
-1.18763
8.72764
-10.9133
-0.155005
-0.258502
0.870896
213.507
-0.226698
-1.11942
8.8487
-4.85241
-4.04756
0.622845
-1.45399
-0.570088
4.07591
0.18831
-2.11127
-0.71825
0.320816
1.58094
0.352399
-1.71509
2.47836
0.120491
2.44922
1.1974
-0.427143
0.381108
-1.54289
3.69882
12.2741
5.09049
-1.23075
-0.365375
-0.0218486
0.383443
0.233294
-0.562453
-8.53123
-155.996
-0.60226
1.99833
-0.252068
6.05208
-0.342751
-0.222952
1.15302
-0.22239
-1.80713
-0.664085
0.111094
-2.27203
-0.348585
-0.0385342
-2.86505
-0.155417
-0.684031
8.19877
2.53044
2.31214
-1.48749
0.171006
-3.25908
0.026945
0.182621
2.19747
1.70589
-0.296556
0.237583
-0.612256
0.967522
-2.17516
0.652403
0.49359
2.25187
0.0437841
0.0642174
-2.06216
-0.413386
0.105924
0.231798
1.06844
-1.76873
-0.922195
3.46197
-1.46129
-3.65407
0.772642
1.44987
0.682617
-2.07222
-9.81885
0.273881
8.45157
6.51237
-1.20533
5.66681
-1.79417
7.21131
-0.702486
-0.0173926
8.95845
-2.55624
5.04383
2.00155
8.67003
-0.0568915
0.0566805
-1.47534
-1.11956
-2.05722
-22.999
1.56169
0.524464
0.0577207
5.90335
0.264907
-5.17203
-2.38801
7.2211
-3.21909
-0.153554
-0.470676
0.876923
0.151638
-0.849547
0.00403266
-0.103249
1.87875
-1.84826
2.22527
-6.78288
0.0574071
0.814023
-0.88241
-4.95624
-0.547833
0.363587
1.13144
-0.851988
1.85711
-1.57687
-4.2628
-0.375641
0.140302
-16.5735
7.13422
0.188287
1.90111
0.616168
-1.46795
-3.01143
11.3117
1.4486
-19.6628
-1.39963
-0.608783
0.332497
-0.636966
5.12863
-0.680987
-0.305675
0.195822
0.489397
0.196286
2.16547
-0.540467
1.71656
0.661696
-0.487647
-46.6673
-1.49153
80.2621
-0.338007
0.0210729
6.22594
0.635541
-0.145138
-1.34604
0.645074
-2.62128
1.28227
-1.24569
-1.35391
560.41
16.218
-0.447641
-1.53112
-9.55518
5.2635
0.422054
23.2209
-0.387037
-0.732027
-0.659895
-0.121008
0.682301
-2.38872
-1.45283
3.34473
-1.32625
1.63136
-1.25006
0.0265223
0.160699
-1.94684
1.14871
7.88351
-1.88826
0.711318
-2.71162
0.233388
0.741335
-0.608578
2.47805
-0.240383
-1.09772
2.44221
-1.07661
1.28118
0.710901
-0.482032
1.55509
0.327117
67.4021
0.108104
3.46519
0.935782
-2.50567
1.27049
1.18091
0.873874
0.554097
0.178076
-0.0932775
-0.00705473
0.318507
-0.530385
7.23348
-0.176928
-1.01282
0.627836
-3.61444
-3.57346
-1.06006
-0.370301
0.438687
-0.757316
0.00673573
1.19633
-0.680786
0.353869
1.86917
-3.23436
1.48949
-0.151635
0.386484
7.27288
3.93811
-3.53502
0.116226
0.280995
-2.99765
-0.0484349
-2.59175
0.982529
-1.19308
1.2539
-10.0357
-1.16842
1.05529
15.6285
-2.13925
1.67035
-0.961587
0.172759
0.249817
3.62675
0.653298
0.161951
0.1596
2.30978
0.190217
-0.278677
-2.04935
5.58899
0.251415
-1.03701
0.18496
0.212851
1.21786
-0.728663
-0.349437
6.10097
-0.30687
-1.11781
-0.959189
-1.84858
-1.12479
6.39465
-3.90266
-1.9721
3.89322
-0.325075
-0.121375
455.025
2.73993
3.03056
4.48848
-3.23091
-9.48741
-0.543134
3.33754
3.91431
13.5392
-0.091731
0.96195
0.13653
-3.0872
-0.114648
-5.35536
0.683872
6.8765
-2.95
0.293186
0.550708
-0.0858269
-1.95948
-0.00917707
-0.230019
5.65581
-22.0236
-2.92493
-0.685378
1.19837
-1.12197
-0.526125
-0.817447
0.575428
1.05381
-10.7592
1.04992
3.23508
-0.306306
0.88267
1.58991
-0.679627
-2.79414
4.08985
0.636642
0.169916
-0.781217
-8.06171
27.4581
-2.19054
-0.589022
-0.49493
-2.9217
0.0582361
-2.54731
2.65533
2.80154
-1.71711
-0.652174
0.947015
0.940007
1.29241
-0.221667
1.70315
-0.0280053
-3.54381
-0.931317
-1.38038
-8.0326
2.11119
-0.123896
99.4053
0.612804
-0.0146486
-0.0200777
1.32418
4.81781
0.620364
34.9777
2.57385
20.2077
0.588928
2.06569
0.186464
2.52238
-0.0955877
1.76157
-0.471523
-0.97148
-0.817741
0.369652
1.9814
3.93024
-0.251408
0.0719771
-0.328812
0.941381
1.28091
-0.0421116
-1.14347
2.03583
2.61292
-2.08521
1.62948
-4.46725
1.60817
0.00269272
0.101712
-0.933302
-0.604431
-0.440331
-5.75173
1.79001
0.0268871
2.93498
0.715137
-0.317541
0.293471
2.85154
-0.364913
-3.14614
-2.14997
0.49764
-6.59502
0.382826
-0.625259
5.58536
-2.582
-0.430828
0.119616
-1.09221
0.275404
3.40938
-0.6831
4.04516
0.443844
-0.834878
1.7739
-1.07835
0.117541
0.883607
-0.237939
-1.06508
-2.54566
-17.8261
0.00331328
0.932001
0.237403
-0.697248
0.0261539
2.3643
0.367663
4.32625
-1.26506
-1.04775
-0.416766
-1.35754
-0.922968
-0.210116
1.15714
0.586807
-1.30429
0.122478
0.788524
0.563071
1.88466
0.608273
0.572547
-0.380341
1.45571
0.899426
0.377982
0.300965
0.0336392
-3.73492
1.81539
4.29949
-0.113608
6.21828
2.67578
0.966882
-0.123405
1.74677
-0.802924
-0.442837
-16.9998
-0.466202
2.48901
0.382885
-0.662241
29.4185
-22.778
0.820948
-0.0118798
-0.54322
-1.19869
0.679584
-1.41002
0.169343
0.0560811
0.181372
1.35534
1.92915
-0.0319902
0.775956
2.7526
-63.6056
0.214096
0.561322
2.88554
-1.32399
5.63807
0.166335
-3.53699
-0.0889467
-0.43574
0.699026
-1.73639
2.69338
6.4228
-0.637036
0.0938843
1.32364
0.221041
1.8113
1.40361
1.39938
20.452
4.5142
0.565998
0.333129
-0.551524
-0.462492
-2.17372
0.197118
-0.812435
-1.18698
-1.21002
-0.491786
1.16355
4.66771
-1.14338
2.32811
-0.367281
-0.0540828
-2.45375
-2.51564
-0.286348
-29.0361
2.08374
-2.20757
-1.3806
3.23692
7.29001
-0.246302
0.416496
1.85004
0.559187
0.190212
1.33897
-7.37786
0.162898
3.1725
-0.934808
-0.0740787
0.426032
-8.11654
-2.30547
-0.841848
-1.30293
0.165328
-2.3514
-5.87932
0.414943
1.58936
-5.35018
-1.7084
-1.69883
1.11603
-0.813786
1.78847
-0.102739
-19.3507
-0.427293
0.0475031
-4.09191
0.856757
-1.03671
0.512476
-0.226868
-1.35118
-7.18562
-1.5665
0.452501
0.22713
-3.83397
3.82405
13.0205
-1.09328
-0.240493
-1.52563
0.3019
-5.08901
-2.58119
-0.250945
-0.460235
-6.68593
7.39168
0.375027
0.617124
-0.323155
-0.067079
0.464251
-0.786592
1.25711
9.95449
-0.81403
-2.05029
4.68401
4.29603
-0.47753
1.99663
-0.0142234
-0.229216
-0.462211
0.3776
2.41026
-0.137563
1.25714
-0.200985
0.48532
2.53486
0.845011
1.85864
-1.67778
3.60722
7.73195
0.260706
0.855494
6.67686
1.49962
-1.23537
4.62127
1.25379
0.440201
-0.221448
54.5144
-0.327224
11.78
-0.133576
-8.34765
-2.83793
-1.00919
-2.14816
-0.281502
0.944617
-6.71583
0.602652
1.69127
15.2549
5.4896
0.582488
10.4933
-5.51254
1.89218
-0.31111
-7.81794
-1.3239
-1.657
-2.43627
0.403827
-2.24588
-0.615434
-0.0154825
-0.245785
1.52352
-2.24823
-2.70308
1.28479
-0.16625
0.641763
4.91346
-2.48099
-2.32074
0.208797
-44.4699
-0.113792
0.427891
-0.256656
-0.21949
0.146498
7.17663
-0.453216
0.829044
-3.66915
1.06344
-4.02466
1.06872
-1.13869
-0.179585
14.2093
-0.0181673
0.345808
1.97134
0.730844
3.84914
0.014475
-0.949061
0.126078
53.3318
0.807779
9.75663
17.5012
-0.549768
3.863
0.345298
-0.301611
0.0635989
-0.205756
-1.24898
-0.285557
1.19977
0.479995
2.45494
2.5229
12.4008
1.58899
-1.03122
-4.41361
0.173677
-1.74584
0.245776
-1.6361
-1.43022
0.0501746
-10.1122
-2.04216
0.375475
-4.30015
-1.62692
1.77826
-1.43726
3.49692
-2.1462
0.604057
-0.83654
0.619203
0.535834
-11.09
-0.188464
1.00573
-1.75414
0.0286029
-2.89814
0.282746
-1.49164
5.50638
1.27671
2.32597
-0.165051
1.79693
-26.3107
1.16081
1.58445
-6.45498
-1.27718
1.14261
2.20818
-0.944738
3.16285
-1.61165
-2.53093
1.81388
1.4633
-1.71941
-2.17009
-1.17925
0.855084
-3.60981
-0.165277
1.09994
0.866505
-0.728569
1.27985
-1.01229
-0.24498
-0.0247696
8.98964
-0.445162
18.3903
-0.00810018
0.71358
454.313
0.406708
2.74122
5.51447
-0.110849
1.73648
0.198474
17.03
-1.16602
-0.364396
-1.15308
2.50168
0.813209
-0.317748
0.108567
-1.45692
2.16842
-0.204013
1.10877
2.05893
-3.74833
-0.961117
-36.891
0.484608
-2.18393
-0.340809
-0.54254
0.703681
-0.00651391
-0.556881
0.496495
0.659785
-0.0940508
0.0603871
0.947303
0.531497
1.66746
-0.026445
-10.9108
0.011064
-0.0319846
4.80527
-0.0391683
0.412292
-18.0324
-0.0350661
-0.50783
-1.10224
0.168391
1.83775
0.694685
1.50482
-4.00857
0.598674
-1.47035
-3.63903
-0.0637515
5.40598
-0.789261
1.62203
-0.0833768
-2.14186
1.0664
0.913381
0.64401
36.3553
-22.7437
-1.97067
-1.40068
-1.27698
0.743513
2.3359
-0.910107
-0.148146
-0.50863
-0.29155
-0.428768
1.2508
-4.08023
1.32679
-1.02764
-3.22386
-1.68176
-0.261309
-1.17754
0.858844
-1.69936
3.04872
-1.60898
2.56694
0.245543
0.6354
-0.243849
0.164254
0.317107
-1.18419
-0.485579
0.00470337
0.96651
2.73104
-4.55749
309.547
-0.827202
0.0311867
4.65236
0.0587239
0.331023
-1.06913
14.825
0.28764
2.91296
1.19023
-0.2311
0.229425
0.195158
-2.70437
4.85925
-0.571747
-0.827027
-0.275001
0.398765
-0.150539
1.00961
-6.69619
0.0837429
-3.61639
-2.03534
-0.684054
0.941
-0.506003
-3.14055
6.57572
-0.0551913
-1.16715
-0.94176
5.52099
0.555309
-2.52734
56.9799
-0.759696
0.83353
0.409316
2.63495
-0.530839
-1.10114
-0.900346
0.915036
-0.208319
-2.35694
1.75605
-0.191939
-0.830754
0.404655
-0.50215
1.00414
-5.55321
-0.438307
0.225848
0.339333
-1.13117
5.48493
-0.970755
6.28735
0.404183
1.18907
-1.75828
-1.11387
1.12004
4.30508
-0.498341
-0.0548456
-9.07223
-0.0718399
0.15994
-0.57467
0.0472776
3.08485
4.47875
0.780521
-2.24571
-1.75025
16.7198
-0.27133
25.2885
3.4061
7.60175
0.436
0.0653612
0.869571
3.41853
0.214305
-2.97914
4.09645
1.35356
-37.7994
-3.12038
0.993955
0.885212
-12.3115
0.775416
1.5968
-0.12361
-4.83475
0.0356795
0.573869
7.01499
-1.0599
-2.10906
-0.16996
-20.897
-0.217273
1.47838
-0.225476
0.921667
-1.18753
7.73478
1.11052
7.33375
-0.225707
0.79349
0.312017
-0.258546
-0.824255
-1.24439
1.33222
1.142
13.486
0.087703
-0.339454
0.797162
0.373361
-0.240385
-1.00408
2.45141
0.162348
-0.405434
0.508683
0.836814
2.00804
-0.319199
0.112537
0.305824
1.41545
-1.48755
0.849766
0.554456
-0.0779838
0.24544
1.42478
2.33056
-0.313513
0.361863
-4.42202
1.74695
0.203851
0.083488
-0.766391
-0.726647
-1.09375
-0.781057
2.84839
0.192075
-0.482411
0.930369
-0.737963
-0.956809
2.8806
-0.337235
-0.341857
1.37028
-0.396747
-0.165032
0.0362589
-1.06616
-0.776801
0.609352
-1.0928
-0.310919
4.5033
-6.88193
-0.576269
-81.0995
-0.21522
1.22008
0.493212
-0.664029
1.54275
-0.638759
0.730588
0.473355
4.97423
0.0285294
0.146937
0.383176
0.986731
1.11215
-0.738356
-0.619065
3.37454
-0.370354
-7.6549
4.05415
-1.88763
1.10275
-2.18126
-0.334395
0.863629
4.62406
0.571968
3.41698
1.92944
-0.979558
-0.163176
8.30689
0.132533
5.1382
-14.3843
6.05142
-1.69223
0.727318
-0.283317
-1.74253
-0.843214
-0.319739
-1.33024
0.44977
-1.71975
-8.05576
-1.93805
-1.04277
2.55947
58.7158
0.0876435
0.668485
1.22868
25.572
-2.06827
0.832901
-1.97608
-0.228174
1.98461
0.5862
-65.6293
-0.790436
0.934606
-2.01716
-0.398309
0.100313
-0.461565
0.10883
0.510087
9.96215
2.58303
0.720004
1.31731
-1.09189
0.26963
-1.56673
1.11383
1.81115
0.0082488
1.58537
0.213328
1.37538
1.16365
0.581105
1.8218
3.04933
-0.454315
2.99467
-0.320899
-16.3636
-1.442
-0.263179
0.606946
-0.530118
-0.451706
0.470459
-0.179248
-2.55016
1.44015
0.15309
-0.268731
0.746745
-0.102837
3.56245
-0.319891
0.825205
3.47274
2.28335
-12.5505
-21.7578
-0.072235
0.769992
-5.47326
2.37434
0.221716
-0.558277
-0.808515
-0.420003
4.44252
0.31153
1.64938
0.863197
0.162134
3.12783
0.323058
-1.64831
5.54109
-0.785871
3.59154
-1.46899
0.298314
0.170965
2.68632
-0.622604
-2.56789
0.48013
-0.544553
-0.585683
3.10185
0.321488
-0.0923939
-8.17888
-1.19731
0.4189
1.51927
-0.246853
-4.05057
1.34672
-1.62288
-0.298212
4.73856
0.377643
-0.786522
5.60629
-1.866
0.510357
0.0851677
-3.97293
0.560886
0.0339993
-1.03521
-0.470375
-0.0402413
-1.16084
2.70762
4.78134
-2.62748
0.145281
-0.270709
0.341891
-2.09725
-0.283698
-0.0175811
0.356629
1.62895
0.179731
-1.13923
-4.09698
-1.33191
2.36513
-0.897114
-1.12475
-2.18846
-0.825025
-1.67708
4.41997
2.86338
-1.51343
-7.16296
-4.98816
0.176487
9.52862
-5.24341
-1.09074
-0.726862
0.0101901
1.42999
-0.66111
2.99637
-0.601698
1.74609
-1.84493
79.8646
0.822557
-3.15937
-0.748331
-0.208489
-0.0144941
3.80662
1.49852
1.9276
0.131732
0.743745
1.73033
-5.33126
0.0798472
0.38866
5.46311
1.85849
3.67722
-1.24587
0.680324
1.6698
0.45162
0.683492
-3.1905
-7.35888
-1.49266
-8.96645
-0.441388
-3.01611
0.107183
-0.633245
-1.82259
-6.23756
-0.607773
-0.14676
0.277979
-0.742951
0.725162
11.6369
0.101421
-0.856485
-1.48848
-0.86066
1.2153
-1.85225
-0.768677
-0.0589491
-0.328249
-0.806242
1.42014
-11.503
-1.98025
7.57596
-0.619606
-0.270849
8.68084
-0.0224098
-0.340896
-0.858988
0.629736
1.17666
-1.06737
-0.201068
-2.83632
0.331955
9.60172
6.83052
6.44183
0.764253
0.35567
-23.7075
0.109502
-59.5413
-0.202948
-0.652106
0.249802
0.738919
0.757025
-0.972
2.13311
-0.144537
276.199
-14.2723
-0.667485
-0.905531
4.64913
0.830633
3.07072
-0.932549
-0.93461
0.00849643
-0.781987
2.06584
-1.15045
8.3714
1.31748
-0.274
-2.55388
0.329424
-1.20438
-0.613392
0.592673
0.218755
2.51685
0.0134336
-0.673886
-1.5823
-4.75264
-7.47846
0.80637
0.478982
-1.36413
0.136345
1.56668
1.39089
0.315957
2.90575
-2.80599
-0.514367
0.396303
0.838471
-1.74193
0.145877
0.497366
-1.46675
-22.6327
-4.93501
2.41052
-77.4056
0.821223
-0.0950092
-0.864761
1.2346
3.4066
0.813689
-0.478058
4.17097
0.212458
-4.59839
-0.545324
1.47411
-9.54187
-4.33671
0.557895
-0.45256
-0.589233
-0.121172
-0.544314
-0.462606
15.631
-2.37101
0.358726
3.44464
1.13224
0.788323
-22.7629
1.31673
0.0827618
5.88395
-1.48535
1.60588
1.70566
2.13112
-0.500801
7.11652
2.72245
0.265154
0.687323
-0.0129133
-0.0118499
-0.592327
1.28945
-0.641214
-3.77826
-4.92951
-2.58028
0.703841
-1.50649
2.00783
2.32493
0.0539238
1.60964
1.18122
-2.42469
2.93925
0.925976
-12.0191
-0.89007
1.38954
0.412549
0.204548
0.18043
0.800096
0.677751
-1.5247
-16.3614
-0.863205
0.38915
-0.802548
-0.66655
-2.34683
-43.7014
2.75926
0.264051
2.61028
1.01861
3.8674
0.197154
-0.441326
-4.16998
0.430416
0.0116678
-0.322347
-0.504415
0.335913
0.316866
-0.171091
-0.33197
4.80809
-2.72386
-1.33487
0.0739281
-2.42863
-0.0498911
-1.03888
0.368878
1.62394
-5.57154
1.09361
1.15654
0.725821
1.27005
2.36747
2.99479
-0.130143
0.735156
-0.514139
-0.667205
-0.686471
1.37317
-0.0414596
-1.96469
-0.790286
-3.14189
-0.13079
0.00830139
3.80088
1.10698
0.81515
2.56135
-12.4221
120.03
-1.92883
-0.718682
-53.5941
1.81037
1.26106
2.06334
2.3864
-0.730369
0.127885
-1.95043
-0.335484
-0.668327
1.64541
0.100085
0.32559
1.41883
-0.444509
1.43609
-1.99834
-0.0189162
10.9235
-0.588306
1.30763
4.62502
2.43817
0.276241
0.217888
-0.0340636
-0.12451
-1.92587
-0.802565
-0.369702
-0.166839
0.581943
0.838085
1.50336
-1.96031
-0.337773
-0.328419
-1.42466
-0.671253
1.47714
1.09775
-0.931859
-10.3399
-3.04614
0.0143116
0.298734
-8.87578
-3.43019
-0.38337
0.802194
-0.334464
-0.527837
0.147595
-1.03086
0.444202
0.527753
-3.08062
-0.378694
2.18184
-0.454201
-0.443514
-3.81812
-0.157386
-8.84408
0.386718
0.162613
-0.933876
1.22276
0.0547537
-4.22194
1.25255
0.67485
-0.873349
-0.914032
-20.7122
-0.173147
-0.32486
-0.755207
0.624009
4.78549
0.303361
5.49097
1.0118
-2.04017
-1.85143
1.98585
-16.9202
-0.585897
-86.1531
4.88411
-0.402365
4.36478
0.323785
-7.99181
-1.69005
-0.214316
0.526834
-1.61987
2.09619
-0.0421565
-3.04255
1.92254
-1.34836
13.1548
1.36457
30.85
1.7603
0.554646
-0.167542
-4.38153
-3.89569
-1.38304
5.05017
7.56458
-0.449088
-0.731432
-0.333907
-0.631254
-0.433171
0.184266
-3.93051
-1.07337
-2.74552
0.498978
0.854544
0.306836
-7.29989
1.49676
1.35384
-0.0982416
-0.972016
0.0523088
4.26368
0.859904
0.0911159
-0.494662
-3.74777
0.401079
-0.349039
-0.425935
4.24103
1.25447
0.478705
-4.44224
1.49851
11.5159
-0.13007
-0.206801
-1.91462
2.37938
0.310241
-0.0922889
-3.98347
1.02189
-2.20016
1.85723
1.08129
0.614488
1.22534
1.08433
0.672515
0.677655
7.15298
0.252651
-2.85897
-1.61803
0.0779076
0.847796
0.399204
3.05311
-0.108941
-4.31325
3.77303
-0.523789
-28.4603
-0.158619
-2.69765
0.557899
-0.462363
1.81292
-0.897864
-1.32832
-0.790823
-0.727197
8.08979
0.99456
-0.466568
0.985215
1.05119
2.58521
0.4073
0.283834
-5.40681
-1.27954
0.222017
0.444606
-2.64874
0.427883
2.13866
0.414825
0.515646
-0.244245
-0.0639775
-1.42108
-0.0381186
-0.155902
-4.19849
-8.76298
-0.627758
8.8134
0.349571
0.0615631
0.259933
2.67687
-0.798548
-0.865672
-0.1456
-0.797721
0.978262
-0.291952
2.11654
-2.9199
1.26853
-0.688198
-1.96702
-1.18822
2.30461
-0.133804
0.523643
14.1163
-0.930045
6.20564
-0.0931854
1.90094
0.195238
-2.40039
-0.0427598
1.50984
-2.45036
-1.88672
-1.29458
-0.429397
-2.80855
0.900184
-16.4265
0.185729
0.499211
0.64203
0.907185
-1.26889
-2.91795
-0.00676771
0.772854
0.744388
27.2444
-0.909891
-1.5214
-0.655504
0.147583
0.631397
-0.647567
1.45363
5.14273
2.96642
-1.11175
-0.489546
-1.58814
0.729796
-0.353534
0.331132
-1.77759
0.0264274
2.69188
-0.341385
3.90693
-0.086913
0.189088
-12.4705
-2.17525
-1.37309
-0.896587
-0.79748
-0.505002
1.27349
-2.15754
4.49702
-0.438554
0.375566
1.2268
-0.392356
1.51491
-3.07419
-1.16474
-0.276503
-2.39329
3.9785
0.55542
0.898711
0.979581
-2.07149
-0.75323
2.171
-0.450984
-1.174
-5.82238
-0.586256
7.38561
1.98764
-0.383053
-0.325261
-0.200277
0.891998
-4.34239
1.60232
-0.314814
-0.113987
0.518825
-0.256934
1.42281
0.199022
0.215472
0.247172
-1.66982
-0.177898
2.34591
-0.520712
2.08074
0.0488732
-0.644256
1.86673
-4.13814
2.75091
-2.65791
85.4177
-1.4875
13.671
0.227753
1.13657
0.117684
0.64486
0.981547
-3.65587
-0.252826
2.22167
-54.4978
0.301312
0.455242
3.57237
6.72379
-4.54175
-2.01966
3.6867
0.132002
-0.0600596
0.156185
-0.715725
-0.256906
-12.6297
1.64111
-1.9439
5.47578
-0.483054
0.649267
0.397988
-0.113688
-1.00127
-1.2078
-0.685903
1.88048
-0.501224
-1.00926
-1.71429
-0.420338
-1.45252
-4.15124
0.37746
0.830734
0.165929
-0.259475
3.63536
-0.704694
-1.24946
0.890959
2.25026
-0.511029
-0.163769
0.0748156
-0.129038
3.14558
-2.24546
-1.75443
34.5754
-1.26954
-1.59895
0.510887
0.119535
-0.601585
0.0824195
1.14846
1.45287
-1.54323
0.458258
9.81988
0.637893
-0.756324
0.271664
-7.80085
-0.741751
-1.53372
-0.715108
-0.0647039
-0.320014
-0.239395
-11.9216
-0.244204
0.0970158
-1.1591
0.108339
11.7841
4.31346
0.3566
-0.666417
0.663896
0.521962
-0.136502
-2.85114
-0.717652
3.12524
-0.131921
0.0440853
12.5214
1.32811
6.74519
-0.739488
-0.208749
0.697136
2.14058
0.264783
0.744827
1.53583
1.35137
3.82366
0.448935
-28.4569
4.74896
3.19774
-1.64637
-0.570296
-0.48889
1.18324
0.33795
-2.2408
0.956617
2.92689
0.653746
8.96592
3.28186
2.25955
-0.400372
0.757419
0.695464
0.254153
0.397791
-1.18367
1.39896
1.44656
0.0405677
0.359516
2.21177
-0.327583
-70.9181
1.18741
-0.819837
-1.16717
-3.95962
0.882531
-0.323696
-2.12627
0.309935
4.58564
0.0321357
0.161755
-0.540466
2.16476
-1.29996
-3.97175
-7.30492
-3.5547
-10.8194
2.72995
-0.255277
4.61863
-3.90222
-0.746918
-0.55849
-1.13515
-10.0142
0.379418
-1.81769
-0.33588
-0.402151
4.75518
-0.0524864
-1.76698
3.06976
-2.72193
-0.621354
0.470057
2.78966
3.44536
0.318299
-2.231
-0.981262
3.1787
-0.250968
0.0229064
-0.0913927
-1.27444
-0.675432
-1.1227
-1.46252
-2.05594
2.2601
0.603955
1.69359
0.0684036
9.67041
6.02274
-0.692059
0.174889
1.28249
-2.44087
0.121402
-1.7991
0.143656
0.130693
-1.22454
0.650746
-2.5255
1.95576
3.85577
-1.55807
-0.566526
-0.752763
-0.220088
-1.17593
-3.18587
-0.302193
-1.1121
0.505313
-0.785778
-0.692374
0.99993
0.0645077
-2.60318
1.25663
-0.697095
-1.15083
-0.62264
2.54976
-0.764448
-0.158363
-0.664149
-3.61006
-1.34639
0.48822
-0.480742
0.0537066
5.23177
19.7213
-0.770879
1.63866
-0.366709
-0.0965789
-2.37879
0.441921
0.805405
1.08865
-0.766877
-5.28124
-0.343306
0.853177
-0.519593
7.77499
3.44624
-9.50784
-0.584379
-2.03349
-5.07015
0.28621
0.847756
-0.295602
-3.15373
0.610794
0.8357
0.645811
-1.27205
-7.2777
15.7022
-0.493273
-0.784906
0.64355
8.85562
-1.09307
0.570699
4.29411
-0.467703
-0.110296
2.35488
-0.0360267
0.679685
-0.0916473
-2.15948
0.152118
0.825167
14.4924
-0.641192
-22.2069
-1.3131
-1.70108
0.294943
0.752761
1.78447
-0.0554005
2.96192
0.201989
-0.346736
-0.843667
-0.888985
0.365294
0.518788
0.0946055
-0.982665
-1.80394
2.35448
0.986283
-0.629643
2.70947
-0.0456216
-0.975844
0.575141
0.0269107
-4.82601
0.488955
-7.60504
-5.68727
0.505248
-0.40254
0.496588
2.54327
-1.85829
-0.57973
1.66374
3.6089
-0.237021
-2.20132
-1.87403
235.555
-0.772099
-0.441911
-0.132804
-0.583536
-0.0110476
-7.85621
0.787437
-0.649198
0.258576
-2.34596
-1.03211
0.43339
-0.800082
-1.77687
-0.192802
-2.07277
-3.93497
-12.1893
-1.24054
-6.86941
-2.50943
-0.0929948
5.00544
12.8784
-0.172859
6.04076
53.4698
0.0845013
0.391331
1.04492
0.248142
0.999077
0.995169
-0.0189342
-0.19592
0.258383
0.506043
1.2741
2.56681
1.3354
-2.07639
0.822256
-2.14411
-0.693075
-2.89834
2.06042
-1.32739
2.11641
0.891357
0.739784
-1.34866
0.466832
1.25735
0.540351
0.912733
0.363599
0.279702
6.09982
-1.55197
-1.00137
2.7338
-18.6021
0.242157
-11.6017
0.939749
0.68617
-0.0252374
1.12263
0.484879
1.77517
0.701806
-5.25586
1.29625
-0.00416035
6.22855
1.396
-0.943372
-0.179373
-1.78373
-2.72956
-0.16369
-0.403648
0.259523
-31.6193
0.0735609
0.365627
-0.840346
0.910852
0.651306
-0.0701681
-0.511799
1.47781
0.102482
0.088529
0.0553895
0.0450648
1.61149
0.173909
-2.2555
-4.03092
0.406285
1.47597
0.564596
-5.14109
1.69213
-1.85069
-0.504923
-0.416598
1.76347
1.07167
-6.0345
-0.352731
0.663778
-0.0461778
-1.08694
-1.66453
0.269287
-273.01
-0.787957
-1.04396
0.213879
0.00583572
-0.176675
1.31608
0.0213583
0.784904
-1.10682
-0.49537
-0.24445
0.256816
-0.785556
14.8051
-1.25465
-1.46922
-6.53976
1.43713
0.218604
-3.35756
0.386199
27.2292
-0.6024
1.54816
3.34032
0.559079
-85.0994
-2.63736
32.012
0.876898
-0.255525
-0.707704
-0.955424
-2.58834
16.1593
-0.345065
-1.52673
0.777969
2.26773
-4.0252
1.89979
-4.96839
-1.48354
0.222006
3.51186
1.05836
0.845023
2.04092
2.04022
-1.90999
1.70091
0.398642
0.737378
5.20553
2.37681
1.86257
0.128631
0.15497
8.30665
9.48953
0.539469
0.420148
-6.0074
3.78471
-0.514447
-0.270193
-1.57903
0.143537
-1.26274
-4.73683
6.39805
0.840423
1.6001
0.642848
-11.5723
0.343552
1.31902
-4.65751
-1.0817
-2.03365
0.349862
-3.40601
1.75066
0.687512
1.33952
1.11332
0.828988
0.497848
-0.324175
-1.48586
0.999021
-2.04828
0.868259
-2.08029
-1.66182
-1.5627
-0.791299
-0.132975
1.73014
-0.672299
-0.527116
5.23867
-0.404326
-2.21192
-0.0763403
-1.37998
-0.113515
30.1254
11.2897
-3.05215
0.154338
0.819225
-0.424575
0.393178
0.336256
2.00053
0.396626
0.143131
2.32219
-2.03699
-0.191694
-2.43632
0.169292
-0.727801
-1.91767
0.397683
-1.11698
0.238205
-0.183077
1.18548
4.43164
12.0242
0.466518
0.969264
-0.699042
-1.71354
0.776285
0.925071
-0.776003
-1.31531
1.40722
1.41124
-0.214932
62.5007
0.754663
2.58519
4.04197
-5.14401
-14.224
1.6107
7.11349
0.970951
0.466645
-1.68385
9.40777
-0.550078
4.07423
0.907669
-0.117838
-0.135933
2.51705
1.51868
5.30233
2.09403
-3.18813
-1.95955
0.0604406
-1.47774
-0.775917
-0.632582
-0.179757
0.220531
-0.382336
9.65003
-2.07339
0.671205
2.62164
-70.8656
-1.42097
-23.1189
3.31516
1.9689
0.138517
-0.361479
-1.59454
1.59746
3.72304
1.21283
1.41807
-3.20107
1.31248
0.582928
-0.29486
-8.96056
-7.93623
2.18457
0.720588
-3.12459
1.15407
3.84607
-0.144459
-1.05048
0.707155
-6.75861
-0.153737
-3.80105
0.628025
-3.77483
-1.3456
-1.40621
-0.635849
0.362971
2.09483
0.678216
0.762733
-0.472634
-1.67715
-10.5186
-0.00542434
0.69114
1.1707
-2.5541
-0.100399
-0.427252
5.89765
-28.5171
1.76601
-1.23423
0.00477036
-1.0725
1.53162
2.12181
5.06931
-0.0859019
2.31547
-1.00351
-0.616466
0.213963
-1.18011
0.346762
-0.617763
-51.3104
2.20499
-0.140514
-0.0404926
-0.411674
0.146472
0.605514
2.12733
0.789895
0.0781108
-0.13826
3.74106
2.70788
1.35313
0.0167874
-0.466195
1.1766
0.547198
-1.67881
2.08805
-6.02192
0.216772
0.759668
-2.53844
0.786802
-10.163
-0.501109
-0.434264
0.198556
-0.809291
0.950556
0.881443
-2.28987
-0.491721
4.71388
-1.49049
-0.993989
-1.41888
-1.55357
0.568675
-1.34099
-0.0432222
-0.521895
2.66221
0.834648
-1.74687
38.1565
1.07857
0.332487
-1.25412
1.52319
0.810368
0.327522
-5.4895
0.276096
0.106825
6.49461
-103.346
-5.12039
-0.846882
-1.76245
0.52093
3.17195
-2.36559
-0.162608
1.46857
-0.898357
0.125642
0.754137
-3.49561
-9.88732
-0.493606
0.0701871
0.0885649
-24.7543
-0.639121
-0.754223
-3.13324
0.86247
0.447168
-0.585599
-0.878818
0.551697
-4.98603
-0.670751
8.64362
-1.12896
0.864613
-0.580522
-0.687487
0.946481
-0.171687
-0.0161586
0.0418859
8.78651
-1.15442
-0.831394
1.68982
2.41241
-0.937821
-0.230266
-0.0123274
-8.71647
-0.39755
-1.60411
-0.927337
-5.08488
-0.336643
-1.15537
0.974055
1.27608
-6.97657
-3.91992
0.0955972
-0.0591074
-0.40192
-0.0807683
0.113041
-0.961533
-0.981162
0.374607
0.0249499
-1.5245
-0.195862
-0.592131
-0.632551
-0.145695
-1.97411
-1.80256
-0.0709875
-0.398305
1.58672
1.56148
1.34242
-0.630386
-4.39448
0.134338
1.77902
3.46434
-0.901794
0.206725
0.481082
-3.19341
-0.741623
-0.303229
0.384825
-0.439725
-0.482551
-8.39202
-4.48219
1.3405
0.242469
0.826524
-2.63494
2.64257
-3.13593
0.713364
25.7925
-5.17952
0.342311
-45.3296
0.251135
0.328418
2.91495
-0.62257
-1.46908
1.92309
-819.247
-121.854
1.07942
2.59773
-0.593385
-0.12056
1.17787
-3.91158
1.93597
0.247013
-0.197348
0.019679
-1.48296
0.402901
-0.297588
-1.24079
-0.718242
1.55242
-0.87253
-2.38764
2.38326
0.961052
-1.41509
-1.20102
0.86809
4.89852
0.49211
0.388189
0.503798
-0.405049
-1.27635
1.02991
-1.07399
0.955575
-13.4033
3.06231
2.3309
84.8765
-2.10824
6.04169
2.19339
-13.3202
-0.45883
0.447458
-0.203514
0.200229
-4.03178
0.998157
0.179825
0.488932
-2.84326
-0.580398
0.464054
20.5814
-0.258869
0.384302
-0.392265
-2.08462
-0.516371
-4.54829
1.622
0.599587
0.430303
-0.664699
-0.148205
0.48526
-2.48421
-0.947197
-1.60006
1.07401
0.860711
-2.56823
-6.33189
0.233717
8.03404
-1.44024
0.600226
-3.53349
-0.595787
-0.454727
-1.79026
-0.848629
1.05217
-28.9488
1.43825
0.22904
-0.63309
-0.5744
-0.181662
0.802988
0.757796
0.247289
2.89623
1.08928
-0.749726
-0.398068
33.8918
-0.520421
-6.86195
-1.42522
1.36644
0.940559
-1.64594
-3.9617
1.01407
1.51365
2.01854
0.448375
-2.77133
-1.0106
-0.124462
-6.36295
2.45528
16.3311
0.831622
0.222905
0.431763
0.365991
0.0661686
-0.543187
-1.05678
0.0312018
-1.05489
2.32173
-0.863619
1.57463
1.54665
0.333824
1.33736
-0.64189
3.61273
1.21153
-2.66809
0.601785
-0.322756
0.502462
-2.22469
-0.0449815
-0.394813
-0.650067
0.675158
1.70077
0.142158
-0.209574
-1.01022
-1.29278
0.10537
-0.770408
-0.121045
-0.153422
-5.53091
4.04075
0.0123123
-1.34854
-1.26856
44.4364
-0.593172
-3.88499
0.474224
0.0978054
4.82523
0.542748
1.00693
-0.09009
-8.7832
0.82483
0.136508
-0.0886854
-0.0255954
1.60195
0.143037
-0.271427
-0.344086
-6.09768
-1.28233
0.244195
-0.314599
-0.646324
1.22902
-3.06924
0.0477101
-0.0284206
0.000264843
-10.0685
-2.05994
-0.121251
19.1758
0.679919
0.680766
0.457932
4.15041
-1.40871
7.98867
-0.0320178
-1.04902
0.664135
1.96878
-0.199018
-0.715806
0.719941
-0.276798
-0.118135
-0.509723
-1.41521
-0.117719
0.314115
-13.6201
-0.0742428
-7.85068
-2.84448
0.191326
-0.985344
1.00956
-0.440094
-2.07759
-0.108953
0.643414
1.21887
1.26286
-0.875058
0.562575
-0.62783
-1.96395
5.36316
0.310382
16.51
-0.538464
-0.22763
-2.20908
1.90925
-4.32752
0.393335
0.395329
-1.53633
-0.333715
-4.21757
-22.9055
0.164516
1.18536
-1.00181
-7.00356
-0.385047
-2.20902
-1.48642
1.61677
-0.867532
0.206788
-4.21601
-0.0536406
0.498297
-0.26191
0.935108
0.119926
0.524198
3.10956
7.63407
5.7315
0.74331
2.72706
-1.37887
-0.684481
0.461349
7.69623
-0.0126995
-2.7067
-2.57838
0.284687
0.762585
-0.572315
0.667178
-0.192685
0.500001
-0.94532
0.606781
-0.346131
0.711196
-0.415111
-1.49221
-0.530885
0.255858
-0.245167
-0.773636
-0.083342
0.340447
-0.56208
0.191256
1.10424
-0.107582
0.898411
1.17593
1.13886
4.35108
-1.73406
-1.85099
2.59382
0.645218
-0.34782
-0.0649292
-0.0988715
0.383602
1.79526
-0.04209
0.644735
4.35692
-0.500224
-0.0768095
0.482251
0.537122
-4.38094
-0.0790918
4.6733
0.146975
0.676351
-1.63183
0.227411
-1.39281
-0.730927
0.0446146
-0.357685
-0.398857
-4.10467
-1.59721
-0.0706055
-2.004
-1.00147
-2.36218
-4.01354
-1.05328
-0.28616
-1.94721
-9.84686
-0.976023
-0.788065
-1.55011
-25.9555
-0.284458
5.52805
-0.346062
-1.85376
0.0780742
0.130326
1.01481
-0.669829
-0.310879
-0.347119
2.43153
-0.0968788
-0.113088
6.91932
2.82811
-0.0846816
0.356366
-2.93272
-2.0787
-1.98897
-2.74065
0.179592
-0.18217
-0.474579
1.32322
-1.02021
-0.18568
-0.815755
0.357253
-0.155983
-0.79547
0.321752
0.669072
2.26551
0.195693
1.1588
0.469617
-0.291991
0.5563
-2.46556
-0.0314551
0.395054
-0.325054
2.95587
4.68366
0.653428
2.76791
-0.991869
-0.512751
0.946254
0.664616
-3.88316
-2.1322
2.86215
0.138119
-0.619987
0.830143
-0.0327505
-4.65015
-3.40595
-2.62016
-0.586196
-2.02847
0.375591
0.548337
-0.679725
-1.74593
-0.554158
15.0346
1.0528
0.297679
-0.592617
-0.29268
-0.628301
0.1798
-0.919241
15.8193
-0.49393
3.51855
-1.33617
6.79982
2.52136
1.18196
-0.757107
-13.605
1.86229
-0.465299
5.84035
-0.629266
1.15146
-0.192364
-8.78036
-1.04131
-0.742045
2.80966
0.348674
0.518599
-0.21059
-2.57619
0.0453245
-0.496267
0.515062
12.7262
0.539836
-0.385323
2.18438
1.8747
-0.121013
-0.536536
0.239234
-0.552836
0.237983
-33.1287
0.187426
1.92523
-0.540143
-1.45229
1.67001
-0.228381
-0.211014
-0.512641
0.0160064
4.04653
-0.122749
-0.451494
-0.35378
-0.181829
-0.639776
3.08471
-2.05268
1.2895
-0.81261
3.30374
-1.81284
2.3184
-5.3351
71.0082
-4.16223
0.198818
0.36826
0.480751
1.32242
-0.263278
-0.237259
-2.35703
3.25513
0.260942
1.33552
-4.82031
-0.952423
-4.23951
1.66989
0.343434
-0.00518097
-0.814256
-1.10387
-1.29054
-1.21241
-0.579678
-0.515778
-0.130305
0.567385
0.615794
0.941138
0.495231
-1.46151
-0.365692
-0.243299
-2.65189
0.61855
-0.17153
0.489
5.81454
-1.23888
2.12273
-3.06596
-1.0254
-2.68972
-0.32263
-0.103869
0.248638
0.493286
8.03941
4.59493
-2.07518
-2.4155
3.25522
-1.1583
-0.577013
2.92759
-5.38632
-53.2722
0.0813687
0.847657
-0.568061
-0.964978
0.536782
-0.172368
-125.708
-1.32549
-0.217529
-103.506
-1.15489
0.439947
-0.702189
-0.67699
0.691221
-0.38307
3.30604
-0.394408
1.66115
0.71688
1.56653
-0.195662
1.62479
0.258562
0.75937
0.741073
-0.144476
-0.991771
-0.455574
1.98238
-0.334813
-1.12717
0.0750362
-5.01199
-0.992153
1.51587
0.793978
-0.818462
-11.9399
-1.23361
-1.36243
-0.770597
-30.1051
2.2324
-4.95961
0.374511
-0.775437
0.572023
1.5767
1.13417
-4.44906
0.200036
-0.754279
-7.99976
-2.54813
-3.56276
-0.509554
34.4005
0.474872
-0.107493
1.88222
-0.127468
-1.89126
-2.66986
-5.63508
-0.357099
-0.391033
-86.4661
-0.799682
0.522443
-4.1386
0.173969
-1.90967
-19.3372
-1.28695
-1.48295
-0.487253
1.99783
-1.10331
0.334098
-0.599704
1.19201
2.0285
1.05614
0.0625015
0.985589
-0.152991
1.80053
-2.16798
3.74556
1.18262
1.6455
-1.60651
-2.79722
-1.99658
1.70598
-0.789387
-0.486339
1.61848
-0.977858
-0.4036
0.386836
-0.870317
-60.7576
-0.494882
-0.535573
-3.83924
8.62978
0.901283
0.230208
34.5312
5.76227
19.0822
3.03318
-3.00832
1.31225
0.354522
-0.778929
-5.98023
0.381991
0.605039
-2.20318
-13.919
0.193456
-3.64328
0.509182
-1.28823
0.352292
0.558525
1.06808
0.841501
0.705025
6.18974
-1.24326
-0.128233
-0.78003
-1.13128
-1.03215
0.158037
0.721109
0.85506
0.569355
1.30369
-1.48024
-0.164557
1.45603
-0.15992
-0.14488
-1.27061
-9.28379
-0.023909
0.919999
0.242007
0.497389
1.07303
1.35839
4.61104
1.22793
-0.601513
-0.327038
-12.1405
-0.447182
0.162302
0.0596906
0.718051
30.9417
-0.797576
-1.24114
8.91274
7.95394
0.2145
-0.60356
0.234349
-1.32363
0.275611
-0.104688
-4.03427
-2.57431
0.387239
-2.16004
0.15791
13.3761
-0.486966
15.7015
0.233963
-2.65285
-1.33861
2.53436
-0.565422
3.9679
3.03933
1.52362
14.2822
4.17463
-0.577466
1.46229
-0.436256
0.818038
1.22101
0.212
-1.22145
0.504636
-0.0487454
2.94434
0.681105
-4.26979
-4.46745
-3.88051
-0.0242129
0.313253
-2.77629
0.491984
1.87238
0.492206
708.476
-0.368507
-0.106213
-2.65305
0.015742
0.891951
0.717083
-0.592957
-0.220472
-0.252417
-0.0590477
-3.28369
-1.11663
-5.11222
24.7006
-0.184345
4.01506
1.53225
1.87351
-1.01333
0.64317
-0.399011
-0.834442
-0.192235
-9.13496
0.994966
-1.00218
-4.58052
-0.194934
1.26059
-1.05446
0.530727
-0.544919
-0.132745
1.30226
0.554167
-1.60934
-1.04161
-0.948908
3.2317
-1.21746
1.17841
-3.82245
7.53108
-0.803872
0.550571
-0.125448
1.84328
0.431756
0.937741
-0.712462
-10.8861
-0.974412
3.06688
-0.705531
-1.96985
35.4218
-0.922634
-2.35807
0.136149
0.578154
0.709913
0.396862
3.73488
0.891859
-3.72562
-0.290589
2.16063
2.007
0.212442
-1.89957
-2.21184
2.2565
1.14047
-15.633
0.782823
0.671671
-0.613673
-22.7401
-1.30636
-1.31289
-1.28058
-0.107721
2.09497
0.814743
-0.243193
0.314727
-5.67921
1.33128
0.296026
35.1205
-6.28299
-0.727877
-0.743028
7.5782
-1.23284
0.144251
-0.409559
1.11419
-3.87227
3.03424
0.633377
-0.271579
59.5004
1.36848
-1.41733
0.56418
2.65501
0.545627
0.062809
0.592072
0.380544
-2.07291
-0.276072
0.160796
0.43838
5.20613
0.11158
0.224782
4.94008
-8.08222
-0.588402
3.22905
-2.64408
-0.150057
0.259669
0.0177897
0.0356214
3.68878
-0.207466
0.89547
1.07481
0.312764
-0.735702
-3.83098
2.30609
1.66232
-12.0608
-1.59114
6.8498
-8.4983
1.89041
-0.684768
-9.35799
-0.490958
0.0721452
4.06884
-0.769207
0.574626
-0.255548
-2.31787
0.785119
1.34891
2.47254
0.225403
3.35564
-2.68345
0.147452
-1.82426
0.194964
-2.57365
-36.8146
-2.02346
0.256796
0.447941
-0.288477
-11.6078
0.208112
0.0872761
4.0493
-0.0360765
1.30297
0.927197
0.511573
11.0441
-5.49176
-0.408921
-2.12785
0.294436
3.61773
-0.0733119
0.534274
-11.3318
-0.514904
-2.53182
-4.84113
-0.469699
0.0741318
3.02928
0.305627
0.0733525
-0.296532
-0.301413
2.09332
-3.70751
-6.17736
-0.661272
-0.701881
-4.99003
5.25572
0.482053
-0.249882
-1.16883
9.37989
1.59644
0.874971
0.699005
0.146496
0.648519
0.367474
9.00437
2.6415
19.2188
0.635546
-2.72614
1.35326
-0.106582
0.651297
41.326
0.984563
-1.99112
-1.33098
0.874951
-3.27509
-1.68256
30.991
-2.4928
-49.939
0.533198
0.11379
0.568973
-0.733404
6.65548
-72.1319
0.600529
-1.03135
-0.266074
2.52572
-17.9855
-0.626978
1.36114
0.0129611
0.168772
0.71642
-4.57514
3.50003
-1.08431
0.427085
-19.6886
3.08914
1.3468
1.0796
10.8897
-1.09409
23.9306
-0.327905
-0.341177
0.369726
-0.118086
2.01209
-0.541816
1.93347
-3.4283
2.30452
-0.00697013
-0.629887
5.98153
-0.51604
-0.288575
9.49297
-0.522208
0.0598215
-0.525163
-0.32898
-0.129582
-32.3156
-0.481167
0.542135
-0.493534
0.00365123
-0.291916
-0.559075
-1.05247
-0.483679
0.0571107
-10.8507
-0.0919432
1.69531
-1.17202
2.87835
2.46432
-1.09696
-0.170949
-0.805032
-1.96331
-0.345796
-0.0146978
2.7211
1.1053
-1.17376
-3.68887
-1.74914
-0.546964
-0.599137
0.205228
0.526019
2.36684
8.15122
-4.93299
-0.351745
0.990122
1.37604
-6.3754
0.063283
-0.209287
-26.5598
-0.322037
9.59781
-0.380389
-0.856044
0.463885
-6.38793
0.263831
-0.362157
1.67158
0.132034
-0.0122127
-7.9094
0.0204088
0.419733
-0.193093
-0.654426
0.35208
-1.06828
-68.5334
0.555921
-1.85156
-0.19252
0.397404
-7.59884
-1.73247
2.08388
-0.534427
0.126407
1.50706
0.543793
0.33914
-3.2059
1.403
0.505048
3.63689
-3.12826
0.928787
-0.366418
-0.0525518
-0.404614
0.401739
1.11441
-124.789
1.5516
0.0801559
-9.35931
-0.393518
1.50693
0.294651
-6.03214
-1.54771
-0.420563
-0.247126
3.37887
0.30497
7.90912
1.85582
0.61851
-0.00960147
-0.725448
-1.26887
2.01092
1.47884
4.35972
3.80016
1.385
-0.682209
-0.959792
0.191369
-1.70388
-0.412801
2.12126
0.188813
22.0768
-0.946347
-4.16473
-12.269
0.837477
-0.627157
-0.625752
-0.0506301
-0.0290576
-0.0119341
-0.887645
-2.15514
0.604919
1.54805
4.89681
-0.590188
0.352786
0.0254812
-1.12843
-4.02705
-0.565787
-77.1312
-3.26435
-0.00613893
0.27295
-12.9128
5.12279
-0.656521
-5.60859
1.36467
0.0745189
-1.47781
7.82813
-0.109725
1.22568
2.31963
0.0315948
0.141509
1.02916
-0.00970974
0.129725
2.82921
-0.194295
-2.56214
0.941619
3.28921
-0.391154
6.61443
-0.305268
-0.921595
-28.3743
0.570783
-26.5438
1.53719
0.294188
0.629512
-1.68855
-0.434951
-0.104075
8.23517
3.70304
-0.491962
0.491805
-0.544455
-1.00533
2.94494
-1.42389
0.827943
-0.0587671
0.00335439
0.146145
0.064845
-0.24841
4.42172
-31.933
1.12985
-39.9679
-0.838138
-0.363831
7.35404
1.02013
0.96891
-2.45037
0.520731
-3.63454
-0.0185883
-0.950821
-0.952531
-1.1793
-1.01896
-0.536516
-0.539258
-4.29539
-2.09071
23.3862
1.01482
0.457194
-2.88554
0.250243
1.61019
3.9305
-48.8031
0.187754
0.882064
-0.645182
-1.35536
-6.38516
0.342746
-0.210392
6.86953
0.43425
-0.668999
0.207861
0.112663
-2.2533
-2.89973
2.18781
0.749854
-1.01346
-32.069
0.929378
-2.37255
-0.0685632
2.78801
-0.747319
-1.15968
-3.60762
0.0529339
13.3438
-0.33628
1.40175
2.84979
2.89515
-0.0959997
-0.176081
-0.270557
0.0931594
-0.00567211
-0.272267
0.935892
0.109288
0.767469
-25.5126
-0.752782
-3.41368
-0.464633
-0.590014
-0.646612
-4.26155
-109.396
-0.464065
0.0550928
1.16195
0.798667
-0.25147
-0.750982
0.825186
0.0731813
-1.16365
0.562881
-2.2951
0.234512
0.113046
-1.20553
0.32093
-1.83803
-0.711332
0.493729
2.45399
0.273194
-0.684499
-2.83334
3.48293
0.309374
0.326269
-2.73895
-1.50533
0.0574085
0.557748
0.287144
0.263081
11.631
-3.88751
0.0815069
-0.660435
-0.619087
0.307628
-2.66804
-2.25126
-4.10976
8.42193
0.7068
1.77659
1.72434
0.152363
0.392772
-0.391212
0.35633
0.421917
-2.63398
0.677035
0.710413
0.769938
4.00661
-6.59688
-0.0441363
-1.91071
126.441
0.460384
0.754507
2.98955
-0.6037
2.88094
0.928025
2.45671
-0.243606
28.4628
-6.13653
4.57881
-0.325224
1.88916
-1.51708
345.388
4.5174
9.56063
-60.4052
1.42914
1.36552
-1.18387
0.991844
-2.05814
0.136559
-1.27457
-1.75011
-0.622087
-1.49301
0.780279
-1.04782
-2.22679
-3.67363
1.56936
-0.0366815
0.775353
4.78877
0.728048
-0.99768
0.208692
-0.397854
-9.00958
-0.433258
0.0197402
0.571803
-0.62655
-2.02135
4.41877
10.7582
-1.63003
-2.46927
-0.603329
-0.262456
-0.498056
0.484687
-0.549677
-0.342764
-0.0736479
3.49869
0.922224
0.633112
0.29042
0.155852
0.971923
-2.19752
-0.411915
6.25216
-0.608927
5.17859
-4.55361
1.04622
-0.153849
0.658488
0.486415
14.2976
-1.21225
-0.512019
-0.469522
0.529099
-0.594364
-2.67526
0.0387464
-18.3112
-3.59999
0.48615
-0.35176
-0.835587
13.7083
-0.959559
14.4765
-0.558922
-16.963
0.958313
0.680394
0.118962
0.363306
-4.55213
-0.355637
-0.406759
0.167922
2.13482
-1.09343
-2.51254
-0.326843
-0.464347
-1.10135
-6.46574
0.448773
-0.193404
-0.115286
-376.58
1.50257
0.114497
-1.54782
0.320271
0.705494
-1.4004
-0.814677
3.25667
0.190929
4.27003
0.0436634
-6.37455
-3.56837
2.19627
-0.493107
-0.656094
0.114721
1.09238
-6.19417
-0.525897
-0.516039
4.77818
-1.12793
1.15402
-0.342408
0.454303
0.885012
0.891448
0.961516
1.55087
-0.546518
-0.777521
-2.6767
1.64879
0.0767046
-10.9172
13.1518
-1.2394
1.18629
-3.80461
0.570458
-1.47938
-2.39227
-1.0009
1.3973
-1.85885
-33.1574
0.0885808
1.73206
0.247175
-1.10311
3.4022
-0.355933
-0.922931
0.0927778
1.43146
0.919667
3.62371
-12.3477
0.764041
-0.862164
8.61968
2.53604
4.42739
-0.17158
-1.57468
-0.0345411
-1.07167
-0.343421
-1.4906
-3.30736
0.211847
0.892277
-3.65071
-0.18872
-1.14311
0.186604
1.14364
1.53725
1.37174
-1.17734
3.22345
0.0215527
0.570615
-0.371063
-3.10679
3.16049
0.461098
1.18238
0.366825
3.46148
-0.244259
1.60218
-3.594
-1.71994
3.06161
0.85004
-4.8012
-0.379303
0.921029
0.356301
0.645967
2.88631
-0.0611107
0.880709
4.60627
1.6677
0.481199
-11.4745
-0.120564
5.88128
3.75269
0.324599
-0.697781
1.42749
-0.276362
-0.849595
-1.94878
-1.3345
0.355322
5.48638
0.343166
0.330175
-1.16234
0.313683
100.319
0.176498
-11.3276
6.53749
1.51046
-2.8719
-0.764806
0.0276553
1.28787
0.982553
-0.74114
0.0162048
0.83317
2.13471
2.56181
1.94451
-0.904893
-0.596436
0.136041
0.516354
1.92314
-0.823929
-12.0032
-5.33554
-0.767726
2.93406
-2.33567
-0.0897082
0.969995
13.0444
0.0692795
2.10049
-0.0650365
0.0912791
4.22998
-0.696979
-3.7998
6.63477
17.9654
2.42406
-0.0938518
5.90812
-1.23418
-0.126347
-2.39628
3.09582
2.13355
1.64109
2.77435
-6.87364
-2.08954
1.0099
0.670517
0.0464518
1.43923
-0.527966
1.34204
0.22262
-1.57068
1.00528
0.209026
-9.57891
0.139887
-0.175229
4.15348
0.68194
0.21878
-8.96471
-0.619101
0.615139
4.15798
0.100972
-1.0597
1.00398
-2.58457
5.66756
-0.653548
0.068855
-1.42284
0.206479
0.922337
-3.40712
-0.121178
0.90047
3.20196
-21.7199
0.586037
-0.247157
0.651091
4.33123
-0.0976793
-28.153
0.627756
1.9888
-0.861537
-1.70745
-0.403375
-29.0907
1.44098
2.01887
0.593053
0.38706
0.441764
23.8707
-0.675061
-0.974657
-1.15932
0.282059
-1.05335
-2.29602
-0.746855
0.244275
0.847643
-0.688629
0.219785
0.232813
0.440831
0.0288843
0.140189
-1.72855
-0.583996
-0.608567
2.64568
7.08467
4.83984
-1.00613
0.591015
5.44895
0.4355
-0.557214
0.0587037
-1.66849
-2.4596
0.3207
-0.362093
3.51653
-0.820327
-1.0054
1.58258
0.0891876
-0.227949
-1.43503
-0.749018
-0.870213
-4.81815
0.920198
-0.646471
3.42302
0.646628
-0.634893
1.2639
0.637107
0.357327
-1.07618
0.908733
-0.612803
-1.05978
0.634417
-19.23
0.815022
-0.17564
-0.00787094
1.08524
0.362768
0.117882
-2.16416
-0.649113
0.921407
-1.05949
-1.74409
1.40288
0.493151
-0.346191
0.344565
-3.79875
-0.143869
1.9053
0.8371
0.129066
-0.622402
-0.495198
1.43697
27.3504
-0.399842
-2.12872
0.0449715
0.663291
1.32935
-0.539755
0.93636
0.159113
-21.6685
0.55592
0.0256457
-7.94742
-1.00824
-9.4493
1.534
-1.80499
1.30847
5.35501
1.50687
-0.91865
7.02803
-1.69341
-1.31495
-1.89402
0.3834
0.657888
0.0410791
-1.97354
0.560587
2.00621
-0.216084
-1.18769
0.395483
1.3712
-5.6601
-0.205652
-0.289994
-0.409044
-0.168064
-0.59431
-0.118447
-0.302621
-4.18472
1.02479
0.612321
0.1126
-23.3678
0.188324
-1.20108
-6.76296
0.284469
1.65125
-0.391961
-0.670945
3.17964
0.73103
-0.251835
-0.0848429
0.0197758
-23.646
-0.300733
1.66785
0.139326
0.304262
2.10135
0.720716
1.18922
-49.3943
-1.41362
0.836058
-0.252612
0.553979
1.70168
-12.2874
-2.17117
0.158231
-1.74038
1.68361
0.771155
-0.742579
0.407621
-2.57092
-1.30949
1.21859
-2.36853
3.95665
-0.935125
0.268553
0.71515
-3.61608
6.61445
-137.59
-3.92982
4.07904
-3.3949
0.168151
3.25398
-24.9402
-5.46949
30.7775
0.197845
0.094551
1.14573
0.131369
-1.81083
-0.0181612
0.149413
-2.02965
14.5807
1.71013
2.99866
-2.79305
0.185273
0.234068
-1.67302
5.76653
1.01292
0.627652
-0.614712
0.375834
-0.131419
0.351455
4.30452
0.655037
-6.09174
0.916244
0.328673
-3.95054
1.41992
-0.471364
2.15741
1.55633
0.817143
-2.20353
-0.944286
-1.48953
0.580942
-8.71841
-0.499053
-0.0805239
-2.89066
4.26186
0.592056
1.63799
2.29457
1.8883
-0.0480386
-0.173701
1.58013
-0.188629
2.73273
0.370352
-1.26956
-0.986859
3.06416
2.44092
-0.221283
-0.170878
-3.73307
0.385574
0.932214
-0.109967
-0.198762
-2.07773
26.3165
-0.78286
-0.294386
-6.57661
4.28711
1.70879
0.710288
-1.51125
-6.50404
10.758
-0.460057
2.39498
-1.22903
-2.54698
12.4134
-27.6418
-0.945687
0.00940413
-1.50351
1.96321
1.51995
-1.02846
-0.653035
0.966338
-1.86081
-0.125061
-0.730749
-2.46745
-0.865906
-0.282451
-0.479738
1.67885
2.92109
0.471714
0.712333
-1.07164
-0.064785
0.0851714
-12.5587
-1.26318
-0.949987
-1.51814
6.27898
-3.23923
1.21332
-0.270593
-1.15683
-0.0191841
0.44445
-3.43682
-2.30453
-0.600473
-1.78754
-0.744182
1.65112
2.12305
-0.620308
-0.800842
-1.0219
16.0859
-3.58247
1.29211
-1.51439
-0.284979
39.7775
-0.204771
0.558506
0.269163
6.8186
29.0389
-0.576675
-1.23075
0.255618
-0.163914
-1.03793
-0.180997
-0.263593
1.82474
-3.16488
11.3374
-1.33469
-2.03872
5.89505
1.21125
-0.769208
9.32684
0.646631
0.416122
-0.696419
2.44273
-0.176696
-0.557848
0.706504
-0.755188
-0.0168694
-0.610748
1.20275
0.331613
-0.879187
-0.264295
0.123025
-3.80305
0.894499
-0.361483
-1.96785
9.57819
-5.14482
0.420809
-0.835999
-0.311421
-0.719243
6.30788
1.27843
-10.6049
-0.785914
-3.69507
1.11045
4.60078
0.666641
-0.505495
0.806234
0.277786
-3.42404
0.416707
4.14589
-0.228298
-4.04755
-0.0382922
0.931787
0.872768
2.81586
-1.00188
2.10851
0.478366
-0.680105
15.3724
1.60411
-2.20827
-0.232773
0.311839
0.196048
-1.14579
-3.15411
-0.980067
0.372993
1.18085
-0.340602
2.99142
-0.395426
0.25126
0.161707
3.81665
-0.0745533
5.65806
0.872425
1.12947
0.0216614
-2.12854
0.451515
0.487099
-0.556766
-2.23013
1.01775
0.894935
2.17812
-0.693441
-0.850145
2.33233
0.073456
0.292795
22.5265
-1.13073
10.2171
1.0783
2.1246
0.169897
-56.9811
-0.139128
-6.77122
2.06685
0.86733
2.13305
-2.32673
-0.618784
-3.13036
0.593498
-0.819651
0.388381
1.20276
-3.05149
-2.4346
7.27596
0.178267
0.0165128
-5.89925
-1.43726
-0.995657
-2.42068
-0.932414
-0.264232
-43.9805
2.2622
-0.597376
-2.31836
-0.0849655
0.0992727
-0.116489
1.05348
0.924045
-1.372
-0.795619
1.18389
1.58149
0.835686
-0.751327
1.06937
0.119567
7.23711
-0.34981
28.6399
15.5806
1.85115
1.21552
0.676912
3.31913
8.29662
1.34573
0.567642
-0.546572
-0.848176
5.16588
0.958342
5.9301
-0.943275
1.64159
59.0367
-0.993666
0.638552
-0.0958083
3.2292
-0.206752
-3.77813
0.754311
-12.1697
-4.33635
9.66203
-0.93119
2.29196
-0.277251
-0.864185
-4.57974
20.4473
-2.1282
2.19714
-2.04499
2.06105
6.86066
2.79007
0.776308
-1.82275
0.22838
0.855455
8.37214
-0.513649
-2.56834
-1.37202
-2.04458
-0.560798
-1.21693
11.9238
1.55292
-0.713117
-0.17692
8.12657
0.00952719
0.840702
0.22944
0.683891
0.922493
-0.776084
0.909583
0.0973108
-6.32063
-0.266653
2.67698
0.209198
-4.46756
1.23358
0.111953
-0.700226
0.0595493
0.441995
-0.338612
-0.439022
0.0445432
0.995718
1.23573
0.7484
1.57435
0.602825
-2.54824
-2.04066
-1.16542
4.00517
-0.185002
0.668128
32.2547
-0.483328
0.644526
-0.0529984
-13.4283
-0.561019
-0.146016
-0.0571805
15.8165
9.78307
0.353549
-1.26136
-0.79662
-4.14669
-1.83338
-0.0993494
-0.24083
1.75007
0.0612267
-2.74924
-0.151762
-1.73905
-3.76821
6.95458
1.01011
-0.106142
-0.228115
-13.6246
-1.54916
2.53208
-0.236138
-91.3925
-2.08352
3.22909
-2.0441
-2.07589
9.38942
-0.163648
4.18139
-0.694268
0.727954
1.85631
0.227855
1.17264
0.52045
-2.94607
0.743199
-2.05332
4.20427
-3.00966
-0.20812
4.60287
-2.71506
1.22404
-0.719273
2.90447
-3.51413
1.31321
-2.91018
-0.848557
0.312648
1.04447
-1.76856
1.37878
-0.477957
-0.575569
-0.143651
0.112732
0.060682
-0.420098
-0.882809
0.413471
1.04158
-3.96176
-3.31135
0.689418
-29.3315
0.129486
0.47431
-12.4602
1.41708
-1.28079
-0.813825
-1.04985
-4.39496
0.144705
0.0624914
-14.7861
-0.399137
-6.22927
-1.45504
0.307342
1.01524
-2.53328
7.96993
0.718586
-0.650679
-1.06148
-2.18345
2.87349
0.0249408
-0.282807
-0.427612
0.143363
-5.9984
1.60381
-2.02247
0.580287
0.275411
-0.596034
-0.110329
1.40072
0.823403
1.47279
-0.195791
3.21009
0.488732
-0.886668
1.37615
0.0801364
0.923355
22.3453
3.90723
-0.126798
-32.1574
-0.395283
-26.7568
0.610496
-1.58051
-1.11281
0.54006
-1.90291
-1.12326
-0.409398
0.969009
0.889666
1.20401
0.0251682
8.99876
0.587208
2.05762
1.37773
-4.30476
0.591429
235.054
0.0386787
-1.02595
0.00539498
-1.42619
-0.215738
-0.176251
0.361567
-1.03842
-1.12648
0.032177
-4.22374
0.234438
-0.339784
6.19421
4.89826
0.609239
1.26333
-1.61803
0.0603754
-1.95804
-1.24146
5.23344
0.998293
0.662304
0.362714
1.65932
-0.405207
-0.926761
0.952786
-0.137343
0.551399
-0.216923
-0.581131
-1.4066
1.63115
-0.726438
1.11742
3.96677
-0.439147
1.87149
-0.18566
1.21301
0.410603
0.0953145
-14.751
3.90003
27.8875
0.130186
-1.04256
0.640748
-5.36397
1.26608
-0.51464
4.06831
-22.7989
0.764821
-4.65053
0.770265
-1.38464
-0.108543
0.625212
0.152637
0.642642
0.26217
2.86861
-1.37916
-14.4401
-1.40557
1.66333
-3.50351
-0.741859
0.479089
3.88681
-0.648217
-2.60916
-1.10261
-1.79968
0.143841
1.05495
0.840425
0.392106
-2.35045
-0.624375
-1.82106
-1.68365
0.404807
-0.970881
-0.087227
3.95377
-3.12496
-2.42013
0.276562
-0.244247
-0.984
-1.22742
-1.26835
-1.82144
-68.1845
0.592941
-0.562202
-11.6982
2.4075
2.27867
0.807823
-0.859873
1.66774
-0.0566499
0.442592
0.709159
1.07092
-27.1972
0.346819
-12.8967
-6.1512
26.1684
2.7439
1.39558
-0.672231
-0.197542
0.586564
37.5278
2.34085
-1.16208
1.19841
1.48989
-0.565037
-13.4852
2.106
0.809358
0.847621
-0.73774
-3.79021
-2.26992
-0.00391867
-0.952026
-0.796649
0.450365
-2.23787
-0.66387
-0.658744
-0.559817
-0.0587697
-0.0406819
2.61312
1.73686
-0.643818
-1.50827
1.1284
-0.905301
-1.0356
0.406517
8.57579
-0.509722
0.927433
0.0894563
1.78817
-0.01231
0.617007
1.02135
-3.01678
0.32588
-4.68733
-0.629063
-0.969431
-0.211537
-1.99412
0.278556
-1.31958
-1.12665
0.356909
-1.20236
-5.8516
-0.386659
-0.237822
14.3173
-4.41519
-0.455316
-1.60361
-6.07167
2.02492
-0.248652
1.19575
-0.625006
1.7741
-0.325847
-47.5246
3.39366
-0.0925064
0.330286
-2.33666
11.1501
-391.765
-0.824427
-0.537151
-1.39029
8.31154
-9.99916
-0.0371395
2.74539
2.92805
-0.51392
0.207145
8.62002
-18.3806
0.792479
0.0809549
0.080351
-0.473444
4.13328
0.346589
0.436863
-0.249526
1.52705
-7.30487
-6.48101
-0.723861
2.0146
0.148141
-1.44072
0.455921
0.393014
-22.1224
-2.31416
-0.248338
-0.82954
-2.24458
0.0772428
-0.504013
-4.22017
-0.437239
0.064691
0.676912
2.95579
-1.03128
1.87018
0.194885
0.382742
0.6405
-0.535892
-3.53376
-15.5552
-0.437085
-0.711317
1.08291
0.280876
-0.57024
0.194256
-11.2236
0.963437
27.7581
-1.98393
0.86362
-3.01435
0.422011
-14.3301
-2.63094
-26.9701
0.478681
-0.489556
0.327134
-0.0806854
0.0774594
0.915743
5.30493
0.565211
0.874559
2.53371
-0.900307
0.147369
4.62997
7.3754
-1.3481
-3.16002
1.19472
-1.21446
-1.52772
-23.9941
-0.833013
-0.888893
7.34039
4.43203
0.949099
-1.14418
-0.441736
-0.108286
-0.34929
0.499352
0.821724
6.04135
2.27742
1.43997
-39.2052
0.246168
-0.252091
1.81272
-1.49902
2.25868
-0.638453
-0.899592
0.569521
-2.02081
2.70516
1.47437
-8.23925
-0.991948
-2.53004
-1.25683
-0.548834
3.92816
1.37506
0.831496
-2.67622
0.229962
13.9034
-0.255767
0.217913
1.45423
-0.403403
-0.755161
0.645217
-0.72236
3.74093
-4.38626
-0.0107559
-0.991603
-1.94137
0.522569
-0.493758
-13.1995
0.0661917
-0.336026
-2.08851
-0.346941
0.45098
1.44787
1.57455
-0.554855
-2.37887
0.00597795
1.7074
-0.961383
-3.37052
-0.28023
-8.67224
2.32554
4.48644
-0.942913
-1.34967
-2.42219
-52.7937
-1.35098
-6.3523
4.61286
-4.422
-1.01812
-0.0445548
3.79407
2.00984
-0.706057
-4.24097
-0.630405
0.074552
-0.549836
-0.805356
2.28257
5.38596
3.95573
-1.70691
3.15961
1.05888
3.47108
-0.633981
17.7347
1.25234
-0.49223
-0.275414
1.89307
0.355262
-0.616985
-0.472973
-9.75996
-0.419799
-1.58799
-0.194898
-0.00834475
-1.84541
0.641484
-0.0226914
-1.47537
40.6451
0.526183
-0.603228
-0.213272
0.0142486
0.0855785
-2.74921
2.82917
-0.888853
-0.231858
-4.09382
-0.159514
-0.658397
-0.517875
3.11421
17.0057
4.17948
0.61032
0.0162203
-4.97267
0.396205
0.301434
-1.74583
-0.168851
-2.66983
-1.02526
2.94382
-3.5284
0.657009
-4.94674
0.816299
-2.30502
-3.97623
-0.290235
0.609578
2.82249
-0.0146424
0.108493
-2.86297
0.0159785
-0.72718
0.706415
0.838455
-0.555237
-0.249642
-0.09514
-22.8537
-0.179525
27.8721
-2.59903
0.129409
0.259543
1.92752
-0.267266
0.135432
-2.06655
4.39048
-0.518777
1.86477
-1.91288
-2.5133
0.133285
-0.315453
-0.273374
0.558412
0.0952057
-0.385371
-0.464083
2.16197
6.93229
-0.851609
-0.185025
-1.79724
16.0186
4.43833
-1.4703
-0.287738
3.12118
-0.575039
-0.995
-0.052109
-44.7982
0.176783
-4.65125
6.79082
0.841034
-0.219986
-1.33681
8.38953
0.541534
3.02716
-0.107185
-6.826
-2.01417
-0.101301
1.76774
-0.734767
-1.45496
12.0296
2.49898
-7.09066
0.563511
0.730508
-1.07097
0.606916
1.70713
-0.281251
-1.62229
-1.12258
2.49432
-0.593437
-1.63404
1.06977
0.159192
1.5558
0.722933
0.946305
-11.1675
8.59409
0.921377
0.23592
-1.78183
0.534613
0.0679709
-0.327668
0.169841
-0.138509
-7.51824
-2.4211
-0.0100007
-2.54417
-0.747611
-6.83374
-0.20158
-1.92984
1.28604
2.15022
-87.2118
-0.128253
-0.868144
-0.904946
-1.00351
0.0747522
-0.208053
-1.24687
1.20103
0.299362
-1.46423
1.60694
0.274649
1.06773
-0.244148
-0.443347
-0.440402
-0.742093
-4.19883
-0.0580504
-0.404349
0.0983708
18.3029
0.502602
0.230796
-0.484209
-3.67178
-0.256466
2.00386
-0.148023
7.48391
1.6052
-0.860796
1.26081
-0.938014
19.3246
88.9529
3.99287
2.56483
0.877969
4.3929
-0.352906
-1.27885
-0.110928
-0.639642
1.57537
1.94251
-2.87143
-0.997598
0.740194
0.486066
0.685761
0.427375
-0.509025
-5.43729
0.279072
3.64686
1.68557
0.830609
-1.84373
-0.424116
0.818256
-0.504619
0.499249
1.02438
-0.312646
-0.453888
-0.386619
-0.894045
0.0590855
0.449431
-0.767368
7.20777
-0.0110344
-1.78334
-1.61643
0.702392
-0.443854
-3.44169
-0.16774
0.387657
-2.52597
-0.132432
-0.437893
0.388329
3.42346
0.00723175
-84.5604
-1.15259
-0.103202
-3.45522
-6.42056
0.719628
0.221886
-2.58776
-0.0128467
1.51355
2.55549
0.0165258
-4.43139
-0.275993
-1.4203
0.478096
0.811979
-19.6332
0.0979671
0.599446
-0.492988
-0.95158
-2.25015
0.619417
0.205735
0.173125
-0.192112
1.60361
-0.825145
0.870969
2.68338
-6.57904
-1.32557
-0.136123
21.441
-7.01986
-437.555
-0.352927
5.6116
-4.16643
33.3031
-1.82015
-0.536561
1.74214
-3.06795
3.46636
-1.82181
0.446569
0.719165
-0.446956
-3.32244
-0.543714
0.521896
-0.448818
-0.42563
-0.667442
-0.263102
-5.6566
1.80218
-1.75817
9.77435
-0.822329
0.169875
-0.557815
1.3945
11.2108
2.87019
0.344324
0.164252
0.00947024
32.9802
5.62818
1.01473
-0.524941
-3.33323
0.366773
-3.08237
-0.793691
-0.752553
2.92766
1.16897
0.822364
0.0465798
1.77275
-81.8171
-0.395078
0.101471
-1.27999
0.293059
0.257853
1.72485
0.192011
-1.00167
2.28035
-0.099368
-2.54122
0.0255853
-0.142655
-1.84792
-0.754548
-1.74826
33.1466
-0.951755
0.315531
0.955778
6.88028
-0.758402
0.952424
15.4732
1.71862
0.284972
0.568307
2.1676
0.169828
-3.17429
1.09688
-0.554538
-2.04936
-2.08945
-1.15199
0.305281
-0.350942
-0.406825
-7.0974
0.194083
0.455213
-3.38163
3.66359
1.30552
-0.718375
-0.601467
-27.7882
0.114099
7.12946
6.35527
0.139123
1.36141
-80.1035
1.11806
1.51027
2.74364
1.41488
-3.25794
-2.55533
1.01712
-3.96133
34.0946
-14.4388
-0.789124
0.908125
1.04468
-0.165514
-0.668637
-0.282937
-0.409014
3.80948
0.0510949
0.880203
-0.1734
-0.149403
-3.16757
6.3803
-0.573386
0.20846
0.964164
-0.4106
-0.0226393
-1.46698
0.139321
1.06786
0.567592
0.698796
-0.697277
-0.141654
-0.724264
-0.842002
-6.47013
-1.5542
2.12599
0.121784
1.32422
-4.75938
-28.6424
84.5335
0.802902
2.34818
-1.77784
0.319047
-0.0583772
-0.243858
-3.34258
-1.0633
-3.15555
1.46568
0.285219
1.09677
-0.470219
-0.33081
-2.20504
3.41831
1.3385
0.602467
-1.419
4.63165
-3.16235
0.259446
12.2848
-0.910998
0.330407
1.27
1.6726
-1.167
0.110868
-0.260416
-1.18339
-0.288678
0.580695
4.98084
0.313006
6.26111
-1.05968
0.415559
0.602322
0.836184
0.758879
1.58259
0.743406
-0.513003
-0.133802
-0.98488
1.97887
-0.11339
-1.91413
0.0865083
-2.02007
-3.86605
27.0443
0.161614
0.755184
-1.16014
-4.18736
-2.85905
-0.897311
-2.54336
1.396
-0.879553
0.48125
0.903852
-0.0434602
0.601421
-0.433435
5.03665
0.988566
-0.0430164
2.54322
-5.97378
-0.514289
14.6291
18.966
0.0994527
-0.990956
0.164533
0.187104
3.12502
11.0414
-3.19632
-0.287159
-0.867958
1.44219
3.23153
-0.551782
0.328262
3.93373
-0.354541
0.426046
-0.0418311
-0.25022
0.214087
-1.10331
-0.795147
-0.998473
0.0559599
-0.511647
9.91623
13.5521
-0.496613
-0.716686
-0.36213
-3.96866
1.10369
0.0771553
-0.698681
-2.4106
-0.568434
-2.46737
1.17254
-1.24139
0.43608
2.28117
-0.0102231
0.030554
-0.581001
0.0701284
-1.30721
-0.326507
0.852559
0.167494
2.94054
-0.803271
1.1365
-1.30202
2.0856
-8.06038
0.680119
0.448469
0.501485
0.161073
1.31128
-1.39825
-0.0203359
7.58327
-0.892899
2.38014
0.546797
1.44789
0.162319
11.7665
2.75682
0.500667
-0.0675199
-0.662308
9.31311
-1.38601
-2.0389
0.625627
-0.258458
0.109887
1.30822
5.46095
-1.76733
1.79828
0.435508
0.634304
0.810977
0.948388
4.31878
1.70736
-1.53872
1.08718
-0.167807
-18.4979
0.834187
-0.909655
3.0901
-3.74064
0.497405
1.79654
-0.571931
0.169107
-1.29022
3.57053
-3.92205
-0.768082
-0.0604989
-1.85233
1.38953
-0.651726
-0.307085
2.36178
0.799662
-19.6188
0.568566
-0.773717
0.947965
2.77797
-3.22112
-1.62701
-0.956877
-0.148502
0.354984
0.457088
-0.181082
-2.83045
-8.88945
-0.356876
1.19472
-1.06708
0.338039
0.639798
0.355558
11.3014
1.11755
-0.36016
0.017765
6.71368
-1.87732
-0.646283
0.618345
-0.214524
-2.99516
-0.495821
12.7491
-0.49997
3.23513
3.05031
-0.646216
0.0455732
-0.618615
1.08629
0.331236
1.0679
-6.00128
1.47883
-0.423369
3.96351
0.0635667
-2.71763
53.9309
0.728428
0.30468
1.08448
1.19913
-0.181942
-0.621883
1.79894
-1.03562
0.933847
-0.090552
-3.4685
-1.67331
-0.304612
-2.50649
-1.11797
1.38836
1.60673
5.51313
3.2869
3.34013
-0.369017
2.27894
-1.37017
-1.0158
0.775701
-0.308128
-0.0335782
-4.13069
1.88311
0.998827
-2727.72
2.08123
-3.29446
8.89861
-0.122542
-3.5673
-0.170774
-1.25193
0.728221
1.4799
-0.128178
-0.861905
0.144941
-1.10086
0.0189364
-1.14136
-0.533864
3.11576
0.541352
0.256558
-0.469079
-3.14318
-0.056886
2.60832
0.635187
0.423894
0.364962
-1.38452
8.88137
-0.7014
0.561902
-0.0584422
-1.55074
7.54033
1.80988
-0.291335
-1.35476
0.243974
-0.166537
1.11168
-1.72757
-0.186896
1.0783
-0.639249
-0.358188
1.24157
1.34307
-6.22941
-0.72608
0.149912
-0.53209
0.997925
0.746235
0.972876
-16.0947
-1.40337
1.18409
-0.163611
1.40349
-0.8864
3.76875
0.64539
-2.34467
-0.584737
4.712
-4.02036
-0.921397
1.70987
-4.17289
119.743
-1.07175
3.07634
0.651038
-1.07234
1.27055
0.524868
0.185498
1.05269
0.844151
-2.27712
0.936368
2.5313
0.59301
-0.712757
-0.397807
0.588016
-3.30395
22.285
0.0436259
5.967
0.823526
0.458012
-0.247427
-3.54653
0.456214
-2.93847
1.00116
-0.711443
0.854843
-8.64567
91.5951
1.63642
-0.0847427
0.268543
-0.0782788
1.13244
2.50452
0.539945
0.473383
-0.597589
-5.46086
0.0386231
1.56964
0.51418
1.36063
-0.436104
-1.09394
0.388683
-5.02281
25.9054
-0.558159
1.23354
0.0044025
1.11331
-47.9272
-1.12522
-0.75066
-0.406974
-0.853499
-0.0198714
-0.423406
0.18092
0.257131
2.0623
0.114508
-1.05917
0.166705
-1.54918
0.0247991
1.03061
0.593633
0.347148
-1.63396
-1.28769
-0.129549
3.19362
0.157917
0.0767068
-20.9248
-2.47277
1.38268
-0.930241
0.549672
0.59469
0.368188
0.909608
-1.84298
0.180708
-0.174308
-0.791213
-3.1036
5.07962
3.13283
66.6843
0.833682
-1.22807
1.52753
-1.29144
0.357456
3.32733
-1.83366
-0.0536098
-0.151426
-0.822478
-2.08122
1.9748
-28.0892
0.249516
-0.236344
-1.59962
1.62632
0.269952
0.412036
2.0639
0.551457
-0.179275
-0.356387
-1.738
-0.335448
0.770673
-1.44007
0.432927
2.76381
-0.589148
0.843511
-0.499287
-0.255978
-9.2516
-1.64494
323.467
-0.107411
0.994614
-1.89142
-2.64522
-2.85968
-0.880463
2.68267
1.68415
-0.886366
1.20578
-36.6502
1.67033
-1.1909
-0.971659
-3.12175
4.64311
-0.846802
1.15393
-1.93231
1.98965
-0.953125
7.64487
-5.19115
0.236963
2.08371
-0.300237
0.674407
0.574576
-0.31944
-0.46705
0.33527
1.05305
0.353853
-0.720352
-0.111789
0.831947
0.488313
-0.929398
-1.82671
-1.93578
0.0821815
2.07301
2.68307
0.00348206
-0.0987243
1.7259
-2.22794
-0.549103
0.486984
-0.611369
-2.33252
-0.342311
-0.946957
-1.14388
-0.0148656
0.649441
1.56781
0.710853
-2.01575
-2.37169
-0.758309
14.2624
1.05026
-0.0428848
12.3503
0.156112
-0.912608
0.0762334
-0.17464
21.6407
-2.06752
77.7608
-3.11295
-79.1779
3.86987
2.04065
0.232927
-3.1351
1.24806
-4.28906
8.27726
1.92882
-0.425813
0.223044
1.61607
1.01319
-0.123525
0.579247
0.491941
-1.30656
-4.26566
1.50944
-0.760479
1.19159
-2.54591
-0.281476
-4.55659
-1.20932
6.15993
-2.35959
-1.54991
3.4225
3.26702
2.93241
0.0137447
-0.897327
0.373769
0.306964
-3.19389
0.700162
0.606371
-1.36516
-2.5678
-8.22401
1.08691
-0.825809
40.2361
-0.188217
1.30787
-0.433247
0.209293
-5.86168
-0.20582
10.9345
-1.59859
-0.559382
0.63573
1.06995
-2.19621
1.77089
0.355381
0.517791
-5.63994
0.91073
-12.7983
-0.242066
1.06304
-1.18172
4.92992
0.556856
0.545249
4.10413
-1.27218
-0.173996
-0.363289
3.19513
-0.18581
0.919503
2.93019
0.536323
15.8248
-1.97657
-0.451247
-0.202692
-0.327374
14.7114
-2.84231
1.57275
-0.321108
0.510774
0.154486
-1.45466
0.0966022
0.0142887
-0.673015
-4.24078
1.43107
-1.59614
-1.26099
-14.8592
0.954211
0.170065
-0.571791
-0.727225
1.33408
-0.0625892
0.829517
-4.22224
-1.38005
-1.48845
1.35616
-3.78827
-65.9221
-1.81179
-4.92431
-1.06111
-11.0154
0.464831
1.38282
0.036665
0.291368
-0.680789
-1.15416
-1.12575
0.179292
-0.215753
0.116962
1.31516
0.676464
0.455281
1.82767
0.135297
-4.06421
0.260334
-0.980794
0.656895
-2.24389
-11.3986
-0.159241
1.54831
0.92043
-0.229453
-0.488831
3.25821
-1.29039
-2.2696
1.2195
0.867846
0.60357
-1.52217
4.28593
-0.413848
0.584763
0.326899
-0.467654
3.02584
-0.709682
1.13076
-0.0577175
-0.935251
0.40265
1.73733
-0.304505
3.5338
-1.00893
-1.24251
0.420548
1.29412
-0.849604
13.5306
-0.192462
3.35816
-0.65755
0.378357
-0.749814
0.000250556
-0.794643
-0.361878
2.03815
3.7982
-5.52029
-2.10398
-0.603489
0.641748
-7.43573
0.63017
24.117
0.103713
2.83648
0.443884
-69.9093
2.66726
-1.13766
-0.659946
-0.254591
-2.15943
0.463777
0.928964
-0.305866
-1.28482
11.0404
-1.09237
0.252644
0.761715
0.58884
3.75724
-0.506496
0.723875
2.3452
-0.85424
-6.94255
-7.37204
5.64358
1.59068
0.226559
2.21586
-28.8032
2.41602
0.709849
3.20753
5.92422
-0.544948
4.08259
-0.841525
0.958954
-0.900704
0.94521
0.570054
0.17178
-0.883085
-0.189572
-0.541096
3.61885
0.548759
2.54512
-0.787537
0.195623
1.99148
1.42159
1.02081
-0.91629
0.0546736
-0.263295
-1709.44
-14.3315
-0.140121
-0.163257
1.10543
0.982331
1.12693
1.41723
3.78976
0.509453
0.748536
-0.940537
0.673865
-0.407496
1.10525
-0.520868
-1.975
-0.600478
0.713073
-16.7818
-0.101211
-0.178644
2.61704
0.545099
-0.750927
0.0144286
-1.14953
1.95929
1.04649
8.72411
-0.263628
-0.0726252
-0.460448
0.966441
-1.16767
-0.192853
1.086
-2.8018
2.03608
2.78126
-14.9652
-1.79204
-4.30793
4.75148
0.658624
-1.20393
1.03252
-0.302796
-9.17209
-1.7904
-0.440185
-3.88973
-0.0352867
0.838233
-14.6794
-1.12164
35.1103
1.58313
-0.137396
5.45989
0.184494
0.116126
5.38254
6.10513
0.46087
0.114613
-0.914602
1.8737
-0.168134
-0.302762
-14.3703
0.415103
1.10782
0.632608
-0.0461457
0.286013
0.0487212
0.740423
0.232739
141.511
2.97385
0.981555
9.79981
-1.74516
14.6047
1.90051
-0.329849
1.05047
-6.25523
-0.778926
0.232514
-0.393829
-0.494848
5.70354
0.446542
-0.341978
1.17105
0.382096
93.2329
-0.313059
-50.7657
-1.196
3.54027
-0.427912
1.7003
-0.926267
-3.98537
-0.797346
0.960445
0.308293
1.39078
-3.57571
-0.575973
-1.14768
-1.82114
0.658438
-2.84048
1.78475
0.857726
-1.73038
0.303483
75.8379
-0.780591
5.2708
-0.0956469
-2.41867
-0.30925
1.33047
0.0217167
-0.862636
-0.207202
3.25935
-0.899743
-0.769248
0.281789
1.21432
-3.33156
-0.713956
-3.06319
0.275509
-3.12682
1.14787
-7.54872
1.24192
1.36822
-0.579901
-1.45357
-1.35551
1.73824
1.38226
-0.134738
0.333494
0.289582
21.792
0.869789
-0.195159
-0.956313
-0.722126
3.84429
1.1196
-0.380069
2.91339
-29.091
-2.9704
-0.664309
-1.3374
1.0355
0.997974
-0.647354
-0.569878
0.217645
0.0234477
-1.32134
0.106431
0.128077
3.32175
0.949788
0.7041
2.95269
-1.52958
-0.939972
-12.1123
0.375588
-0.524283
1.07565
0.224753
-0.781277
-4.78771
0.63293
2.54286
0.30402
0.274123
-1.67438
-0.0910028
0.590752
4.00615
-0.786145
1.90556
-1.29042
0.0158293
-5.08274
-10.602
-3.87764
-0.13152
0.435658
1.54363
-0.70136
15.3385
0.797246
-11.2647
-0.145707
-7.17156
0.0852061
-0.00333145
0.912074
2.3961
0.500059
-3.34057
2.38215
1.02334
9.8389
-0.509409
-0.411872
0.594347
27.0398
0.967617
-0.441689
-10.668
-0.550259
-2.52303
-5.40907
0.806626
1.72007
-0.352359
428.205
-0.784584
-0.834423
0.0591414
1.06161
-0.242774
-0.773339
-0.814353
-0.17354
-2.26539
-0.889754
0.638281
0.0434933
0.627947
0.61812
3.48515
-0.42767
1.43795
-2.74939
5.69948
-1.26153
-0.52903
-0.52271
-0.164344
-6.51992
2.02454
-0.585128
-9.38681
0.126132
-0.084105
0.0399645
-0.740382
-0.714435
-0.138681
0.709793
0.294296
-0.274306
-0.497296
0.713017
0.337345
-0.296701
-2.21708
-0.269073
1.77899
-5.05975
6.81777
5.21409
-0.203493
1.22021
1.65147
-1.04017
-0.113735
-1.70277
-0.717407
-0.770524
0.446704
-0.325704
-0.265015
-0.039263
-5.62384
0.349359
-1.63069
-1.19045
-5.59935
2.94532
-0.274873
0.156321
0.619219
1.3262
0.489648
-1.26046
0.0219928
0.352789
-0.810141
-0.609267
-965.13
23.4244
0.0832561
-1.33345
-2.95906
407.218
0.0334012
-1.2719
1.62089
0.349295
0.74822
0.195644
1.20488
2.71489
0.494964
-3.59571
0.584943
-2.27967
1.20413
2.7716
0.839392
0.132034
0.98021
-39.199
-0.832175
-0.540685
9.63475
-1.25308
-0.0478448
-2.23361
0.0924318
1.91175
2.28212
-0.7192
2.58907
0.67116
-1.24718
0.434756
1.02619
2.33508
0.182465
-0.557799
0.528372
-0.127304
0.496718
-1.69552
-0.4273
-0.681433
0.123967
-2.98968
1.03517
0.47819
0.645264
-0.879054
-0.778647
0.461221
-0.957172
-0.974333
2.43344
-15.5944
0.879391
-0.619003
-0.922904
0.346518
-0.43616
1.43188
-0.145429
-0.934318
-4.41153
-0.586303
0.696951
0.101251
-0.356253
-0.544851
0.523486
0.2378
-5.47521
2.31653
-14.5935
2.18791
-1.29578
-0.51881
0.887428
-0.434797
-3.22778
-0.359617
-3.63523
4.47339
-0.418638
1.07559
-2.07735
-1.01446
7.53286
0.954117
-1.34627
0.284788
-1.19543
2.73824
-2.56943
1.98597
-1.31394
1.70144
1.20672
2.56619
0.867087
1.35228
7.81355
1.79136
-9.31932
5.12453
0.140324
0.0331344
0.319402
-0.528065
1.73439
1.3608
-0.710406
-0.342792
-1.23682
0.409893
0.411028
-0.533563
0.515451
0.580333
-5.36664
-1.46271
56.3519
1.58028
2.47446
10.0982
3.02572
0.931655
-0.777701
0.155589
11.3593
-0.381799
0.926393
-1.71609
1.27645
0.340949
-5.2178
0.0518409
3.5029
0.455488
0.652923
-49.6876
-0.467814
0.497682
-5.74939
-0.0909024
2.71795
-0.427072
-1.31519
0.65872
-27.844
-0.292105
0.188503
-0.464186
-0.147319
1.00691
0.207795
1.97409
-0.785545
0.116974
176.978
-1.3706
-0.344603
-7.65198
-1.2262
6.50514
0.472062
1.26829
1.32375
0.541403
7.15788
-0.276534
-1.09575
0.883424
-1.57671
0.151238
-20.2568
1.79501
-1.52694
-0.924738
-0.0674593
0.0680424
0.34434
0.934581
1.51294
-0.0127365
0.84792
1.02243
-1.65788
0.874328
-12.6036
0.387937
0.406529
-5.99439
2.68528
2.13468
-3.89733
-0.893112
0.521225
-2.78025
-5.07094
0.742104
-0.115354
1.84706
-1.17431
-3.69186
-57.0019
-1.49397
0.223083
-0.680795
0.17927
0.149882
0.198676
45.2967
-0.867664
1.73354
5.617
0.368524
2.70098
2.85241
1.39883
4.86573
0.143051
1.26521
-1.84826
1.63832
1.57073
-8.69771
-0.469445
3.56235
1.75098
9.14751
0.96498
0.294122
-0.218101
6.83516
1.00542
0.19358
0.865945
-0.182476
0.201393
-0.996137
-0.978001
1.0237
0.421677
9.59576
1.42838
1.41934
0.0682668
0.586199
1.20886
-0.0576514
0.0421469
2.41609
0.49114
1.68401
-10.3978
-0.526237
-7.60876
-214.897
2.3506
-0.742064
-0.849002
-0.0289232
-0.597547
19.9813
0.281887
-0.823342
-1.02715
-7.31289
-12.6022
0.232754
-0.28442
0.667746
-0.655547
1.25822
0.304064
-0.937566
12.49
4.62115
0.285884
0.0185721
-3.06055
-0.62465
1.0568
2.53324
-1.16034
2.29638
0.451231
-1.20198
0.316378
1.41487
-2.20723
-0.320973
-0.411947
0.580385
-9.0147
0.191694
0.0715543
-0.600197
-1.54623
2.54524
-0.0322126
-3.09124
5.64744
-1.03533
-15.4461
-22.1543
0.0564912
-0.646621
18.9934
0.00697144
-0.599594
0.596123
-1.26835
0.215167
0.00766527
0.196924
-0.599074
-2.60534
-0.908283
-4.23037
-5.82826
0.0481666
-0.822976
-1.56133
-0.634128
-0.624323
1.6922
-1.86669
-2.15692
30.2694
-2.56002
-0.370529
-2.93955
-0.921297
2.89331
3.13966
0.75801
-2.60629
-4.72628
-2.08117
2.53685
0.37679
-0.979977
-0.811057
-0.197946
-1.01597
0.158979
3.6597
0.480362
0.285447
-0.125353
0.188454
0.877291
-2.31538
1.49008
2.97854
1.07687
-5.23895
0.676899
-5.13492
0.93983
1.82742
-1.39453
-0.869988
-0.352191
-4.38078
-9.71747
-3.83909
8.09065
-0.150314
10.8135
-0.486017
-0.30269
-0.908423
0.189729
0.550779
-0.00684628
-0.870934
-3.41289
-0.286372
0.503804
0.940307
-2.72302
-0.14891
-1.07798
0.12245
-1.91891
5.99729
-6.68936
1.06044
2.94842
-6.95077
-0.539447
-0.951051
4.94088
0.372208
0.308842
-3.16908
0.202563
1.58384
0.658569
1.18817
-1.32332
-0.590015
0.496168
-4.03298
6.3323
-1.85839
-0.0971753
0.464456
-1.59371
3.05747
-1.1706
-0.43169
-0.164972
0.719986
-1.00391
0.191889
0.0512647
1.18777
-4.18925
-3.72633
0.966482
-0.314309
12.6651
-9.11565
-729.364
-0.698389
18.9928
-2.70513
1.76029
0.965119
-0.0382639
1.30747
2.06113
-14.5748
4.41785
0.297117
-0.782672
-3.2744
-1.96754
3.24057
0.0324828
0.0205172
-5.0253
-0.131534
1.26964
1.67227
-1.15925
0.0352599
-49.7971
-0.134777
2.74242
0.478842
-2.38287
0.809345
0.774734
3.82425
0.417985
-0.690377
0.311432
-0.442603
-0.0129196
-0.641263
-9.90361
2.34505
-0.207418
-0.48697
0.713534
-6.44988
1.36489
0.255884
1.74967
1.77277
-1.60654
-0.946275
-0.688635
0.887594
0.46159
-0.944205
0.271021
3.15844
0.106616
0.23235
2.97825
-1.38209
4.81261
-0.181226
-0.663665
3.58471
2.02259
0.198432
0.151214
0.123896
-1.08449
0.735484
-0.490046
-1.20713
-3.08806
0.794905
2.30877
-2.61231
-0.807709
-0.685249
-1.61685
5.70348
-2.23023
0.335647
-1.53145
-19.2603
0.0898607
0.174641
4.77264
0.767681
1.18494
-1.70223
-0.384246
-0.179395
-0.97919
-0.311126
0.0881314
1.55289
0.092132
0.710458
-1.68268
0.398302
0.402151
2.70949
-0.0785835
-3.41219
4.2807
-0.921444
-0.241997
-2.31694
-0.107731
-0.200672
0.162591
0.413556
-0.121486
-0.417494
-0.432057
0.0852312
-0.156716
1.18599
4.00688
0.769702
-1.25647
-2.87852
-2.22629
-0.216896
-0.957296
-0.457219
-0.932723
0.0952187
6.94147
0.961351
1.31036
-25.7476
0.289377
4.12071
0.0919523
0.40407
-1.00376
3.91981
-1.96217
-0.370449
-0.283203
-4.87235
0.45643
-0.0524806
-2.16382
4.10971
-0.583261
-0.100451
-0.274276
-49.05
17.5973
-1.39382
-0.850164
0.214291
-1.93018
1.31362
0.61186
2.28257
17.2863
-3.43293
-0.76425
1.32751
-4.95002
-2.15105
1.4637
-0.519366
1.14631
2.74598
1.95897
0.0949598
-1.3763
0.672843
0.990398
1.0248
0.383172
-0.10742
3.1587
-7.36116
-0.627082
-1.16753
0.649931
0.447539
0.718445
-0.00164618
-6.49478
-5.9259
0.429136
-1.49263
-1.84974
3.50509
0.701589
-0.0881688
-0.161358
-2.03993
-2.62768
0.223652
1.7946
-3.77168
-1.83865
2.21965
-0.0816116
-0.321536
-0.00525131
-0.193263
0.0934347
-1.33199
0.554892
-0.0132133
1.4006
-1.16508
12.0528
-0.294625
0.324048
2.38445
-0.0302005
-0.242225
-0.00186512
-2.02644
2.64012
-1.05796
-1.78381
-0.92614
12.4745
0.720241
-0.196461
1.69934
144.669
2.39505
0.245375
0.0923417
-1.32392
-0.0310458
1.70216
6.87256
5.7973
3.6202
-0.308868
0.932738
-0.24947
-0.366357
-28.8003
0.621278
0.999448
-0.765953
-5.88627
0.194385
-0.076014
-2.30399
-0.367567
-0.205541
-1.04336
1.5066
0.834631
-3.92809
-14.5165
0.176918
3.18781
-1.73902
1.26248
-0.394086
0.70351
3.08626
-0.957019
1.34872
0.171372
0.991907
7.0736
-64.4003
-1.93298
143.265
0.802229
1.53918
-2.9638
-0.669757
8.70926
-4.53897
-2.59088
-1.12952
0.921615
6.69301
-7.11238
0.359352
0.417455
-1.51414
-1.90262
0.242724
-6.88244
-9.61314
0.16304
0.331281
-3.65148
1.19336
2.14516
0.301842
-0.440582
0.93734
-48.7282
-0.878655
0.441363
4.97755
1.1491
-3.06606
27.3021
2.61426
2.0796
0.630643
-0.15992
1.03669
0.59568
1.93393
-1.08618
0.341258
-0.334639
-0.713092
0.309039
0.0894135
-3.70149
-0.968979
-1.03643
0.814735
-0.821782
3.15163
0.455885
3.63545
0.809319
-0.944655
-1.56816
0.656546
1.22754
0.273111
-5.78809
1.03349
-10.3403
0.636576
-0.995173
-0.636054
-0.623363
-0.014662
4.05777
-1.58935
0.857032
-0.981299
-0.813594
0.339912
0.164287
-0.410619
-0.225966
0.369157
-0.475556
0.616173
-0.380014
6.41295
1.82889
-0.660083
-62.7661
22.5425
-0.0654557
0.245846
-2.04413
0.832516
0.881485
-1.15283
-27.5146
5.0416
0.913847
-0.703112
3.83521
1.29029
8.43985
-4.33065
0.46193
-0.224886
0.639686
0.544687
-3.30071
-1.28465
0.196501
-0.333346
-1.90037
-0.522195
0.0586725
-5.89048
-1.0367
-1.95059
-0.0244866
-0.031603
-1.14182
1.04908
1.82812
0.136115
-0.878138
6.36881
-2.6788
5.37929
-17.8901
-0.0320025
-0.800632
0.152322
-1.34187
4.34998
5.83161
-1.50933
0.447082
-3.0529
-0.574124
94.4716
-0.167799
-1.4612
3.03442
-3.33598
-1.50242
0.488525
-0.202648
-0.480425
-0.769556
2.12731
-0.640979
-14.5588
10.7751
0.162072
-1.63885
-0.132595
19.5953
-2.79082
1.84394
-1.05824
0.52985
3.2123
13.1698
0.139521
-0.581835
-2.59268
-0.133806
1.48082
0.600588
2.76625
-0.965077
-9.01592
1.71177
0.0420822
0.415032
2.4722
4.32499
0.127654
0.0761723
0.18819
-1.6068
1.56627
-0.189901
-0.303837
-4.56386
0.0674824
-0.620861
-1.62101
1.66122
-10.5634
1.28269
-10.1765
0.260157
0.423997
3.12769
-16.2265
-2.26913
-2.42433
-1.50866
6.3614
1.40709
1.47689
-3.10834
-17.9354
-30.8314
-8.82388
-0.196387
-0.035679
9.04171
1.18038
-0.928349
1.72963
-5.63263
2.90324
-0.482467
0.899688
3.56452
0.487819
-1.74611
0.350703
10.6564
-2.45645
-5.82399
9.306
-4.91195
0.235575
-4.31873
1.0778
-0.420112
0.717812
0.674073
-1.69212
-0.674723
-0.538843
1.03835
-6.01835
0.101599
-3.45787
1.38945
1.06542
0.0796464
-0.924583
0.217844
-0.244936
1.56642
-0.125295
1.12372
-1.92002
