S
0.987114
1.06589
1.7188
1.39274
0.899146
0.913756
1.00773
0.643117
0.949801
0.725363
0.906686
0.780822
1.0943
1.21136
1.01594
1.43255
0.749308
0.878329
0.928583
1.07784
1.29096
1.02151
0.655995
1.1191
0.953264
0.670203
0.364165
0.500275
0.659684
1.06256
1.34475
0.617977
0.910049
0.78857
1.18056
1.37308
1.40818
0.904111
0.664198
0.898843
1.08184
1.23633
0.910155
1.11826
1.11168
0.793295
2.01666
1.42127
0.709966
0.885244
0.71212
0.8505
1.14465
1.26954
0.669529
0.958393
0.581816
1.0406
0.767049
0.786428
0.913678
0.512952
0.354797
1.26729
0.699724
0.903489
0.921712
0.997342
1.20653
1.37943
0.889713
0.687209
0.940337
0.960443
0.536616
1.33833
0.908269
0.70831
0.807444
1.11822
1.05626
1.13225
0.451432
0.805073
0.709682
0.490177
1.11852
0.46849
1.27105
0.544543
0.574938
1.0847
1.23127
1.18144
0.849156
0.890497
0.913927
1.14055
0.843262
0.85546
0.937531
1.17131
0.785067
0.561083
1.10235
0.776063
1.49029
0.698976
1.37081
1.22142
0.558463
1.0286
0.614186
1.09454
1.4661
0.937628
0.844663
0.700015
0.828186
1.10403
1.25111
0.794158
0.78077
0.659957
0.885615
1.39109
0.756915
1.17077
0.742945
1.26734
1.11601
0.765874
0.356739
1.47435
1.07154
0.783852
0.969881
0.890221
1.82521
1.05133
0.746432
0.920772
1.31209
0.892638
1.54375
1.09321
0.868497
0.420889
1.07196
0.637773
1.14894
1.78196
0.872637
1.09571
1.18578
0.484992
0.545799
0.756761
0.978303
0.924076
1.08225
0.826006
0.817102
0.606078
1.11225
0.988442
0.735762
0.932331
0.664568
1.27354
0.486211
1.06053
1.03588
1.16389
0.821208
0.786849
1.15961
1.24999
1.06062
0.908643
0.843531
0.883207
0.671366
0.559161
1.11612
0.527806
1.13864
1.23164
0.896433
1.0927
1.5497
0.856783
0.856023
1.3311
1.4389
0.846818
0.49414
0.880634
1.17234
0.860139
1.44921
0.505892
0.939226
1.28231
0.620812
0.73766
1.5489
0.417476
1.69456
1.46364
1.09951
1.45517
0.723472
1.18135
0.598468
1.05063
0.767172
0.877982
0.873334
1.46314
1.19572
0.811808
0.886586
0.708797
1.05079
0.988911
0.799177
0.835501
0.841739
1.21884
0.830315
1.30493
1.0135
0.718237
0.572264
0.837397
0.590939
0.965891
1.14053
1.11403
1.12228
0.716759
1.58635
1.44939
0.578041
1.30599
1.47104
0.487799
1.24033
0.81903
1.12256
1.32103
0.846714
0.84595
1.72852
0.719406
1.20758
1.19806
0.752336
1.13328
1.11372
0.562922
0.938706
1.74823
1.17424
1.57713
0.908492
1.42557
0.799406
1.00872
0.64454
1.19788
0.977814
1.20528
1.44793
0.73267
1.28508
0.485515
1.18576
0.632465
1.60973
1.10731
1.5868
0.81809
0.932866
1.65116
1.05723
1.58358
1.82892
0.953257
0.857819
1.02442
0.794645
1.06618
0.944053
0.542542
1.49667
1.217
1.06966
1.78326
0.986365
1.01225
0.914434
1.31343
0.849375
0.443938
0.90434
0.936136
1.35035
1.06283
1.43362
0.796331
1.16728
1.11523
1.12997
1.06971
0.524178
1.51757
0.826583
0.815956
1.26549
0.824406
1.00718
1.21732
0.641961
0.750326
1.16441
0.98909
0.585577
0.998772
1.26029
1.10706
1.23893
0.763441
1.77587
1.01068
0.729104
1.26166
0.760533
1.58976
0.66571
0.689456
1.68131
1.26956
0.556636
1.66525
1.13667
0.660218
1.24733
0.918166
0.657639
1.66807
0.740504
1.01514
1.18856
0.942718
0.991178
0.705374
1.22834
0.650645
0.94422
0.800109
0.746574
0.695296
1.21545
0.870638
0.845867
1.11874
1.08154
1.03888
0.365256
1.30063
0.84394
0.985969
1.151
0.884765
1.2997
1.5298
1.26078
1.34934
0.976295
0.86822
0.582702
0.827584
1.15799
0.499992
0.96677
1.28141
0.943475
1.16774
0.383016
0.920975
1.23358
0.841976
1.37924
1.91185
1.4164
1.16936
1.20838
0.852565
1.14108
0.861693
1.24479
0.713096
0.664029
0.516946
1.1311
1.08939
1.15083
1.73525
1.42349
1.0377
0.918935
0.881837
1.11917
0.883117
0.655811
0.706284
0.531913
1.16033
1.6309
0.469551
0.91323
0.96847
0.957483
1.11948
1.07949
1.11861
1.44815
0.869247
1.05144
0.736505
0.841963
0.872365
0.880324
0.98006
0.708852
0.69536
1.58636
0.792367
0.9171
0.871771
1.44624
0.696718
1.1459
0.681535
1.16921
0.924365
0.615579
1.1195
1.30287
0.768608
0.729431
0.694569
0.879045
0.976375
1.45977
1.05253
0.536143
0.799479
1.34242
0.685221
0.81586
0.904147
1.3448
1.17225
1.33951
0.602267
1.06874
0.811217
0.886136
0.491264
0.839283
0.623217
0.619942
1.82863
0.456825
0.695181
1.22275
0.680485
1.008
1.28691
0.97169
1.13617
0.696449
1.04925
0.733062
1.25245
1.06637
1.38965
1.78004
1.57758
1.55646
0.756
0.472955
1.15956
1.23308
1.07692
0.935059
1.37675
1.3381
0.816963
0.520552
0.613875
1.15141
0.870432
1.42992
1.04597
1.216
0.86072
0.686078
1.13349
0.922136
1.27429
0.558684
1.1023
0.81127
0.556764
1.51655
1.37777
1.31256
0.891219
1.19276
0.606041
1.0712
0.931577
1.75605
0.742741
0.939573
0.923028
0.988468
0.749952
0.876077
0.698388
0.79655
1.30261
0.705186
0.714304
1.05024
0.909004
0.932089
0.946644
1.00071
1.25616
1.30903
0.772941
1.21566
1.4355
0.659
1.42787
0.986018
1.26016
1.17928
0.904941
0.822715
1.23609
0.867729
0.490196
0.302742
1.22629
1.35107
0.636332
0.582726
0.556218
1.2949
1.19007
1.0315
0.629773
0.970907
1.27217
0.909258
1.33775
0.937697
0.880733
1.0721
0.975779
1.27011
0.726683
1.19097
1.35478
1.25731
1.23773
1.64799
1.18721
0.798904
0.502287
2.07617
1.21733
0.920023
0.686452
1.41937
0.847066
1.91898
1.35212
1.08814
1.73587
0.592251
1.19151
0.655372
1.70937
0.984598
0.973849
0.598554
1.06165
1.60171
0.723053
1.08919
1.35552
1.65542
0.673283
1.32096
1.02546
1.40023
0.961119
0.536146
1.35511
1.51883
0.478798
1.19656
1.15317
0.798257
0.701603
1.08448
0.782016
0.882628
0.909991
0.861849
1.4665
0.525834
1.53329
0.61053
0.475042
0.726784
1.066
0.964562
0.355248
1.05147
0.851993
0.684448
0.925951
1.22942
0.880585
0.895094
0.700558
0.967694
0.898074
1.1616
0.777832
0.680644
1.18501
0.870381
1.14366
0.922748
1.2248
0.662976
0.46149
0.63407
0.996622
1.2927
0.747419
1.14076
1.51334
1.06455
1.1442
1.08563
1.24678
0.810714
1.43717
1.84048
0.715076
0.880887
1.07901
0.737702
0.637498
1.22098
0.993064
0.658104
1.36214
0.54549
1.23746
1.11106
1.0062
0.821614
1.56536
0.756741
0.47012
1.12856
0.702708
1.52842
0.995689
1.25125
0.846401
0.544801
0.77451
0.618923
0.588305
0.995479
1.09863
1.15626
1.46914
1.41964
0.532501
0.496568
0.755702
0.992599
0.962441
1.23242
0.747695
0.645086
0.925626
1.23331
0.871908
1.00663
0.791534
0.181334
1.00284
1.92884
1.5287
1.03352
1.14522
0.705942
0.812974
1.24209
1.59646
0.397448
1.14967
0.532671
0.739455
0.899105
0.729153
0.808653
0.751121
0.583484
0.571972
1.0515
1.2258
0.9017
0.859031
1.24991
1.26502
1.25673
0.884839
1.09706
1.37188
0.891701
0.411512
0.674841
1.5934
1.08056
0.463228
0.706985
1.13466
0.46461
0.860882
0.95702
0.900481
0.910739
1.04028
1.48201
0.798691
1.97599
1.71158
0.660691
1.10886
0.804461
0.919311
1.31278
0.703927
1.35858
1.86728
0.966718
0.972032
1.43189
1.18935
0.643442
0.653902
0.776557
1.35587
1.06696
0.94524
0.539813
0.933107
1.22224
0.990544
0.847527
1.11459
1.15959
0.508672
0.617022
1.21088
1.26383
0.721436
0.920538
0.599838
0.895224
0.902597
0.545526
1.03598
0.999152
0.824988
1.11347
0.963792
0.964591
1.32236
0.939398
1.0883
0.629912
0.824675
0.732106
1.0702
1.00196
1.30271
0.673961
0.99656
1.22991
0.647887
0.761252
1.44315
1.03794
0.538637
1.53394
0.904573
1.42965
1.48765
1.30729
0.983874
1.56047
0.522085
0.573609
0.73036
1.16035
0.727656
1.45505
0.66479
0.75829
1.00731
0.645946
0.857628
0.478054
0.929137
1.0473
1.36594
0.499367
1.03517
0.687453
0.529845
0.599259
1.23949
0.427803
1.33335
0.965285
0.35165
1.32337
0.964777
0.820901
0.903013
0.776676
1.00941
0.444872
0.994772
0.944924
1.0091
0.499007
0.525123
1.21627
1.1641
1.27351
0.97944
1.29003
1.50899
1.10244
0.609614
1.02977
1.06557
1.53436
0.611712
1.44204
0.8142
1.05826
0.871477
1.50595
1.23733
0.748559
0.986106
0.771747
0.798624
0.943373
0.932021
0.65957
1.12106
0.831694
1.36244
0.779464
0.872488
1.02732
1.04711
0.277709
1.61788
0.642745
0.801267
0.899711
1.07861
1.00658
0.75015
1.17154
0.909372
0.675673
0.858359
0.783049
0.639677
1.21817
0.588127
0.973486
1.46072
0.865386
0.817689
0.997165
0.661078
0.949578
1.11056
0.57266
0.618026
0.964831
0.819992
0.827954
0.74403
0.646554
1.25774
0.811544
0.778512
0.64935
0.951296
0.833302
1.17779
1.3976
1.17994
1.48062
1.33893
0.560692
0.854809
1.06679
0.973181
0.574203
0.810968
0.760883
0.775144
1.4626
1.11241
1.17071
0.738686
0.937321
0.896052
0.523741
0.756061
0.641387
0.577249
0.91701
1.05484
0.968045
0.710946
1.30538
0.915699
0.651423
0.928146
0.624863
1.38918
0.874461
0.690265
1.07679
0.725792
1.08949
1.10686
1.5825
1.07503
0.254587
0.589235
1.10677
0.746566
1.21167
0.548897
1.14009
0.77208
1.60803
1.00297
0.844284
0.59667
0.647588
0.908467
1.30656
0.83762
1.73371
0.948875
1.21469
1.0415
0.590312
0.856619
1.14685
0.727511
0.705019
0.817716
0.963323
0.853533
0.662034
1.15627
1.17408
1.51329
0.766348
0.429391
1.36957
1.61052
0.855954
1.18074
1.02961
0.61926
1.01897
0.915202
1.50726
0.793062
0.66226
0.825373
0.57224
0.745409
0.592838
1.70157
0.878508
0.633602
1.03839
1.16391
0.603277
1.23402
1.12646
0.675524
0.624499
0.860827
0.689586
0.872144
0.572488
1.35436
0.549876
0.939056
0.633025
0.867251
0.906658
1.00235
0.988065
0.928242
1.05301
1.072
1.12925
0.82101
1.0594
0.746395
1.69884
1.27994
0.514084
1.44063
0.694552
1.52119
0.490401
1.20047
1.44753
1.1358
0.790955
0.73957
0.771388
0.765633
0.958744
1.26206
0.495278
0.698605
0.754238
1.39325
1.25989
1.02856
0.661766
0.950585
0.999279
0.921988
1.27739
0.764896
1.67263
1.53309
1.10483
1.51351
0.661892
0.842137
1.11518
1.15268
1.04337
1.29894
1.05875
1.40497
1.24345
0.878998
0.479143
1.56807
0.658017
1.12166
0.560994
1.31312
0.660296
0.956242
0.927332
0.87198
1.07499
0.755088
0.834448
0.645226
1.188
1.07501
0.768189
0.919669
0.794983
1.20025
0.862142
1.28428
0.812076
1.32865
1.31917
1.54269
1.19165
0.991011
1.12083
1.57036
0.602701
1.10808
1.20893
0.926641
0.906682
1.07306
1.27449
0.980358
2.00416
0.614383
0.723266
1.27955
0.855985
1.09767
0.524932
1.28881
0.786419
1.15163
1.49975
1.17923
1.01241
1.0086
0.764864
0.997247
1.43027
0.733968
1.00944
0.807275
0.898433
0.94604
1.20046
0.724186
1.59359
1.04803
1.26376
1.27346
0.815998
1.004
0.77752
1.2145
0.648515
0.749738
0.854052
1.98436
0.790955
0.353735
1.16168
1.48807
1.14938
0.954803
0.821532
0.86345
0.642836
1.48163
1.48012
0.916764
0.944705
1.10863
1.22644
0.629231
0.935759
0.369787
0.893835
0.76308
0.890507
1.09744
1.48928
1.52884
0.930319
0.806391
1.3932
1.37539
0.804389
0.816638
1.31097
0.979878
0.732238
0.640656
1.08011
1.03304
0.505169
0.52243
1.19118
1.13968
0.821254
0.774035
0.659049
1.28004
0.74301
0.552114
1.16499
0.751541
0.733531
0.704796
1.03145
0.794443
0.654046
0.796519
1.25881
0.790345
0.742556
1.18647
1.10437
0.632616
0.871599
0.66085
1.04733
1.15811
0.677174
1.45239
0.893
1.43445
1.03653
1.53742
0.804086
1.04629
0.529447
0.737275
0.950819
0.873865
1.73608
0.943676
0.544915
0.896007
0.709388
0.898525
1.57391
0.829715
1.0557
1.30168
1.02656
0.882876
0.914898
0.846265
1.36721
1.23529
0.668844
0.649918
1.69828
0.8609
0.895551
1.09454
0.706946
0.960568
1.05247
0.755217
0.922295
1.06351
1.06421
1.10018
1.37113
1.15718
0.912493
0.764099
0.912098
0.513248
1.23531
0.941586
0.577604
0.965707
0.831251
0.910842
0.674044
1.09155
0.861397
0.890469
0.749338
1.03638
0.791102
1.12746
1.04085
1.54697
0.734558
1.02413
0.638097
0.985987
1.13944
0.599386
1.18008
1.44631
1.35344
1.45025
1.01115
1.9242
1.10353
0.719157
1.01985
1.11332
0.925225
0.835181
0.7479
0.875531
0.997776
0.63232
0.889619
1.31427
0.84576
0.675298
1.22463
0.698102
1.17643
1.28486
0.772759
1.30685
0.805467
1.38024
0.886019
0.726352
1.20118
1.47196
0.638573
1.0865
1.20108
1.35181
0.953127
1.16255
1.15497
0.651409
1.17664
1.89696
1.35428
0.634187
1.24582
1.4826
0.750005
0.699277
0.921653
0.951884
1.30022
1.26394
0.961365
1.85889
1.02626
0.550325
0.898124
1.40069
1.1527
0.969982
1.72823
1.26709
0.98436
1.1988
1.04819
0.651491
0.756313
1.06412
0.846362
0.665066
0.635234
1.01171
0.782247
1.1862
0.550848
0.887695
0.489005
0.91472
0.450946
1.01901
0.533338
0.777927
1.41265
1.1427
1.37837
0.839485
1.09224
0.831077
1.29615
0.630895
0.642031
1.51807
0.972298
1.43288
1.68094
1.2831
0.712798
0.782782
0.525015
1.35298
1.29251
1.12634
1.43865
1.02826
0.612693
0.92902
0.688159
1.07824
1.52121
1.06835
1.08482
1.37827
0.76349
0.769735
0.425428
1.20964
2.15157
0.582881
1.07897
0.782594
0.838204
0.968689
0.684824
0.856723
1.55908
0.589133
1.0423
0.827807
1.02412
0.921461
1.02677
0.603766
0.819259
1.10932
0.976377
1.50784
1.035
1.05155
0.567777
1.00635
0.739356
0.56069
1.26796
1.46675
0.969928
1.33323
1.00493
0.93295
1.47792
1.4547
0.632044
0.825933
1.01574
0.893804
0.955431
0.944509
0.889599
0.79811
0.7813
0.648004
1.21638
1.25205
1.65023
0.798072
0.59403
0.924992
0.847268
0.906488
0.791602
0.820437
0.918773
0.678665
1.13037
0.677024
0.848332
1.31554
1.00638
0.838584
1.19867
0.822443
0.923223
1.1286
1.36426
0.686366
1.01386
0.974517
1.01304
1.4706
1.09798
1.00403
0.678542
0.833493
0.524151
1.92073
1.33035
0.599549
0.239659
1.31701
1.33882
1.171
0.587239
1.24201
0.611888
0.740359
1.18627
1.62034
1.17805
0.716832
1.49763
0.946821
1.13208
0.667591
1.23928
1.41547
1.14733
0.715577
1.27886
0.622606
0.78887
0.994795
0.837173
0.874094
1.66525
0.691017
1.3308
1.23011
0.730684
1.23436
0.877876
0.56236
1.51457
1.45218
0.815117
0.681036
0.626091
1.42106
1.3424
1.43125
1.41416
0.776468
0.720578
1.05578
1.0376
0.879751
0.804632
0.798731
1.2885
1.20379
0.854022
1.77618
1.82787
0.500476
1.29792
0.984513
1.37145
0.9395
1.04303
0.786941
0.909193
0.574031
0.958798
1.15819
0.94528
1.23768
1.19739
1.40179
0.823062
0.621311
0.884081
0.665045
0.973054
0.761534
1.12594
0.586699
0.875912
0.877881
1.39225
0.824318
0.59892
0.999058
1.25511
1.60692
0.707132
1.01289
1.07527
0.739259
0.973525
0.562072
0.736441
1.08959
1.03146
1.2084
0.756542
0.887198
1.03882
0.787821
0.962393
1.04753
1.10961
1.09459
0.830673
0.906838
1.17737
1.49027
0.788047
1.07075
1.40711
0.380152
0.915163
0.747299
1.34836
0.566295
1.38045
1.06268
1.0941
1.41251
0.996674
0.910585
1.00351
1.82025
1.12241
0.953221
1.12823
1.25065
0.877631
0.665051
0.90239
0.742142
0.680558
1.58191
1.46629
0.794846
1.23085
0.684955
0.813185
1.15681
0.814965
1.35651
1.76066
1.04526
0.611755
0.706742
1.13147
1.10219
1.10967
1.20786
0.906623
0.825738
1.32227
1.14051
0.726258
1.31305
0.985613
0.7969
1.69309
0.770485
0.976656
0.629563
0.520283
1.50314
1.28616
1.28313
0.852969
1.02327
1.18648
1.19428
0.795655
0.537099
0.670294
1.1468
0.594656
1.53081
0.701386
0.622569
0.69403
0.847516
1.83926
0.85923
1.36017
0.974532
0.689219
1.36826
0.462778
1.07357
1.39082
1.35775
1.47918
0.843507
0.983733
0.758538
0.76979
1.11259
0.881189
0.674522
1.08291
1.68169
1.0528
0.726447
0.887253
1.54781
0.885224
0.799347
1.6242
1.04108
0.565307
0.930589
1.08457
0.841821
0.919166
1.10534
0.978943
1.22108
0.560134
1.28076
0.72979
1.64212
0.985858
1.01586
1.37251
0.640818
0.792425
0.863917
1.00518
0.795356
1.22148
1.11791
1.01531
0.963427
0.498591
1.08655
1.26026
0.84251
0.965703
0.931535
0.831081
1.1492
0.432176
0.62873
0.900756
0.965619
0.949847
0.67561
0.577141
0.724193
0.645282
0.672829
0.886308
1.09166
0.928631
0.863343
1.64955
0.823678
0.955901
0.771897
1.09224
0.393767
1.00585
1.34507
0.805342
1.1779
0.864147
0.84698
0.825894
1.20265
0.959159
0.716188
0.993982
0.707623
0.529594
0.626407
0.799389
1.30301
0.753086
0.895807
1.66963
1.05045
0.825075
0.592163
0.696645
1.16202
1.19965
1.35136
1.02918
1.0485
0.620843
0.820687
0.657793
0.933363
0.783439
0.755229
1.52464
1.33606
1.20129
0.45196
1.31088
0.866566
0.815938
1.32383
0.977946
0.731828
0.844016
0.547461
1.01698
0.710388
1.20816
0.611165
0.807334
0.842762
0.335726
1.22872
0.470533
0.733568
1.60091
1.14095
1.36685
1.08384
1.09856
0.422582
0.972459
0.915812
0.979048
1.26299
1.60505
1.22208
0.514547
0.762848
1.38116
0.868084
1.66323
0.890457
0.790921
1.14575
0.630555
0.664803
0.481438
1.35104
0.833983
0.754714
0.782291
0.646661
0.841161
1.23992
0.542574
1.48996
0.854864
1.12587
0.641578
1.48001
1.34767
1.13336
1.11027
0.822127
1.20567
1.01225
1.11256
0.645235
0.788666
1.03812
1.28241
0.533
2.01918
1.40171
1.63749
1.64859
0.873582
0.924935
0.990474
0.890492
0.761521
1.11182
1.67682
0.634436
0.906546
1.01179
0.805622
0.831566
1.23044
1.12704
0.841852
0.850357
0.908591
0.827757
1.02296
1.31498
0.583552
0.593227
0.57833
0.89984
1.42373
0.94585
0.509406
0.861119
0.674227
0.582228
0.924798
0.624839
1.13379
0.990284
0.844984
0.690497
1.65743
0.610761
0.827795
0.784132
0.730926
1.77451
0.525517
0.838685
0.50776
0.941718
0.818745
0.765605
0.466112
1.45223
1.0489
0.774935
0.66276
1.06884
1.75616
1.67785
1.66743
0.766125
1.32022
1.07362
1.42735
1.01316
1.01207
1.04304
1.19821
0.809744
1.21266
0.688117
0.572629
0.897783
0.949917
0.689513
1.87754
1.00751
0.725081
0.486054
1.40221
0.994783
0.968151
0.963107
1.13304
1.03356
0.86594
1.07149
1.37996
0.698314
0.936715
0.670129
0.962231
0.935325
0.95139
1.40507
0.726331
1.51988
1.50791
1.47178
1.22877
1.17954
0.710085
0.823901
0.824038
0.982416
0.848992
0.784095
0.7832
1.46659
1.08858
0.513911
0.769965
1.32693
0.887182
1.03058
0.747139
0.83974
0.812111
1.22841
0.903356
1.06849
0.967449
0.972154
0.742185
0.857146
0.903917
1.25575
0.736517
0.997166
0.540251
1.3342
1.17992
0.4948
0.870623
1.04987
0.571418
0.909872
1.24414
1.03966
0.614122
0.886153
0.924742
1.24037
0.724475
1.01216
1.03731
0.996947
0.598759
0.581866
1.36593
1.04077
1.42634
1.26808
1.41821
0.913684
0.640854
1.64878
1.1793
0.547381
1.8389
0.63968
1.02823
1.29684
1.21883
1.05279
1.23302
0.96248
0.322083
0.61674
0.973282
0.723571
1.12899
1.17475
0.790942
1.2322
0.731827
1.24821
0.888065
1.03026
0.878285
0.900785
1.72366
1.27203
1.64169
0.837568
0.72275
0.867608
1.36288
0.483556
0.926188
0.991439
1.04449
1.23335
0.707669
0.903494
0.683905
0.571571
0.88108
0.594516
0.908322
0.552467
1.04613
0.713465
0.450987
1.72353
0.907842
0.592355
1.11959
0.775131
1.49552
1.32267
0.553632
1.26046
1.31104
1.24945
0.557119
0.625089
0.80301
1.32031
0.978193
0.932569
1.47932
1.22034
0.832365
0.880896
0.983625
1.34767
0.841537
0.945868
0.938625
1.1986
0.90102
0.930105
0.824006
0.991974
1.00607
0.853155
1.14474
1.07984
0.572079
1.43826
0.873499
0.599144
0.688646
0.746577
0.926141
0.83521
0.802751
0.979727
0.964796
0.743936
1.81324
0.789641
0.730899
0.46386
0.914157
0.801549
0.776072
0.749487
1.92856
1.33668
0.964876
0.679225
1.24004
1.08112
1.40683
1.81664
1.42541
1.296
0.354619
1.02976
1.26657
0.829359
1.37208
0.891435
1.07514
2.0102
0.95744
1.1805
0.721689
0.976681
0.736166
0.765865
0.718294
1.08006
0.3786
1.88259
0.922065
1.10797
0.600334
1.67921
0.704815
1.21287
0.85739
1.35925
0.732406
0.913538
0.806221
0.918925
1.46324
0.653727
0.889852
1.12984
0.854992
1.23289
0.782378
0.492288
0.804821
0.790756
0.832031
0.751013
1.2275
0.925223
1.07299
1.19731
1.29423
1.02729
0.977157
0.89664
1.31631
1.12783
0.99822
0.773709
1.17086
1.08398
0.842807
0.986137
0.867989
0.828108
1.22714
1.2111
1.25327
0.867082
1.09866
0.854166
1.16402
1.11321
0.690162
0.789391
0.927222
1.16069
0.509371
0.886592
1.03965
0.924407
0.681834
0.886347
0.850802
1.33581
0.818499
1.44105
0.710544
0.675998
1.35594
0.896803
1.47669
1.32767
1.0784
0.94883
0.798602
0.999543
0.712273
1.44524
0.841659
0.807372
0.894476
0.947749
1.03436
0.740524
0.618554
0.841971
1.26616
1.24543
1.13282
0.759097
0.798198
0.92346
1.39705
0.674655
0.829212
0.788258
0.814253
1.41996
1.16289
1.14277
0.73325
0.930467
0.799198
0.60777
1.00482
0.771892
1.2476
0.900211
0.89836
0.798424
1.04334
0.705329
0.919987
0.438285
0.864028
0.612028
0.72197
0.658814
1.11401
0.40522
1.39852
0.565331
1.56432
0.794204
1.41253
1.22014
0.893732
1.22707
0.921645
0.988865
0.783645
0.551482
1.13318
0.389323
0.875345
0.980661
0.719146
1.17306
1.07584
1.21695
1.14499
1.02306
0.951513
1.3576
1.47711
0.472112
0.629936
0.843306
0.605335
0.964172
1.23224
1.2046
0.712869
0.74964
1.33254
1.01854
1.07191
0.43974
0.828145
0.690237
0.837411
1.42212
0.661441
1.1635
1.18965
1.13933
1.25143
0.700505
0.765985
0.689173
1.1065
1.24307
0.80569
0.990098
1.75813
1.06319
1.08176
1.04589
0.94999
0.630658
1.03887
0.728008
0.480507
0.6953
0.940932
1.16084
1.07589
0.901883
1.10284
1.20482
1.94095
0.59726
0.778487
0.935951
1.19249
0.874164
0.823815
0.691784
0.714553
1.15704
1.43046
1.76324
1.15825
1.42203
0.734606
1.34419
0.76204
0.664417
1.25275
0.768766
1.01348
1.16331
1.42859
0.625508
1.05811
1.0096
1.08321
0.945503
1.44529
2.09823
0.529814
1.10166
1.63933
0.687665
0.750912
1.03773
1.26286
0.528638
1.25464
0.662013
0.738372
0.693927
1.44107
1.65122
0.917483
0.958104
0.563111
1.00002
0.804384
0.512532
1.26889
1.15297
0.867964
1.06497
0.768751
1.06176
1.03152
1.16894
0.824612
0.747894
0.924954
0.923022
1.15572
1.2104
0.845128
1.10474
1.08651
0.786252
1.25162
0.928088
1.15242
0.780388
1.33925
1.38768
0.952141
0.967481
1.33286
0.588477
0.656818
0.568365
1.71817
0.889764
1.24241
0.769348
1.04047
0.573797
0.399522
1.04299
0.93259
1.0044
0.805006
0.982445
0.765354
1.07855
1.04775
1.34546
0.844291
1.1277
1.67029
0.904164
1.32469
1.34763
0.644135
1.22034
0.901056
1.05523
1.66329
0.854244
1.00881
0.904008
0.978273
0.636489
1.17028
0.79895
1.39347
1.37438
0.929991
0.974904
0.735442
1.05041
1.38557
1.0801
0.586997
0.847487
1.14912
0.77592
1.29886
1.88237
0.673356
0.750386
0.657041
1.62853
0.756835
0.959875
1.06215
0.583618
1.17083
0.539553
1.16537
0.793972
1.21226
0.409855
0.666794
1.08864
1.13848
1.63401
1.01903
0.823786
0.685284
0.880327
0.978496
1.04824
0.909272
0.83394
1.02973
0.467726
1.79116
1.43099
1.01994
1.03625
0.801637
1.06144
1.39139
0.719618
0.590554
1.17153
0.760117
1.60541
1.15014
0.549808
1.08333
0.815017
1.21763
1.06285
0.440617
0.972353
0.796004
0.919901
0.869834
0.970041
0.761449
1.09053
1.06897
0.808268
0.87364
0.919415
1.19215
0.915099
0.619982
1.32198
0.986464
0.545072
0.983268
0.561569
0.868406
1.27903
0.551125
1.38202
0.827966
1.58496
0.872294
1.29658
0.79055
1.30096
0.83767
1.25701
1.23292
0.839453
0.877673
1.24451
0.84443
0.456507
0.822468
0.585314
1.10902
1.20202
1.77744
0.673318
0.899417
0.32886
1.74971
0.658717
1.14625
1.09617
1.26772
0.967877
0.759259
0.456835
0.900048
0.899131
0.545312
0.669271
1.18118
1.18104
1.10656
0.861224
0.85001
1.19158
0.464491
0.964042
1.01934
1.35335
0.413783
1.39317
1.03439
1.2356
0.424879
1.19096
1.0868
0.906816
1.87769
0.640293
1.00779
0.972545
1.72118
0.751456
1.22735
0.723517
0.291127
1.01079
1.14771
0.643694
1.03555
0.832684
0.890953
1.02211
1.10632
1.13471
1.01849
0.86765
0.628029
0.99302
1.24504
1.40871
0.933031
1.00249
1.01015
0.699451
0.97962
1.09308
0.851211
1.20544
1.00619
1.36107
1.21161
1.16717
0.648894
1.00172
0.758226
1.10012
0.793686
0.566139
0.658325
2.44674
1.02795
0.973016
1.1506
1.07623
0.954889
0.639589
0.737769
0.705453
0.757364
1.49529
1.06878
1.21248
0.719085
0.806652
0.870505
1.30444
0.750347
1.08124
0.939771
1.45303
0.615163
0.897281
0.931229
1.77428
1.09319
0.881482
0.843099
1.25024
0.52203
0.702115
1.47627
1.41789
0.977529
0.71628
0.621655
1.17408
0.966221
1.10182
0.709227
0.700309
0.880457
1.2619
0.469562
0.613172
1.36697
0.839334
0.897226
1.20701
0.78062
1.39093
1.43853
0.901654
0.809352
1.25023
0.845574
0.965683
0.784216
0.591964
1.34912
0.413906
1.38563
0.897399
1.08637
0.76489
1.11356
0.811387
1.03291
0.870089
0.631708
0.545455
0.909865
1.35749
1.26249
0.674857
0.495038
0.895718
0.779975
0.912194
0.888792
1.06959
1.08323
1.21487
0.900051
1.18615
1.21165
0.882173
0.795512
1.34211
0.975105
1.77453
1.22013
0.686882
0.632857
0.824956
0.88728
1.24892
0.944579
0.76222
0.685294
0.708988
0.993515
2.25133
0.926237
0.878487
1.14143
0.796611
1.49388
1.35598
1.15187
0.878491
0.763401
0.71762
0.793237
1.126
0.805904
0.51574
1.27609
0.580983
0.943631
0.618863
0.847508
1.08545
0.966799
0.829529
1.61804
1.2079
0.89787
0.682162
1.08137
1.27067
0.827656
0.661684
0.903802
0.509787
0.759271
1.07789
1.05999
1.23765
0.98697
1.47148
1.12253
1.55952
1.41002
1.08012
1.1934
0.761414
1.17183
0.7428
0.443514
1.37466
1.50212
1.14121
0.837156
1.20663
1.39202
0.620778
0.854796
0.856433
1.08881
0.835088
1.49857
1.09013
1.21212
0.714773
1.40543
0.728926
0.839269
0.80987
0.683331
0.504404
1.2607
1.031
1.30913
0.79073
1.33743
0.823455
1.05461
0.72339
0.673488
0.685569
1.72588
1.52365
0.953033
0.831477
1.4354
0.802272
0.968728
0.254486
2.08363
0.990321
0.783489
0.93562
1.07957
1.65669
1.49528
0.321992
1.24329
0.594164
0.911108
0.984523
1.31575
1.08734
1.11582
0.951192
1.04848
1.27836
1.15938
0.730411
1.17067
1.2794
0.803507
0.874144
0.932705
0.872398
1.12905
1.36151
1.84119
0.777882
0.791556
0.823673
0.596769
1.01864
0.663251
0.704689
0.948213
1.07716
0.902974
0.911077
1.16308
0.953786
1.12885
0.65873
0.824976
0.821815
0.867963
0.715597
0.993497
1.29605
1.27809
1.58521
1.50673
0.7053
1.03779
0.917029
1.20683
1.16442
0.955568
0.833026
1.01571
0.934156
0.662876
0.569267
0.86904
0.933178
0.659991
0.897111
1.48462
0.851202
0.4385
0.495447
0.82295
1.11591
1.19019
1.31694
0.995002
1.26856
1.33499
1.28849
0.860915
0.487246
1.0408
0.476385
1.07306
1.68474
1.20792
0.843968
1.92644
1.15967
1.36394
0.851882
0.394743
0.877137
1.09088
1.28156
0.764413
0.771441
0.867073
1.11709
1.10537
1.20941
0.738182
1.66212
0.984005
1.13931
0.985566
1.57658
1.3196
0.85673
0.911504
0.803052
0.901675
0.396792
1.1598
0.988203
1.2994
0.968479
1.02967
0.674932
1.17946
0.587885
0.621469
1.36735
0.511078
0.876429
1.33042
1.51094
0.678089
0.960974
1.16623
1.07508
0.92163
0.756597
0.842516
0.922967
1.17071
1.37439
1.00503
0.849571
0.607225
0.985977
0.967928
1.26173
1.31284
0.943367
0.663484
1.10473
0.912856
0.44582
0.84189
0.780094
0.677977
1.18972
0.878106
1.03448
0.999542
1.38575
0.770514
1.07945
1.14682
1.11528
1.18072
0.916415
0.974049
1.01851
0.853415
0.83234
0.594524
0.490606
0.665084
1.05895
0.978511
0.455784
1.23821
0.674335
1.46682
1.24367
1.11627
1.21651
0.610668
1.11822
0.952983
1.3062
0.585504
0.758108
1.20171
1.21128
1.10675
0.49933
0.906335
1.10885
0.717318
1.03682
1.7427
0.91469
1.38784
1.74753
0.984635
1.16344
0.660736
1.34494
0.562542
0.983332
0.748687
1.07377
0.718658
1.00248
1.28102
0.716825
0.906253
0.790302
0.803377
0.930037
1.22993
0.437432
0.599573
0.614575
0.872252
1.42284
1.89541
0.83598
0.66099
1.32541
1.87274
1.11938
1.3731
0.982178
0.841849
1.0697
1.14144
1.035
1.43998
1.17956
1.32215
0.616415
0.814833
0.734422
0.85614
0.594602
1.03618
1.30603
1.11137
0.758695
1.2768
1.15796
0.992489
1.17836
0.461656
0.789176
0.815479
0.82495
1.11963
0.949538
0.994555
1.09983
1.07322
0.850115
0.654792
0.637548
1.0872
1.16539
0.650995
1.23207
0.470476
0.989496
1.08939
0.887888
0.583869
0.900253
1.36551
1.16233
1.32154
0.490464
1.33784
1.00265
0.903739
1.30009
1.04093
1.19953
1.08764
1.6757
0.944277
0.736001
1.10845
0.834722
0.960113
1.45033
1.7892
1.51765
0.797129
1.59404
1.19657
1.0817
1.10566
0.794634
0.897008
1.42487
0.542304
0.527896
0.872265
1.17176
1.00979
1.18156
1.47422
0.659259
0.904066
0.78679
0.756267
1.71439
0.66976
1.35368
0.916218
0.853314
0.862104
0.781025
1.65831
1.27317
1.03184
1.43203
1.27989
1.34665
1.13662
1.34182
1.34332
0.946415
1.48174
0.629252
0.82263
1.29312
0.661557
1.23909
0.983429
0.861119
0.861863
0.736692
0.717949
0.846537
1.30934
0.981129
1.42468
1.35987
1.10357
0.797614
0.95297
1.17123
1.81784
1.25094
1.12469
0.780293
1.27369
0.75645
1.32428
1.1668
0.919664
0.60887
0.912245
0.611373
1.27623
0.768205
0.770455
0.614614
0.834681
1.0072
1.05817
1.48696
1.33877
0.509957
0.891756
0.82556
1.07013
1.15769
0.825925
0.950447
0.733782
1.03457
1.50157
1.09888
0.993601
0.81601
0.985734
1.18626
0.544883
0.876803
0.765424
0.843918
0.951517
1.37818
0.669994
0.926485
1.68501
0.831759
1.07234
1.15675
1.05748
0.709914
0.881439
1.05726
0.946618
1.0738
1.67899
0.597726
0.586106
0.833382
1.23342
0.811979
0.772809
0.521377
0.746429
0.874223
1.12442
1.455
1.14388
0.813279
1.28904
0.73068
1.0721
0.690763
0.729823
1.50557
0.835753
1.2503
0.732766
0.626931
0.631854
0.548865
1.06069
0.984533
1.2043
1.24898
0.92897
0.609973
1.16656
0.966536
1.36649
1.00899
1.05467
0.801055
0.589059
1.07622
1.62317
0.590302
0.867002
0.753722
0.901711
1.46337
0.656062
0.491548
1.15918
1.31636
0.994049
0.829589
0.526768
0.739731
0.665174
0.81587
0.795046
0.657951
1.37971
0.802916
0.886124
0.79993
0.817082
0.752808
2.46039
0.926332
1.10706
1.42849
1.08189
1.0149
1.35482
0.866193
1.73569
1.20727
0.741852
0.635555
0.875077
0.907364
0.977528
0.641231
0.929896
1.84959
0.980089
0.874316
1.01067
0.760807
0.884095
0.776165
1.63229
1.54735
1.11399
1.26707
1.70025
1.3068
1.05226
0.965697
1.54089
0.677242
0.477776
1.51902
1.18052
0.429428
0.586068
0.494998
0.796775
0.904641
0.63138
0.897277
0.848112
0.568548
1.54676
0.657857
0.78154
1.37148
0.821316
0.550838
0.760188
0.799438
1.17796
1.28591
1.47609
0.858934
1.49165
1.50382
1.2547
0.743031
0.77385
0.372725
0.744022
1.26175
0.526731
0.975484
0.815447
0.732053
0.62919
0.462326
0.674282
1.29231
1.38668
0.788815
0.884627
0.832552
0.293846
0.690242
1.12366
0.8321
0.808741
0.686489
1.09431
0.610064
1.54814
0.868053
0.541746
0.898445
1.19683
1.06733
1.32252
1.14867
0.940109
1.08246
1.62748
0.816176
0.530545
0.644734
0.875732
0.758124
1.10862
0.934304
0.887679
0.902672
1.03427
1.12524
0.51492
0.777497
0.901784
1.75962
1.48732
0.543791
0.947881
1.07493
1.82382
0.845528
0.89469
1.15366
1.12785
0.705387
1.5218
1.37103
1.14787
1.0637
1.36108
1.37167
1.12008
0.772924
0.571655
0.837811
1.72385
1.03202
0.641004
1.12736
0.700117
0.518981
0.544174
0.922728
1.07553
1.58296
0.642504
0.761645
0.702204
0.514548
1.10878
1.10894
1.24071
0.910196
1.30896
2.11475
0.658986
1.08818
1.01078
0.512443
0.788344
0.654166
0.687469
0.888899
1.19792
0.563715
0.714326
0.612651
0.51804
1.23009
0.915928
0.689506
0.685116
0.795403
1.18056
0.933972
0.648159
0.916885
0.50589
0.71511
1.14134
0.744239
0.74825
1.21774
0.937856
0.383659
0.839957
1.05673
1.16186
0.950821
0.832734
1.1452
1.07789
0.874045
0.542366
1.62621
0.574166
0.910203
1.15214
1.12309
0.679336
0.739453
1.03342
0.752262
1.13961
1.49953
0.709483
0.78587
0.866648
0.613409
0.915492
0.650479
1.29563
0.565155
0.528928
0.684777
1.40878
1.11273
1.15754
1.51417
1.35201
0.532737
0.875821
1.38929
0.941936
0.914933
0.306691
1.17237
1.87106
1.39837
1.01164
1.01627
1.45272
0.553416
0.80907
0.921841
0.941751
1.01702
0.951642
1.39588
0.879693
0.639108
0.588615
0.92212
0.917116
1.31574
0.873413
1.5903
1.29808
1.08889
0.736139
1.18767
0.722768
0.761249
1.16069
1.24282
1.15838
1.57862
1.08317
0.705817
1.74364
1.41417
0.887241
1.5227
1.05082
0.951464
1.11956
0.765074
0.496762
0.560572
0.985184
0.767956
1.30213
0.696537
0.981143
1.11529
0.904449
0.796783
0.823316
0.759329
0.589757
0.772513
1.19729
1.49815
1.7999
0.595624
0.703115
0.569463
0.985715
1.79779
1.47561
1.06266
0.909967
1.25965
1.05961
0.618055
0.786826
1.47448
1.04671
0.676628
0.915647
1.34431
0.96444
1.11137
0.547634
0.950317
1.24566
0.702221
1.56306
1.24463
0.679592
0.892565
0.974925
0.940684
0.59279
1.97009
0.94875
1.18274
0.81773
1.40272
0.648026
0.762348
1.06266
0.92272
0.9568
0.704269
1.26763
1.18684
0.618738
1.03445
0.92232
0.909764
0.804481
1.57878
1.0432
0.706613
0.564285
0.834649
0.643976
1.0838
1.04687
1.18018
1.12113
0.819642
1.59025
1.76936
0.789089
1.35855
0.535356
1.36564
0.55723
0.843911
0.532822
1.0391
1.36273
1.0903
1.10293
1.01441
0.780361
1.49316
0.738672
1.3439
0.87948
0.685182
0.98327
0.922013
0.90992
1.32499
0.824316
0.957878
0.719846
1.0667
0.554049
1.30175
1.3944
1.17801
1.06302
0.808513
0.876492
0.740101
1.12337
1.14756
0.917171
0.44283
0.83914
1.22794
0.843177
1.4013
0.983204
1.31805
1.24119
1.11046
0.91664
1.28571
0.955861
0.733867
1.04674
0.954901
1.00306
1.31605
1.14582
0.715572
0.796863
1.78438
0.788486
1.1494
1.35463
1.27482
1.56038
0.846162
0.490208
0.71609
1.00086
0.997769
0.925811
0.696666
0.500772
0.965894
0.647822
0.509654
0.80197
0.790131
0.753037
0.914662
0.766828
0.963814
1.14365
1.20211
1.23866
1.32634
1.46312
0.829379
0.911104
0.783016
0.831602
1.19514
0.658441
0.70783
1.1268
0.596257
1.02983
1.22389
1.00253
1.04165
0.749207
1.24415
1.00963
1.21808
1.25577
1.06997
1.14813
1.13499
1.38252
0.805791
1.00245
1.50807
0.664485
1.13101
1.05257
0.893413
1.18154
1.04973
0.90495
0.459295
0.918938
0.329306
1.17774
1.11201
0.769733
1.19613
1.38204
1.6405
0.753502
1.07393
0.821026
1.11744
0.761882
1.00299
0.898587
0.346594
0.747159
0.482132
0.631864
0.883872
1.06079
0.938277
0.822789
1.07161
0.825488
0.721646
1.907
0.969246
0.594356
0.869198
1.69361
1.21937
1.05668
1.55815
0.757277
0.984959
0.606499
0.685756
0.670668
0.994548
0.977626
1.37489
0.612674
0.636481
1.1089
1.11014
1.56894
1.07731
0.94462
0.766415
0.891509
1.69328
0.856906
0.998198
0.886914
1.08116
1.48272
0.805375
2.90416
1.164
1.02336
0.92304
0.859221
1.25739
0.661932
0.883136
0.958184
0.746789
1.03612
1.07697
0.75554
0.81807
1.09908
1.04969
0.570335
0.526798
0.742191
1.28424
0.810882
0.779308
1.04338
1.39771
0.601357
1.45221
0.803804
1.12721
0.874374
0.689894
0.835848
1.1521
0.434139
1.10361
0.99499
0.899456
0.654585
0.711426
1.11401
0.901677
1.06314
1.30533
1.19439
1.60305
0.83264
1.32245
1.57449
0.892337
0.724824
1.12655
0.600637
0.627765
0.799667
1.08854
1.33199
0.982491
1.12051
1.27204
1.57936
0.617242
0.610134
1.12024
1.24417
0.949741
1.10833
0.511148
1.14055
0.685806
1.70037
0.727951
0.695102
0.946256
1.03463
0.762115
0.772304
0.919556
0.493866
1.15511
0.908603
0.869986
0.654652
0.979003
1.69664
0.909398
0.622229
1.44539
0.96846
0.911464
1.5394
1.2017
0.993251
0.517765
1.22559
0.929335
1.65058
1.24241
0.909809
0.793386
0.94296
0.851668
1.05949
0.818758
0.998594
0.776951
0.63693
1.16522
0.428525
0.819003
0.730192
0.962563
0.391779
1.04647
0.9383
0.909876
0.79843
0.783659
0.494889
1.45615
0.671603
0.463724
1.03734
1.12156
0.513265
0.675547
0.627045
1.02048
1.06848
0.73178
1.10942
0.829751
0.972031
1.23243
1.10267
0.868683
0.996843
0.945884
0.636654
1.45405
0.890864
0.86875
1.07249
1.11921
0.725275
1.23825
0.67576
2.20082
1.11162
0.953364
1.18637
0.89783
0.803233
1.08931
1.42084
1.03262
0.899849
0.801832
1.20027
0.668159
0.783941
0.992257
0.844444
1.51947
1.47369
1.18042
0.786497
0.658932
1.26233
0.917174
1.24565
0.959016
0.392684
1.08205
0.690781
1.20841
0.653653
0.91013
1.00403
0.977085
1.10221
0.763676
1.02204
1.47827
0.488083
1.10013
0.912833
0.80562
1.30604
1.18637
0.992078
0.709186
1.31098
1.02811
0.916387
1.19632
0.549961
0.955367
1.66332
1.08554
1.5337
2.07051
0.853218
0.287076
0.754518
0.642396
1.12554
1.12037
1.06807
1.85639
1.74348
0.491033
1.05309
0.440408
0.75539
1.09483
1.08925
0.688679
1.01816
0.713007
0.939622
0.830851
0.60088
0.792012
0.890286
0.916824
0.876176
1.30323
0.651691
0.795231
1.0624
1.05664
0.844907
0.66903
0.769119
0.95471
0.827324
0.659488
0.684862
0.863545
0.680464
1.29236
0.852483
0.646266
2.43114
1.23306
1.24385
0.621431
0.851442
0.722383
0.869771
0.754551
1.11142
0.846711
1.36557
0.801007
0.98366
0.714202
0.716887
1.14917
0.687545
1.46622
0.632235
0.766252
0.588245
0.705473
1.31634
1.79217
0.911585
1.06418
1.04997
1.03375
0.511211
0.813814
0.637683
0.965903
1.31257
0.60355
0.539558
0.853622
1.27043
1.09188
1.59042
1.53445
0.820674
0.712796
0.632301
1.46103
0.655943
0.698541
1.18992
1.1775
0.388472
1.18316
1.21105
1.38686
0.995521
0.785975
0.675539
0.962767
1.18976
0.945664
1.37644
1.02047
1.1507
0.719479
1.28601
0.620253
1.43511
1.32585
0.805231
1.11871
0.58852
1.03743
0.868073
0.922675
0.875479
0.639908
0.922072
1.15129
0.644033
1.62551
0.893032
1.29545
0.712739
0.761976
1.44046
0.504723
0.97968
0.871105
0.702408
1.42396
1.51688
1.58221
0.949825
0.630781
0.974849
0.74993
1.76103
1.10514
1.60168
1.31165
0.999401
1.2126
0.768509
0.887869
0.853424
0.809364
1.46506
0.854894
0.621716
0.51275
0.393641
1.22102
0.567815
1.06874
0.954561
1.01798
1.2815
1.08943
1.27025
0.97284
0.611121
0.978855
0.554644
1.11778
0.763004
0.805756
0.640623
1.5985
1.43856
0.951599
1.24605
0.776476
1.05043
0.824422
1.19019
0.951999
0.836394
0.563596
0.916634
0.338299
0.650897
0.578193
1.05239
0.748672
1.57405
0.769126
0.843076
1.13609
0.419651
1.05103
1.0513
1.93098
0.886018
1.34536
0.586515
1.12511
0.835581
0.547041
1.15703
1.44106
0.740545
1.22955
1.16586
0.906679
1.3223
0.975973
1.19325
0.68529
0.537524
0.978628
0.524923
1.15969
0.956184
0.813923
0.99575
0.62203
0.541205
1.33833
0.877187
1.13317
1.05101
0.724122
1.66294
0.716395
1.16728
1.12305
0.861353
0.537262
0.994387
1.03738
1.07814
1.60475
0.920927
0.762413
1.40366
0.858112
0.564498
0.777283
1.38303
0.723176
1.17104
0.943608
0.610075
0.795148
0.9063
1.31306
1.28706
1.2021
0.82135
0.64214
0.947721
0.946305
1.09093
0.895795
0.830539
0.838111
2.39706
1.58017
1.64863
1.08492
1.05945
0.992601
1.37876
1.02515
0.975875
0.973868
0.430777
1.25314
0.866308
0.902949
0.346388
0.769704
1.34309
0.98566
0.815387
1.00035
1.01112
0.535741
1.09588
1.27491
1.53743
1.39525
1.09711
0.354857
0.993098
0.959632
1.50789
1.12905
0.833051
1.19121
1.46703
1.4247
1.08195
0.886795
1.13961
1.3104
0.788437
1.17142
0.640639
1.0478
1.14726
1.0358
0.737098
0.782113
0.617802
1.44341
1.43226
0.825327
1.22223
1.02583
1.269
0.754213
1.59892
0.549253
0.975589
0.919261
0.664408
0.971256
1.14491
0.841226
1.1427
1.15516
0.598583
0.40518
1.05769
1.1294
0.910286
1.22758
0.733447
0.871386
1.1303
0.986507
1.30914
1.08481
0.98641
1.44769
0.757963
0.667444
1.22213
1.21125
1.48738
1.41251
0.815225
0.959694
1.52187
1.08991
0.803395
0.607266
1.01122
0.989194
0.924025
0.706348
1.1359
1.10897
0.69216
1.19142
0.737997
0.737302
0.976593
1.39806
1.26006
1.17881
0.688792
1.1486
1.18571
0.906158
2.03755
0.661641
1.00742
1.31024
0.705149
0.767278
0.636971
0.573267
0.667325
0.931331
1.93234
1.2415
1.90172
1.27785
0.775916
0.814394
1.28036
0.663843
1.10038
0.790603
0.638647
0.789467
1.22369
1.00349
0.886785
1.34749
1.29179
1.16309
0.733143
0.648497
0.991604
0.887066
0.687003
0.821333
1.74397
0.802663
0.853826
0.88513
1.80689
0.727898
1.19995
0.566639
1.39428
0.929917
0.888597
0.708724
1.23888
0.720707
1.00636
0.762736
0.872772
0.86156
0.811303
1.34765
1.2654
0.94523
1.42188
0.914772
0.829925
0.943701
0.642749
1.15365
0.491242
1.20094
0.474651
0.84422
0.563353
1.33974
1.30663
1.08473
0.844355
0.70652
0.909905
1.65862
0.858375
0.711485
1.14895
1.10976
1.23397
0.692393
1.31503
0.918601
1.3794
1.58901
0.406443
1.07729
1.22227
1.56399
0.506776
0.917386
1.19825
0.616115
0.446984
0.910953
0.929065
0.64989
0.844404
0.935364
0.776595
0.569844
1.32223
1.01772
1.27744
0.889748
0.897633
0.645568
0.934584
1.29484
0.690866
1.58018
0.538195
1.21901
0.991815
0.854207
0.622909
0.842669
0.552582
1.25531
0.978368
1.26625
0.937054
1.02532
1.05097
0.724163
1.42974
1.07635
1.11181
1.10765
1.29063
0.54622
1.0462
0.751378
0.97051
0.899107
1.07202
1.59848
0.798019
1.2673
0.854605
1.90788
0.867832
0.888461
0.981437
0.815791
0.678011
0.955923
1.4026
0.48296
0.737995
0.297952
1.16668
0.926623
1.30555
0.764164
1.12164
0.84587
1.00757
1.2635
1.20271
0.715
0.722361
0.579815
0.930115
0.866597
0.798129
1.39408
1.0385
1.17309
0.750827
1.01228
0.976289
0.36243
1.04446
0.580741
0.655914
0.982343
1.18849
1.01905
0.562995
0.906391
1.02384
1.24867
1.28122
0.873984
0.85509
0.720179
1.24231
0.921131
2.03421
1.48734
1.81306
1.00662
1.04496
0.842146
1.58274
0.655209
0.483078
0.842125
0.99666
0.936892
1.34384
0.951516
0.380354
1.47668
1.439
0.962494
0.593681
0.741254
0.707059
1.15893
0.828366
1.31629
1.0077
0.50986
0.759897
1.19957
0.86953
1.20723
1.16192
1.1835
0.835698
1.48934
0.988755
1.15265
1.05282
0.534684
1.29218
1.44139
1.02829
0.873389
0.814657
0.647532
1.02105
0.800792
0.899738
0.72892
0.911654
0.722837
0.452483
0.602962
1.34372
0.871718
0.811655
1.03825
1.79368
1.02963
0.726758
1.26151
1.36106
0.759823
1.72863
0.807717
1.14026
1.33621
0.898673
0.684462
0.782501
1.34318
1.86746
1.13019
0.7877
1.27675
0.859823
1.23066
1.15486
0.934873
0.957339
1.16991
0.56539
0.935086
0.486591
1.5913
1.45639
1.20124
1.02048
1.95971
0.955461
1.02831
0.84826
1.63636
0.670673
0.799017
1.44813
0.958062
1.81492
0.691679
1.28399
1.05366
0.524771
0.592169
0.845672
0.964012
1.20467
1.03161
1.01842
0.87884
0.835193
1.26463
1.49483
0.654499
1.02412
1.24302
0.897759
1.15657
0.790781
0.841733
1.14808
1.01344
0.900587
0.736116
0.597644
1.49931
0.800837
0.76426
0.923267
0.815429
1.05471
1.80414
1.32624
1.25283
1.01078
0.707254
1.42244
0.834793
1.09493
0.947282
0.985759
0.926217
0.500279
1.12367
1.69994
0.897312
1.01728
0.672694
1.1679
0.819601
1.01565
0.866039
0.928243
0.692714
1.05054
1.39736
0.907075
1.10756
0.825482
1.18331
1.39695
1.03387
1.04079
0.856522
0.897866
0.92275
1.69426
0.891336
0.98441
1.03532
1.02303
0.834876
0.448903
0.60962
0.583043
0.865375
1.35766
0.810315
1.20183
1.18867
1.39339
1.57189
0.932417
0.703169
1.27132
0.67323
1.10658
0.779245
1.53486
0.788614
1.18372
1.22812
1.13833
1.53396
1.29027
0.780762
1.14646
0.847081
1.122
1.19473
0.646831
1.24585
0.816082
0.910297
1.07537
0.797593
1.73299
1.14331
0.615847
1.45583
1.25804
0.594412
0.719636
1.09605
1.04161
0.46334
1.56286
0.957881
1.44442
1.26897
0.712655
0.898795
0.926928
0.700132
0.781084
0.642939
0.77307
1.0817
0.63185
1.73391
0.869535
0.650985
1.33404
1.33079
0.814729
1.10012
0.976935
0.587706
0.977002
0.518603
1.01345
1.04613
0.827257
1.61595
0.538042
0.901179
1.01601
1.33992
0.821499
0.811394
1.06913
1.47845
1.0831
1.98413
1.30589
1.23764
1.2392
1.00326
1.7378
0.683938
0.545775
1.41643
0.966418
0.824951
0.540259
0.553595
0.942947
0.589551
0.924215
0.829622
1.00184
1.06772
0.783798
1.46095
0.74254
0.952465
0.883335
1.03861
1.06666
1.17996
0.688142
1.92901
0.602843
1.2435
1.13833
0.65468
1.15755
0.927674
0.856691
0.875035
1.67709
0.546556
1.31824
0.85473
1.46396
1.05831
1.44418
0.934157
0.761939
1.0575
0.700141
1.53573
1.69689
0.894055
0.906808
1.00217
1.71682
1.07305
0.989843
0.928852
0.5413
1.04874
0.415884
1.14716
1.01291
1.0711
0.56476
0.660212
0.972519
0.654016
1.0742
0.925424
0.522724
1.21237
0.669332
1.01797
1.29154
0.883744
0.866852
1.26827
0.893253
0.87864
1.12747
1.25471
1.19272
0.749337
1.09626
0.653722
1.1773
1.2351
0.891857
1.04884
0.657571
1.05062
0.910252
0.588138
1.2033
1.44153
0.82508
0.585626
0.629636
0.911242
1.1014
1.85666
1.37016
0.935992
0.916992
1.12815
0.886229
1.24444
0.764417
1.12934
1.18265
0.72949
1.23585
1.69018
1.21215
0.351746
0.882736
1.75859
1.26588
0.633558
0.502409
1.26231
0.771718
0.967299
0.943503
0.456581
1.23742
1.16157
0.900826
0.703309
1.45569
0.765108
1.31828
0.436481
0.645677
1.21576
0.852701
0.835165
1.03091
1.6589
0.804866
1.21216
0.997449
0.775021
1.04484
0.774002
0.843419
1.07974
0.626596
1.03268
1.21086
1.02954
1.01024
1.38996
1.27872
1.50522
1.26599
0.61578
1.09765
0.548429
1.72074
1.40769
0.630708
1.1145
1.17799
1.4196
0.972738
1.61243
0.652442
0.861311
0.948749
1.20977
0.543171
0.946402
1.09797
0.69533
1.02814
0.592124
0.93805
0.784342
1.63165
1.05257
0.995737
1.04837
0.961361
0.566066
0.534189
0.637712
1.04027
0.61662
0.721044
0.810831
1.28443
0.968667
0.739803
0.958387
1.19121
1.02593
0.561957
1.26839
1.14059
0.724536
0.597425
0.992963
0.540383
1.42745
1.06813
1.08354
1.25421
0.875691
0.673431
0.846876
0.69327
0.979276
0.871328
0.877587
1.48964
0.82661
0.729687
0.599986
1.11067
1.54572
1.18879
0.613356
0.65573
0.706316
0.728076
0.500069
1.65219
1.12557
0.670353
1.17797
0.9558
0.85762
0.923713
1.02554
0.863533
1.2709
0.924316
1.16188
0.361527
0.849121
0.634182
1.31769
0.841197
0.836549
1.14554
0.756116
0.839263
1.25458
1.97451
0.536298
1.02592
1.00634
1.33642
1.02291
1.07948
0.795872
1.13989
0.830811
1.3379
0.675004
0.652818
1.08554
0.990363
0.484818
0.565252
0.916023
0.583056
0.377972
0.726588
0.817628
0.746198
1.22037
1.37951
0.769755
0.8535
0.838944
1.25724
0.796721
0.70434
1.08299
0.826002
1.09043
1.10753
1.35329
0.573634
1.02311
0.743025
1.23211
0.972841
0.886929
1.17817
1.09414
1.51842
1.37979
0.837482
0.736038
1.9077
0.629879
0.695656
0.768904
0.890556
0.871698
1.22371
1.00835
1.02093
0.794449
0.632848
1.5519
1.13651
1.10418
1.00007
1.26866
1.22076
0.742518
1.17554
0.840841
0.538752
0.646374
0.936352
0.953589
0.694868
1.39634
0.692796
0.535787
0.884427
0.774427
0.698461
1.18742
1.0332
1.27191
1.17176
1.17609
0.966704
0.729327
1.1191
0.932657
0.980094
1.05224
0.640384
0.779499
0.5709
0.959359
0.854902
0.771462
0.373469
1.295
1.21653
1.02142
0.852156
1.67145
0.930885
0.660607
0.792895
0.894899
1.26981
1.04537
1.0534
0.586856
0.965728
0.578963
1.12253
0.62777
0.736797
1.20334
0.538802
1.18215
1.09016
1.14956
1.21442
1.06783
1.59248
0.917345
0.685684
1.34822
0.936612
0.954569
1.03569
0.839778
0.994804
1.21951
0.783486
0.749461
0.97658
0.533412
1.14453
0.803743
0.895216
0.731744
0.95443
0.828013
1.3015
1.22494
0.784736
0.724895
1.16892
1.10457
0.606937
0.818079
1.25981
1.62419
1.49711
1.00584
1.06212
0.941343
1.26959
1.05923
0.971375
0.765488
0.895833
0.951358
1.37976
1.1913
0.725943
1.24943
0.8269
0.831604
1.13067
0.771007
0.770746
1.35032
0.490556
1.30973
0.87311
1.36116
0.65238
0.556078
0.635694
0.934229
1.23848
1.72996
1.2182
1.31505
1.35989
0.675173
1.12906
1.03205
0.77826
1.38586
1.12233
1.84799
1.54564
0.860304
0.971522
0.944962
0.566432
0.973814
0.677088
0.941461
1.66583
1.09524
1.05144
1.04119
1.6254
0.689352
0.601382
0.973652
1.67465
1.0787
0.782564
0.752044
1.3079
0.66494
1.8468
1.23003
0.861974
1.19485
0.981848
1.38342
0.667911
0.918842
1.14251
1.27894
1.02938
1.1263
0.64618
1.13032
1.04938
1.12576
0.656358
0.979763
0.692857
0.85329
0.8129
1.43465
0.678141
0.766351
0.627226
0.852065
0.828291
1.40914
0.785219
0.545052
1.15916
0.691525
0.82633
1.62645
0.664543
0.683438
0.918434
0.823845
0.759742
1.38318
0.549548
1.57528
2.41051
1.01506
0.630244
0.935688
1.01608
1.155
1.25475
1.01108
1.09634
0.754862
1.04485
1.78841
0.657645
0.769054
0.844256
1.16658
1.22768
0.704888
0.796189
0.664027
1.2181
0.524601
1.72972
1.09829
0.96636
0.695464
0.815139
0.696402
0.660474
1.5445
0.505278
1.30029
0.756782
1.30103
0.805185
1.26019
1.02101
0.429217
1.21679
0.85099
0.887733
0.794807
1.01289
0.735366
1.47712
1.12931
0.946415
1.06277
1.48717
0.563078
1.0446
0.96267
1.18734
0.734268
0.966055
0.955931
1.29699
0.740597
0.904004
0.658536
0.787683
0.829447
0.855658
1.18126
0.59553
1.10092
0.675008
1.06082
1.05564
1.13859
1.04176
1.1502
0.907826
0.85646
0.957038
1.03416
1.07761
0.569024
0.871917
1.6695
0.954952
0.995273
0.690588
0.638694
1.19434
0.972618
1.34783
1.40385
0.561454
1.53306
1.27157
0.449784
1.54
1.24799
0.526552
1.42759
0.63784
0.837515
0.896266
1.078
0.687381
1.13571
0.867629
0.845509
1.14905
0.670131
1.03949
1.45964
0.679821
1.23663
0.778502
0.804216
0.601403
0.688758
0.821793
1.02533
1.17931
0.736152
1.20094
1.16708
1.34093
0.945762
1.0076
1.10373
0.950878
1.59803
0.59395
0.820203
0.837442
1.33806
1.4191
1.17826
0.918226
1.33566
0.771999
0.972937
0.689723
0.846853
1.44232
0.521789
0.722334
0.944621
0.510092
1.31865
0.999932
0.502674
0.870734
0.994529
1.66014
0.633038
0.685279
1.357
0.447325
0.587379
1.04933
1.40472
1.08064
1.75599
0.728312
0.742799
1.00891
0.77272
0.965836
1.09868
0.797167
1.29192
1.31602
0.822276
0.643055
1.68297
0.552176
1.03313
1.24497
1.22719
0.702078
0.675494
0.991762
1.76167
1.33842
1.38699
1.60392
1.40595
1.20739
1.26638
0.527853
0.939691
1.20847
1.01772
0.538939
0.793324
0.6112
1.02054
0.67187
0.721804
0.880539
0.747938
0.797492
0.86488
0.715886
0.850274
0.831178
0.831356
0.833098
0.637013
1.09889
0.936372
1.25869
1.14668
1.15978
0.956957
1.08087
1.01345
0.787996
0.962957
1.432
0.600658
0.811242
0.720098
1.22758
0.479821
0.500051
0.784563
1.07111
0.947518
1.14914
0.760985
1.24306
0.841746
1.21506
0.709457
0.694224
0.816843
0.935428
1.28848
1.21511
0.863255
0.988615
0.661441
0.378431
0.900417
0.928587
0.802823
1.09294
2.10288
0.983291
0.972765
1.02063
1.65558
0.61803
1.30054
1.1287
0.914878
1.05726
0.748017
0.917418
0.595677
0.79059
0.858067
1.14476
1.23499
1.36598
0.859525
1.48288
0.676693
0.658392
1.09634
1.03434
1.05552
0.933365
0.829855
0.804628
0.733152
0.942189
0.856456
1.09444
1.0038
0.542059
1.00342
0.97738
0.907455
0.980756
0.964435
0.658606
0.787774
0.894649
0.637713
0.786453
0.960777
0.593673
0.522402
1.42893
0.826617
1.10266
1.08861
1.40765
1.13889
1.40729
1.22433
0.587783
0.406838
1.03022
0.604845
0.798655
1.2003
0.589732
0.53132
0.773715
1.08814
0.748282
1.14242
1.43407
0.828475
0.947893
0.843926
1.41663
1.03521
0.944414
0.913546
0.498279
0.953565
1.05639
0.811509
0.871747
1.34581
1.29283
0.861652
1.06392
1.25328
0.880372
1.49016
0.555935
1.13461
1.33451
1.6907
1.65008
0.314161
0.794783
0.645994
1.15606
1.02341
0.84378
0.792967
1.03209
0.975719
0.877115
1.27351
1.73291
1.13595
0.636991
0.805443
0.493591
1.33658
1.8064
0.862621
0.837509
1.27428
0.664387
0.850587
0.866874
0.97532
1.0664
0.775168
0.98205
1.13646
0.863735
1.31514
1.05482
1.91225
0.760983
0.948475
1.64213
0.885332
0.769338
0.883367
1.16461
0.758295
1.78959
1.03692
0.464698
1.54223
1.17099
1.39715
1.42901
0.906993
1.11378
1.2563
0.599445
0.939054
0.934898
0.708744
0.675749
1.42978
0.852754
0.896987
0.848871
1.09961
1.02966
0.845275
1.45819
0.557385
0.872273
1.19911
1.19329
1.0283
0.695657
1.8588
1.67181
0.763222
1.46868
1.59446
0.942904
1.17296
1.44381
0.773069
0.640493
1.29252
0.494073
0.776236
0.833942
0.944816
1.19565
1.001
0.888917
1.3018
1.50506
0.891012
0.77819
0.800423
1.15596
0.975678
0.980285
1.80015
1.36238
1.32139
0.67331
0.827152
1.0274
1.26713
1.13743
0.875652
0.988786
0.738032
1.12639
1.49167
0.975149
0.714163
1.64655
1.00992
0.943955
0.836505
1.07287
0.948888
0.782351
1.15317
0.845156
0.66011
0.905588
0.52673
0.820724
0.951097
0.702196
0.906456
0.991639
1.10749
0.93644
0.66475
0.631458
1.02281
0.571193
1.01839
1.40514
0.765652
1.01802
1.11846
1.74795
1.41597
0.606029
0.908046
1.17221
0.603831
0.987205
0.93208
1.83382
0.656104
0.84681
1.21203
1.10833
1.03541
0.90917
1.18561
1.75564
0.862281
1.14372
0.864742
1.01934
0.859321
0.793311
1.04171
0.833215
0.832902
0.993341
1.15254
1.12929
1.02088
1.20307
0.949307
1.3675
1.12156
1.17411
1.04407
0.925209
1.0977
1.96431
0.681585
1.53242
0.767594
0.762714
0.555481
0.697874
0.766636
1.03196
0.932798
1.44253
0.798169
1.13648
0.689506
0.851356
1.27509
0.74446
1.07469
1.64515
1.29803
0.572102
1.10463
1.13584
1.06157
0.671904
1.25532
0.896769
0.914558
0.751154
1.30296
0.960606
1.05753
0.853748
0.877934
0.679915
0.636574
1.14958
0.892207
0.995691
1.28717
1.21769
1.05107
0.605244
1.31974
1.34477
1.60028
0.706488
0.654007
0.695184
0.917789
1.08943
0.733985
1.56953
0.643078
1.00532
1.18232
0.597604
1.12839
1.05391
0.715686
0.768256
1.61928
1.01463
0.88851
0.482987
0.934216
0.494465
0.557611
0.865549
0.884882
0.871474
0.465412
0.809146
1.08285
1.4283
1.55432
0.660084
0.764876
1.14988
1.22107
0.898354
1.19094
0.873131
0.914822
1.14525
1.49076
0.807102
0.48101
1.38521
1.04114
0.932988
1.23332
0.71776
0.779577
1.53553
1.26611
0.679789
0.960681
1.00116
0.937451
0.701228
1.0386
1.21134
0.696868
0.556061
0.528625
1.15757
0.677244
0.846698
1.49062
1.33948
0.880979
1.15236
1.50476
0.898658
1.60001
1.03312
0.74378
0.778749
0.790792
0.710939
1.10591
1.03975
1.12066
1.53682
1.23062
1.12716
0.888199
1.06688
1.22756
1.11448
0.552853
1.32478
0.871007
0.916555
0.996798
0.744024
0.870867
0.57928
1.19191
1.04846
1.08856
0.68714
1.51957
1.0242
1.50903
0.563693
0.867829
1.70618
0.466531
1.30628
0.681891
0.878122
0.995786
0.787142
1.34954
1.72097
1.17706
0.473083
1.24227
0.974578
1.376
0.629572
1.57221
1.0793
0.757794
0.85811
1.33533
0.845545
0.844983
0.643611
0.965336
0.810645
1.06787
0.698921
1.26398
1.3927
0.940574
1.18436
1.28415
0.744617
0.959731
1.21848
0.916331
1.25121
0.901423
1.21657
1.02075
1.36453
1.39973
0.96643
0.76451
1.27625
1.51041
0.609103
0.674595
0.767368
0.992709
0.678489
0.608975
1.43195
1.29449
1.0162
0.996199
1.0424
0.742387
1.71372
0.659091
0.861231
1.37934
1.01389
1.01101
1.16008
0.812697
1.47413
0.574655
0.848315
1.02868
1.00042
1.04195
0.935662
0.975804
0.677002
1.21959
0.973237
0.639466
1.60959
0.724936
1.17681
0.578981
0.88698
1.78965
1.01938
1.00013
1.63819
1.45241
1.31164
0.789274
0.718033
0.500338
0.658421
1.42034
0.998976
0.575294
0.532147
0.751129
1.14601
1.55264
0.829851
1.84713
0.825827
1.31214
1.11888
0.708853
1.4026
0.741223
0.674649
0.553604
0.665071
1.40636
0.637477
0.76621
0.960933
0.877625
1.11763
0.688466
1.03421
0.984733
0.689628
1.57216
0.64591
1.08175
1.28424
0.859173
0.425153
0.486491
1.1561
1.47096
0.638723
1.11575
0.725039
0.700901
0.981743
0.61892
0.821284
0.836248
0.704681
1.22909
1.03654
0.834241
0.383701
1.59618
1.25223
0.684994
0.820279
1.24586
0.822941
0.881486
1.16496
0.574653
2.27792
1.61908
0.751934
1.30207
1.30642
0.691763
0.876812
0.788971
1.25482
0.812536
1.14423
1.0256
0.805463
1.04543
1.42647
1.15032
0.65957
0.615918
1.63343
1.22177
0.77468
1.13616
0.952975
0.619864
1.07935
0.730628
0.918775
1.32474
0.721929
0.536277
0.977425
0.469335
1.03616
0.662162
0.762412
1.56538
1.25162
0.980096
0.941248
0.911874
0.827622
0.960308
0.467675
1.4171
1.31555
0.559117
0.985753
0.909311
1.2469
1.46056
1.50632
0.765867
0.691999
0.763627
1.55165
1.06403
0.695538
0.437606
0.80597
0.981297
1.23857
0.927298
1.05175
1.26869
0.631517
1.2531
0.701159
0.610292
0.475567
0.786834
0.648926
1.27491
1.05014
1.41451
1.03569
1.1408
0.990813
1.11824
1.17437
1.05844
0.863775
1.34565
0.997856
0.517097
0.945376
1.13183
1.58389
0.823356
1.02702
1.29164
1.04924
1.25244
0.903871
0.961461
1.45011
1.21877
0.885093
1.17789
1.53443
1.14108
0.815621
0.872866
0.882146
1.02864
0.900518
1.58098
0.715314
0.924937
0.916404
0.653072
1.60982
1.22741
0.747399
0.722941
0.969038
0.451186
0.822632
1.39465
0.432356
0.922903
0.971621
1.03651
0.901879
0.572563
1.06841
0.624042
1.03874
1.03123
0.915131
0.897553
0.371169
0.98842
0.777362
1.07641
1.12322
1.27681
0.791242
0.5116
0.607413
0.867128
0.685958
0.881521
1.52923
0.593734
0.893514
1.16056
0.645769
0.81988
0.539059
1.03972
0.98974
1.43462
0.986338
1.19495
0.471609
1.21176
1.08509
1.03802
0.724128
1.17729
0.946498
1.26982
1.36164
1.80629
1.15417
1.02864
0.898044
0.512727
0.794915
0.63398
0.98072
0.937021
0.86474
0.897657
0.509381
0.98072
1.69338
0.961114
1.15054
0.788866
0.883549
1.67764
1.15988
1.43085
0.825873
1.60066
0.843238
1.46148
1.13066
0.68949
0.908292
1.62081
0.801427
1.174
0.421727
0.73686
1.17668
1.14832
0.840479
0.532984
1.0938
0.750837
1.18924
1.00781
0.810384
0.884213
0.686272
0.599042
0.785598
1.16874
1.44588
1.22314
0.805463
1.17672
0.645334
1.04146
0.992869
0.994644
1.19589
1.00693
0.524153
1.67401
1.12544
1.60474
1.40827
0.977052
1.19297
1.02013
0.555164
1.55839
0.979834
0.803298
0.895469
0.862915
0.960836
0.903338
1.11699
0.59267
0.897282
0.824204
0.902788
0.76734
0.947674
0.381998
0.293013
0.498152
0.866018
0.911777
1.22737
0.758905
0.679287
0.865707
1.27873
0.91038
0.477121
1.27101
0.922737
0.578601
1.2258
0.708318
1.75064
0.920635
0.902876
0.818546
0.838968
1.23748
1.10059
1.87577
1.5335
1.1032
1.42583
0.861634
1.21358
0.893456
0.636776
1.13525
0.887741
0.811892
1.32324
1.00366
1.71648
1.16922
1.58701
1.26664
1.00828
1.22512
0.997827
1.07412
1.29118
1.07776
1.10263
0.808531
1.12251
1.66997
0.922959
1.62137
0.643894
0.502223
0.938355
1.15695
0.926498
1.49738
0.935032
0.870279
0.856877
0.429244
0.716657
0.87261
1.39591
0.978451
1.02092
0.641958
0.98031
0.906546
0.649862
1.32771
1.39477
1.1265
1.20599
0.803183
0.865695
0.927036
1.09903
1.56943
1.245
1.25621
1.59917
0.651143
1.00385
0.997063
1.22851
0.582132
0.719952
0.8025
1.28522
0.91357
1.0739
1.01071
0.969389
1.09462
1.15873
2.17629
1.17785
1.06973
1.55427
0.66133
0.572614
0.756629
0.515785
0.719831
1.01939
0.723173
0.746591
0.896542
0.652525
1.55829
0.455913
0.701008
1.60685
1.00527
2.05791
0.905435
1.29569
0.875874
0.85302
0.902989
0.921041
1.48817
0.879867
1.29383
0.654779
0.829857
1.04674
0.861666
1.05939
0.709315
1.03786
1.08236
0.524352
0.889877
0.991534
1.44167
1.08045
0.652805
1.13682
0.793896
0.900839
0.984504
0.444881
1.5161
1.28874
0.953228
1.16838
0.796971
0.992398
0.876353
1.26059
0.869197
1.75698
1.16969
0.567696
1.17681
1.19368
1.33272
0.780408
0.57794
1.55496
1.28014
0.529561
0.895062
0.967021
0.790105
1.3928
0.763228
0.963522
0.872555
0.644778
0.767146
0.907099
1.26857
1.02315
0.726549
1.46809
0.546747
1.18123
0.746109
0.687868
0.721927
0.688435
1.17719
0.838049
0.496107
0.714528
1.13484
0.508958
1.51496
0.677704
1.22278
1.16751
0.697244
1.01253
0.948728
0.79468
0.633329
0.833205
0.564626
1.00726
0.389113
0.909236
0.828287
1.24238
0.724232
1.27399
1.26103
0.659422
1.10459
0.681132
0.309265
0.677133
1.4486
1.93445
1.19251
1.2213
0.604357
1.65987
0.901899
1.43038
0.570457
0.712069
0.918871
1.44618
0.621909
0.79007
1.28767
0.890223
1.19312
1.01288
1.22212
0.682771
1.52187
1.29082
1.1669
0.63916
0.615377
0.804113
0.467337
1.0584
1.11635
0.643263
1.70162
1.29728
1.47372
1.12503
0.829898
0.97824
1.25649
0.831679
1.15746
1.08206
0.809109
1.05552
0.971702
0.647275
1.24117
1.45958
1.17626
0.881274
1.15138
0.871484
0.495058
0.6747
1.0905
0.753528
0.887893
0.984001
0.877947
0.792457
0.957467
0.418649
0.856662
0.977885
0.756726
0.641573
0.905681
0.483295
0.717042
0.632735
0.898478
0.89245
0.657691
0.954978
1.35701
1.33392
1.44236
0.402079
0.969523
0.997198
1.2372
0.593165
0.402773
0.969475
0.753045
1.28257
1.17439
1.85702
0.685262
0.655243
1.14284
0.785204
0.358056
1.49584
0.866878
1.28457
1.37774
0.869347
0.861744
0.897488
0.978925
0.876033
1.05887
0.63621
0.818411
0.785076
1.26745
0.830028
0.548634
0.785103
0.942321
1.51357
1.22558
1.00732
0.858532
0.638313
0.80429
1.26748
0.932327
0.917775
0.817523
1.58089
0.876094
1.14394
1.06247
1.07957
0.814894
1.1427
1.35079
0.683944
1.43924
0.722447
0.344889
1.01591
0.95046
1.01062
0.664793
1.06877
1.89774
0.59439
1.32924
0.800293
0.56397
1.87434
1.35312
0.853781
0.664793
1.05656
0.951776
1.31018
1.00494
1.31936
1.39269
1.24459
0.479666
1.24962
1.11318
0.442861
0.925271
0.850256
1.10548
1.15243
0.877568
1.67058
0.552645
0.996843
0.957616
0.738956
1.15516
1.03708
1.33531
1.82765
0.836868
0.832264
1.47633
0.964589
1.52845
1.69373
1.06458
1.02566
1.32037
0.586389
1.4649
0.683743
0.413309
1.53108
0.857033
0.761401
1.1227
0.559513
1.18513
1.12878
1.2599
1.15637
0.976977
0.92864
1.00208
0.538305
1.25862
0.866678
1.27081
1.27707
0.449123
0.886438
1.08335
0.88132
0.747693
1.27045
1.58873
0.712751
0.791559
0.754573
0.717748
1.65963
1.19891
1.40131
0.894857
1.0868
0.785448
1.09815
0.85559
0.652202
1.59431
1.04515
0.710458
1.93152
1.21574
1.33676
1.67236
1.39716
1.3896
1.41892
1.22771
0.742855
1.11029
0.644373
1.23892
0.994531
1.49951
1.17324
1.15456
1.01056
0.610205
0.932131
0.947113
1.33789
1.0788
1.24553
1.28711
0.785678
1.19508
0.522605
0.643034
1.85929
0.809843
0.662023
0.427664
0.715937
0.638857
0.910265
1.01239
0.898639
1.34281
1.08946
0.468176
1.47012
0.700467
1.09799
1.64295
0.920755
0.55944
0.944079
0.685956
1.59755
0.505687
1.16199
1.10472
1.79685
0.533533
1.08918
1.10245
0.414571
0.691029
1.2101
0.855222
1.13484
0.89618
0.8338
0.447476
0.953802
1.21569
0.538962
1.10819
0.939716
0.876143
1.0382
1.03695
0.571093
0.825944
1.17387
0.674603
0.62679
1.09442
1.29322
1.22471
0.742192
1.45179
1.0257
0.857322
0.439401
1.34924
1.22082
1.01093
0.651031
0.658299
0.997959
1.14502
1.74821
1.42151
0.638682
0.97444
0.818724
1.1633
1.2061
0.768164
1.00344
0.672346
1.63117
0.980302
0.907394
0.950883
1.06988
1.14892
0.814052
0.885493
1.37888
1.2011
1.68831
1.48234
1.35217
1.51577
1.09762
0.671503
1.35213
0.690356
1.24707
1.04966
0.75984
1.33732
0.942026
1.10543
0.860106
0.703002
1.00885
1.24152
0.669047
1.48418
0.579199
0.485402
0.412742
1.20613
0.870015
0.88095
1.14499
1.3521
1.44736
1.10211
0.81703
1.60445
0.954943
0.979723
1.55294
0.806026
0.837789
0.751247
1.47915
1.03508
1.78621
0.908256
0.912171
1.32918
1.26643
1.22874
1.1625
0.757644
0.846189
1.31732
1.18302
0.746611
0.940733
1.22881
0.847614
0.680047
0.855068
0.851922
1.2452
1.06508
0.710763
0.854402
1.22514
0.999756
0.775779
1.15781
0.932697
0.976838
1.67294
1.17743
0.961914
1.02429
0.669042
1.43841
0.918058
1.60839
0.8605
0.967006
1.15234
1.02249
0.910402
0.618683
0.492324
0.78314
1.27073
0.511128
0.658589
1.21855
1.76893
1.57648
1.08702
0.9455
1.02324
1.07527
1.69089
1.31221
1.26346
0.842035
0.952261
0.781062
1.57154
0.83241
1.21684
0.717796
0.715628
0.938794
1.14612
1.67195
1.19219
1.66274
1.40454
1.82139
1.6262
1.53852
0.481937
1.28014
0.978742
0.824309
0.826016
0.933766
1.50892
1.00878
0.894173
0.786973
1.24293
0.674724
1.11854
1.00951
0.644474
1.18734
0.690558
1.91747
0.898424
1.08611
0.997342
1.06227
0.946794
0.882562
0.90225
1.12913
0.716954
0.572723
0.943723
0.802359
0.688094
0.941468
1.32173
1.45906
1.45096
1.36566
1.18839
1.89242
0.779418
1.31521
0.629644
1.20693
1.43106
0.859576
0.608688
0.929948
1.09339
0.893829
0.791606
1.76758
0.571553
0.67313
1.21749
0.9692
1.02554
0.552731
1.32082
1.18124
0.94591
0.771328
1.15783
1.26666
0.933837
1.03024
1.13873
0.5996
0.941339
1.43725
0.859242
1.12537
0.900773
0.90333
1.03327
1.18639
0.715498
0.490629
1.15267
1.23482
0.903463
0.583554
1.4576
0.777039
1.23861
1.13027
0.963799
1.17796
0.785467
2.09242
0.944786
1.25806
1.24264
0.861279
0.837112
0.48747
1.2019
0.564358
1.34033
1.48285
1.46837
0.840309
1.05486
0.551087
0.661324
0.810667
1.50638
0.931073
1.2495
0.881882
1.44315
1.23153
0.966058
1.15253
1.016
0.827282
1.18495
0.531611
1.65733
0.59326
1.17761
0.843421
0.763937
0.880667
0.610804
1.30006
1.07728
0.9914
0.703743
1.20012
0.938764
0.534258
1.08081
1.04256
0.429721
1.05415
1.17183
0.820607
1.30236
1.00173
0.747234
0.930492
1.32094
0.866347
1.28211
1.02599
0.755651
0.635002
0.762391
0.877473
0.62215
0.902205
1.39325
1.40872
0.434429
0.521321
0.669125
0.73708
1.46995
1.08211
0.784432
1.07573
1.36306
0.913354
1.10005
0.849664
0.61278
1.52621
1.04834
0.899015
0.634624
0.482109
1.07027
0.737778
1.09436
0.965261
0.776995
0.631735
1.0436
0.704439
1.07361
1.10607
1.13453
1.38286
1.15046
0.97961
0.418069
1.25697
1.18295
1.12733
0.65332
0.928775
0.95865
0.790707
1.29676
1.38062
0.82408
0.677648
1.5286
0.665427
1.57027
1.28278
1.17722
1.34705
0.579558
2.08315
1.12595
0.965001
0.476554
0.623243
1.30724
1.10346
0.482184
1.44227
0.878612
1.18062
0.856412
0.720308
1.0501
0.463758
0.551385
1.00972
0.460089
1.10985
0.983546
0.932514
1.1724
0.78585
1.03317
0.973166
0.763761
0.846833
1.44405
0.542199
0.523726
1.31785
1.19834
0.820958
0.775163
0.53716
0.606678
0.573646
1.00397
1.1581
1.43362
0.842338
0.855075
1.46077
0.919371
1.03473
0.339986
1.05648
1.20696
1.67037
1.03447
1.01464
0.990787
1.29725
0.579846
0.959809
0.821882
0.507058
0.672616
1.27202
0.826787
1.67885
0.891972
0.725052
1.05903
0.74672
0.785932
1.62915
1.32571
0.740309
1.54615
0.459277
0.592464
1.30731
0.961128
0.886998
1.20969
0.972195
1.3356
1.28569
0.845014
0.716305
0.956052
1.25696
1.06362
1.45987
1.11714
1.08106
0.627587
0.640723
0.581867
0.686641
1.47799
1.41507
0.943285
1.31588
0.568214
1.12455
0.896469
1.55255
1.23938
1.12192
0.791538
1.02122
0.678409
0.691058
0.920092
0.760424
0.648703
0.912633
1.08874
1.30466
0.312124
0.604312
1.43028
0.901885
0.761012
1.16275
1.16958
0.773336
0.808257
0.819061
1.57559
1.13022
0.714869
0.817951
1.30891
0.935221
0.647491
1.28821
0.943245
1.98414
1.07348
1.59793
1.07389
0.612885
0.886856
0.692484
0.682631
0.694229
1.22837
1.25452
1.1121
0.560274
0.973846
0.756381
1.05508
1.30152
0.793362
1.09405
1.22675
1.39383
0.754219
0.909039
0.870498
1.13482
0.920661
1.23759
0.456347
1.109
1.85461
1.20642
1.36147
1.13221
0.624273
1.33645
0.85718
1.74888
0.771137
0.72581
0.768318
1.1749
0.916626
0.208069
1.36752
1.23454
2.07837
1.0707
1.38134
1.07699
0.960543
0.55692
1.60543
0.863127
0.966323
1.22026
0.740106
0.948495
0.951462
0.829705
1.26756
1.05102
0.773817
0.83314
0.495569
0.377054
0.915263
0.559485
1.0418
1.22693
1.82038
0.741855
0.86894
1.0794
0.768485
0.633369
1.09342
0.862588
0.878262
0.86907
0.704015
1.43569
1.76852
0.989684
1.10463
0.937846
1.09395
1.94675
0.744182
0.813125
0.716482
0.502198
1.03238
1.02886
1.05384
0.872032
0.530359
1.0679
0.494778
1.27149
1.06821
0.67196
0.512761
0.782393
0.51318
0.579129
1.35049
0.652151
0.720109
0.960157
1.04921
1.16137
1.31846
1.21389
1.25777
1.36761
1.63613
0.594749
0.587737
0.940795
0.680805
1.75843
0.708494
0.968361
0.94688
0.889645
1.04099
1.71685
0.825238
0.602465
0.789151
1.09242
0.93995
1.46731
0.521387
0.530022
0.676063
0.846193
1.12187
1.17098
1.2048
0.939249
1.7077
0.821839
1.27138
0.925186
1.31591
1.09529
1.14088
0.933328
1.23672
0.724281
1.07804
1.05974
0.682358
0.741382
1.13687
0.939495
0.626669
1.29035
1.80968
1.35061
0.868615
1.12706
0.661195
1.08011
1.27752
1.02486
1.1397
1.17978
1.3048
1.12902
1.50471
1.11647
1.36883
0.691618
1.10282
1.37822
1.3846
0.881775
0.986028
0.370193
0.620337
1.25212
0.88777
1.23692
0.381751
0.742534
0.882523
1.0565
0.683598
1.0943
1.91916
0.75873
0.683535
0.931546
1.33613
0.557358
0.964742
0.466734
1.37861
1.20188
0.714925
0.437891
0.90387
0.413593
1.38198
1.0215
1.41957
1.2878
0.652061
0.974509
0.755286
0.813945
0.967546
2.02696
0.616054
0.641038
1.21395
1.14049
0.877252
0.718362
0.94974
0.767462
0.781666
0.989279
0.908842
0.989021
1.78232
1.07336
1.10435
0.651385
0.823484
0.906832
1.1157
1.40737
0.707903
0.924009
1.49743
1.24443
1.3599
1.43218
1.46524
0.721928
0.484301
1.29869
1.05323
0.45094
0.771877
1.5543
1.19512
1.20088
0.764089
1.16428
1.63927
1.10466
0.947557
0.754006
0.896384
1.19413
0.934025
0.782639
1.6438
0.868429
0.695836
0.622873
1.17172
1.28712
0.625283
0.775312
0.736006
0.93377
0.782207
0.982853
1.27205
1.22665
0.769057
0.903397
1.04699
0.795038
1.59872
0.781273
1.32245
0.73333
0.996822
0.581285
1.2193
0.708585
1.42443
1.10634
0.862729
1.40911
0.647849
0.855274
0.846185
0.921493
0.827869
1.45235
0.918676
1.04685
0.654361
0.742111
0.479714
0.917497
1.20557
1.50326
0.715504
1.70918
0.560967
1.22527
0.736936
1.08793
1.16109
0.941081
1.1824
0.937787
0.671857
0.763327
1.12049
0.816205
0.666698
0.723543
0.387925
1.25533
0.490654
1.19453
1.33219
0.649414
1.06067
0.944288
0.847291
0.750302
0.978478
1.04939
0.788116
1.28923
0.611291
0.893077
0.734322
0.838708
1.36984
1.25988
1.05116
1.04561
1.17165
0.509443
0.760579
0.596789
1.04795
1.25638
0.846542
0.52533
0.976424
0.641137
0.655532
0.615029
1.306
0.935786
0.632856
0.785742
0.902334
1.00742
1.03788
1.11687
0.517375
0.644568
0.727745
0.325502
1.13676
0.571952
1.19852
1.02331
1.26271
0.612567
1.32566
0.993541
0.946799
0.629887
0.862792
1.16477
0.576406
1.36705
1.02861
0.82285
1.03029
1.61322
0.821905
0.945968
1.0183
1.53127
0.904547
1.08476
0.958822
0.952537
1.11193
1.42179
0.827727
1.276
0.864924
1.13061
1.21557
1.33157
0.929161
1.49746
0.634586
1.26882
1.10655
0.851622
0.896268
0.76591
1.129
0.739812
1.4188
1.24106
1.09183
0.749475
1.22599
1.29115
0.956767
0.856241
1.33774
1.17857
0.93814
0.687784
0.871604
1.13276
0.780675
0.564656
1.00388
1.26474
1.80945
0.814338
1.74366
0.589875
0.808853
0.597804
1.06166
1.2499
1.40041
1.43365
1.03935
0.69454
0.898458
0.696225
0.767041
0.953237
0.929941
1.8073
0.512508
1.44329
0.846618
1.41434
0.844379
0.865439
0.533346
0.737912
1.03393
0.781273
0.533837
1.29008
0.874776
1.26371
1.02697
0.858632
1.29437
0.895288
0.853362
0.689329
0.962733
1.47655
0.798151
1.42982
0.606209
0.869371
0.821908
1.00528
0.450219
1.12871
0.936373
1.15954
1.15992
0.75418
0.721186
1.20436
0.50222
0.884148
1.13642
1.06004
1.26251
0.483594
1.20666
1.44159
0.68016
1.01819
0.828269
0.888149
1.15608
0.688864
0.917819
0.643295
0.875055
1.18273
1.27947
1.45929
0.641185
1.59172
1.11038
0.961125
0.788754
0.505147
0.909263
1.44784
0.640143
0.806832
1.2255
1.28457
0.750507
0.79068
1.14352
0.584249
0.547827
1.21768
0.812912
1.10784
0.495359
1.00664
0.864424
0.664974
1.07631
0.607418
0.589615
0.695124
0.523692
0.872051
1.13564
0.990038
0.518236
0.414641
0.880455
1.03088
0.990028
0.77945
0.878916
1.47524
0.800375
0.930403
0.901741
0.556884
1.41911
1.23988
1.21038
0.976807
0.749598
0.552719
1.09744
0.964445
1.47457
0.763814
0.789485
1.18709
1.21028
0.687862
0.785134
1.36968
0.714689
0.45426
1.0242
1.329
1.54418
0.624972
0.921622
1.05641
1.00864
0.783533
0.706869
1.08167
0.617803
1.25505
1.16768
1.1382
0.968537
0.699891
0.579543
1.10955
1.11463
1.53347
0.677879
0.557033
0.563105
0.828872
1.45419
1.00899
1.19796
0.906409
0.716433
1.39491
0.74746
0.823822
0.925605
0.73674
0.731871
0.98494
0.723421
0.56453
0.96262
1.0453
0.818667
0.91808
0.646345
1.08932
0.690943
0.611935
0.955556
0.82865
0.650652
0.471071
0.892252
0.779261
1.35401
0.893273
0.978836
0.553884
0.8841
0.995509
1.13814
0.906948
0.331365
1.5891
0.905562
1.07833
0.82432
0.825902
0.853992
1.30709
0.553989
1.32179
1.3533
0.869344
0.711065
0.87613
0.724763
1.07506
0.637637
0.665762
0.576315
0.607889
0.914652
1.10277
1.01933
1.06692
1.5359
1.25536
0.727968
1.01295
0.698593
1.71535
0.632967
0.54108
0.875546
1.08999
0.927487
1.16792
0.981976
0.629663
1.03966
0.854908
1.13403
1.0638
1.25179
0.797213
0.750779
1.13541
0.737973
0.868767
0.945128
1.00136
0.752069
1.27564
0.711441
0.866327
0.642624
0.680688
1.03641
0.877108
0.803916
1.19384
1.24989
1.03221
0.703976
1.13995
0.868894
1.34404
1.40886
1.39418
0.876054
1.23724
0.95946
1.05511
1.26374
1.4982
1.19882
1.57199
1.56742
1.27126
1.1386
0.952522
0.750753
0.707382
1.1708
1.14103
1.17667
1.26639
1.43683
2.3223
1.49931
0.603335
0.925602
1.40878
0.998937
1.19779
0.726246
0.942359
0.656661
0.88549
1.08251
1.18071
0.829157
0.916222
0.780605
0.818723
0.950843
0.764887
0.949452
1.31078
0.98355
0.87039
1.03741
0.763644
0.979583
0.885422
0.506655
1.31479
0.983065
1.71631
0.728688
1.19544
0.618844
0.799716
1.89152
0.93616
1.30182
0.813191
0.694926
1.09857
1.96509
0.98298
0.755939
0.734467
0.723186
1.33401
0.704902
0.870838
0.821449
1.12317
1.59447
0.641094
1.26467
1.1304
0.526098
1.21605
1.3607
1.25045
1.11946
1.20911
0.456115
0.553735
0.562211
0.806766
0.849018
1.25917
0.794975
1.02905
1.55476
0.803517
1.07307
1.11062
1.38787
0.939914
1.14937
0.991569
1.19858
1.50165
0.756682
1.03415
0.481639
1.09517
0.640968
0.907389
1.08683
1.2083
0.731146
1.10099
0.789145
0.83337
1.46896
1.07811
0.989056
0.339448
1.43335
1.21545
1.36088
0.592342
1.41722
0.918184
0.863461
0.801208
1.3826
1.12418
0.897406
1.53968
1.49463
1.04778
1.02389
0.640973
0.824058
1.06439
0.715825
1.0435
1.08691
1.24786
1.18605
0.600763
0.720001
1.0011
0.965915
0.710114
0.815694
1.63972
1.58012
0.999648
1.71046
0.879554
1.05121
1.76785
0.998863
0.923713
0.716285
0.710712
1.41895
1.07172
0.816063
0.66085
1.16976
0.937842
0.939455
1.03395
0.969261
0.846825
1.22758
1.11801
0.898015
0.774188
0.999031
1.3028
0.572802
1.475
0.731467
0.955697
0.707511
0.872976
1.18718
1.05002
0.771533
1.28095
0.922785
0.802879
0.86248
0.782448
0.424732
1.26421
0.933805
0.643214
1.25676
0.696278
1.28944
0.822535
1.35801
1.06141
0.525529
0.921315
1.88771
1.17967
1.27066
0.7544
0.941614
1.27942
0.945993
1.21965
0.989855
0.841167
0.939981
1.00691
1.83102
0.453771
0.812172
0.882478
1.40824
1.14507
1.1227
1.02657
0.695983
1.15748
0.919602
1.68951
0.901968
0.682169
1.57298
0.919027
0.821058
0.919684
0.83719
0.534622
1.76841
1.19027
0.763908
1.30952
1.09754
0.603023
1.15898
0.662826
0.856934
1.50265
1.18769
0.607069
1.13644
0.6257
1.19803
1.27419
1.09601
0.472777
0.638012
1.15771
0.672584
0.758498
0.914717
1.14331
0.657107
1.34499
0.831376
0.693812
1.03916
0.739354
0.604596
0.890717
1.01268
0.704812
0.561198
0.826536
0.725255
0.358609
1.34035
1.25183
1.28224
1.0999
1.09668
0.757948
0.367398
1.15025
1.00848
0.860288
0.771384
1.03017
0.692596
0.863127
1.19649
0.663963
0.764082
0.694059
1.31484
0.717316
0.8289
1.01918
1.04778
1.85953
0.928518
0.708273
1.01512
1.00247
0.802892
0.960807
1.09263
1.01512
1.28116
1.30761
0.683669
0.97695
1.01878
0.783572
0.684201
0.784931
0.973333
1.81799
0.8206
1.29388
1.23237
0.495859
1.0476
0.752952
1.27617
1.40164
1.03742
1.27918
0.779672
1.02128
1.18525
0.962855
1.25934
1.33447
1.03786
0.988821
1.17774
1.8676
0.777286
0.516303
1.23702
0.866127
0.658502
1.26777
1.09487
0.756267
1.10273
1.44128
1.14359
1.19228
0.873293
1.45154
0.880022
0.742201
1.10652
1.03616
0.901152
1.5911
1.54757
0.922415
0.512257
1.20982
1.10671
0.788952
1.30337
0.843913
1.17935
0.825428
1.02824
0.822862
2.21926
1.51209
1.05764
0.899048
0.991894
0.696301
1.27111
1.54711
1.23952
0.673548
0.794717
1.16371
0.412935
0.747196
1.17683
0.966821
0.723907
0.722751
0.627076
0.827564
1.32969
0.840569
1.49241
1.08148
1.15785
0.700338
1.31404
0.703381
0.940809
1.57713
0.823387
1.30782
1.32818
0.439408
1.67288
1.13921
1.15356
0.714609
1.10827
1.28527
1.15098
0.511228
1.39486
0.679522
1.21632
1.14117
0.847027
1.36886
1.34144
1.11216
0.672557
0.697914
0.876122
0.679543
1.07419
1.05182
0.510499
0.726282
0.935346
0.896218
0.898494
1.25225
0.752289
0.626678
0.803041
0.581565
1.10968
1.19401
1.21074
0.78276
1.0707
1.05301
1.23907
0.646599
1.29859
0.960084
0.83182
0.885378
0.613305
2.32826
0.795712
1.30514
0.664781
0.86241
1.23309
1.4493
0.957102
0.542992
0.977866
0.847579
1.08027
0.976147
0.723566
1.54313
0.579244
1.00554
0.583992
0.751127
0.843511
1.03867
0.550851
0.554583
1.10249
0.880211
0.978291
0.783924
0.633636
0.857151
1.89117
0.844287
0.873568
1.27377
1.07796
0.73698
1.00411
0.738537
1.46405
1.3223
0.874901
0.576899
0.767598
1.10402
0.60943
1.4674
1.35699
1.00674
1.236
1.35955
0.72441
0.603142
1.08204
1.04192
1.12203
1.03078
1.24853
1.13564
1.07105
0.79246
0.73008
1.25334
0.807184
0.636612
1.00647
0.628925
0.695022
0.887678
0.428924
0.857951
1.45652
1.16424
0.551314
1.11976
0.843271
0.888527
1.4731
1.17319
1.15148
1.31891
1.34609
0.690507
0.949308
1.18611
1.08363
1.42381
1.06109
1.52226
1.07066
1.30011
1.23562
0.985643
0.88386
1.02947
1.07684
0.602463
1.44477
0.94184
0.833877
0.789527
1.43649
0.842253
0.735741
0.601915
0.564113
0.814927
1.94728
0.434273
1.13204
0.749407
0.500788
1.15634
1.24575
0.606341
1.07178
1.31743
1.65839
0.658211
1.31365
1.25525
0.730081
1.05129
0.738501
0.884846
1.01236
0.5624
0.638341
1.75082
1.03274
0.553432
1.11758
1.21522
1.29049
0.483248
1.27559
1.03644
0.841789
1.36075
1.49274
1.46501
0.783196
0.532596
1.41437
0.736013
1.13862
1.42551
0.99191
0.733049
1.38814
1.36195
0.821455
0.96994
0.900406
1.10054
1.13234
0.79756
0.601839
0.740515
1.26292
0.92106
1.45048
0.582964
1.08527
0.597875
1.31295
1.12319
0.641535
1.05089
1.81986
0.88736
0.53592
0.556907
0.84744
1.11098
0.797471
0.987949
1.06212
0.69385
0.998297
0.680042
0.945127
1.59904
0.53248
0.691156
1.41958
0.696925
0.988527
1.11701
1.03265
0.994166
0.801832
1.10443
1.79977
1.79911
0.842087
1.00136
1.10249
0.645961
0.602355
1.23637
0.783779
0.6907
1.2446
0.807413
1.08743
1.16632
0.769828
1.41289
1.20663
1.53526
0.875876
1.04873
0.962507
0.699017
0.457223
1.05359
0.672558
1.12697
0.866431
1.98085
0.555415
0.851867
0.88878
1.05944
0.500934
0.768142
1.05357
1.34669
0.984839
1.22437
0.940541
1.23748
0.377902
0.472246
0.654531
0.719947
0.700139
1.28416
1.15352
0.790172
0.875661
0.670891
0.815258
0.761653
1.102
0.662774
1.5664
0.777276
1.36114
0.856482
0.856473
1.38946
0.574977
1.00342
1.20747
0.897131
1.12286
1.42233
0.607911
0.775902
0.548266
0.835458
0.865621
1.2444
1.2715
1.06557
1.06024
0.722028
1.53272
1.42137
0.727153
1.01947
0.754779
0.842726
0.88655
0.854013
0.969571
0.775844
0.549301
1.60906
0.799397
1.07239
1.54888
0.490037
1.41342
1.31509
1.8285
0.959937
0.603036
0.798307
1.37568
0.698669
1.32045
0.933569
0.726294
0.488215
1.10157
0.809517
0.867029
0.755939
0.644884
0.945957
0.710573
1.17925
1.15786
0.910488
0.89016
1.26771
0.971957
0.838309
1.01545
0.98579
0.75382
0.897821
1.01491
0.968718
0.74022
0.755877
1.19568
1.34161
0.942787
0.758094
1.08583
0.499514
0.788632
0.704849
0.67286
1.13554
0.929021
0.727115
1.13305
1.15517
0.666624
0.884718
1.30374
1.51041
1.37956
0.87638
0.609966
0.545287
1.11686
1.357
1.23949
1.22179
1.31205
0.845089
1.46597
1.33391
0.925225
1.35072
0.541686
1.19497
0.653124
1.54935
0.816932
1.80037
0.367534
1.06432
0.658839
0.833836
1.18378
1.90085
1.18661
1.28375
0.544047
1.39047
1.21926
1.04184
1.1661
0.99291
1.54637
0.830569
2.2733
1.4951
0.768962
1.02847
1.17708
1.21025
0.790553
1.27148
0.385135
1.15699
0.796147
0.883542
1.05339
0.860082
0.548491
1.12977
0.686232
0.794861
1.02489
0.977066
1.08015
0.856347
1.45083
0.960089
1.14634
1.41932
1.02139
0.567179
1.32989
0.811064
0.769878
1.68382
0.924261
1.26555
1.48719
0.836961
0.703159
0.736181
2.17001
1.72833
0.982776
0.716567
1.24064
1.75913
0.664147
1.07932
0.938608
1.26704
0.924
0.964556
1.05917
0.723875
1.06896
0.887897
1.24561
1.28791
1.3785
0.347825
0.97173
0.769114
0.633634
0.960906
1.16674
0.942843
0.849748
0.962348
0.934164
1.57199
0.930283
0.964174
1.51937
0.977222
0.816905
0.763983
0.912883
0.764657
1.01808
0.648475
0.894926
0.697527
0.901106
1.09762
2.12962
1.45871
0.654015
0.896956
0.969756
0.92909
1.43528
0.552984
0.711367
0.618228
0.603856
0.7773
0.962057
0.604496
0.97843
0.619472
1.10147
0.65215
1.67552
1.0411
1.154
0.871707
1.48369
0.887305
1.29025
1.66198
0.692331
1.41692
0.918266
0.60091
1.09501
0.871408
1.27086
0.632662
0.454406
1.18542
1.05726
0.547801
0.555753
1.86823
0.673243
0.663088
0.561077
1.47103
0.98259
1.19045
0.943173
0.822747
1.14251
0.804849
0.897565
0.858586
0.940701
0.744152
0.92489
0.397378
1.04876
0.464345
1.26833
1.15487
0.57837
1.53185
0.825365
0.712786
1.23702
0.93417
0.72888
1.56043
0.931946
0.475742
0.63452
1.4585
1.22629
0.911882
0.940231
0.825067
0.631463
0.529535
1.07383
0.824955
0.442525
0.857986
0.843536
1.10708
0.643867
1.33009
0.626214
1.2726
0.724924
1.21547
1.17912
0.876079
0.805798
0.704356
0.932839
0.87068
1.41412
0.540693
1.02347
1.40818
0.578163
0.747833
0.835071
1.83964
1.1938
1.44206
1.45317
1.10519
0.763577
0.945693
0.846274
0.884481
0.77165
0.60802
1.2837
0.803067
1.52752
0.937079
0.796459
0.964738
1.06422
1.61894
1.11514
1.39509
0.967728
1.42143
0.697588
1.05347
0.956252
1.08169
1.19664
0.866949
1.39646
0.437942
1.22896
0.550911
1.74557
1.02941
0.946836
0.969527
0.828408
1.44375
1
0.788451
0.892885
1.16198
1.28455
0.881637
0.922268
0.926447
1.39764
1.78679
1.2689
0.694145
1.46603
1.28472
0.885868
1.39115
1.27621
0.982922
0.816897
1.06562
0.67183
0.553313
0.992957
1.18119
0.698422
1.21885
0.871555
0.996353
0.941908
0.889417
1.58843
1.1072
0.950717
1.95115
1.12893
1.12034
0.807379
0.789784
0.625625
1.37895
0.693946
1.08256
0.824056
1.76521
1.4689
0.933065
1.54411
0.856528
0.80694
0.624002
0.953322
0.617266
1.10694
1.1257
1.21274
0.985894
1.12385
0.846382
0.784326
1.89054
0.599605
0.950566
0.696438
1.05133
0.636413
1.05281
0.880661
1.54409
1.03237
0.968509
1.24942
1.32993
0.921006
0.821858
0.700591
1.16363
0.852224
1.62329
1.13741
1.00861
0.610428
1.09491
0.977458
0.821952
0.446275
0.762727
0.890784
1.07818
0.829132
1.06466
0.668069
0.688309
1.39995
1.08414
0.35502
0.626675
0.95263
0.793983
1.1709
0.663561
0.61506
1.14205
0.850969
0.95012
0.983015
1.38053
0.949756
0.453096
0.675972
0.65881
1.09606
0.848071
0.968928
0.898316
1.53149
0.770317
0.885441
0.800875
0.903226
1.39581
0.809143
1.13452
0.527358
1.25333
1.10455
1.47852
0.741596
0.669385
0.29476
0.759008
0.788164
0.709086
0.849898
1.36811
1.47692
0.861249
0.651282
0.628902
1.29389
0.706104
1.77152
0.72377
1.42401
1.7525
0.655714
1.68667
1.38208
0.904875
0.964234
1.38866
0.979854
1.04466
0.621869
1.18895
0.575912
0.953816
0.603967
1.09796
0.7835
1.18771
1.2728
1.11166
0.442486
1.04467
0.91123
0.768067
0.891111
1.30735
1.65483
1.29752
1.01684
0.973046
1.07046
1.53661
1.05518
0.701853
0.790955
0.847148
1.98161
0.72192
0.717266
0.752934
1.02922
0.966766
1.0022
0.765538
0.918344
0.714607
0.585746
1.14635
1.66385
0.975971
0.875913
1.64374
0.759847
1.65793
0.448408
0.853001
0.520163
0.744081
1.00505
1.16803
0.665881
0.50386
0.913123
1.01301
1.54357
0.756267
1.25321
1.30809
0.928865
0.80135
0.631066
0.889274
1.12151
0.55968
0.880483
1.09075
1.91627
0.815817
0.881413
0.923992
1.08083
1.75693
0.996017
1.25395
0.831361
0.876609
1.15149
0.849623
0.419973
1.12483
0.556407
0.513778
1.06408
0.76987
1.05151
0.992188
0.710264
1.35267
1.2781
0.970412
1.25088
1.4543
0.555164
1.65327
0.752698
0.654264
1.38906
1.08743
0.765266
0.480854
1.13755
0.962898
1.14137
0.684976
0.801081
0.931254
0.631094
1.22278
0.813741
0.612461
0.932311
0.908878
0.76607
1.4362
1.60291
1.2438
0.848048
0.785155
1.53169
1.17221
0.470335
1.07729
1.93237
0.964411
1.30221
0.802613
0.67984
1.52035
0.518443
0.93378
0.965323
1.10941
1.05015
0.833383
0.712932
1.27479
0.928636
1.20799
0.915752
1.0659
0.545088
1.2087
1.06677
1.11848
1.42212
1.25891
1.63457
0.984705
1.26028
1.17695
0.661178
1.47142
0.767826
0.924737
1.09582
0.851595
1.08838
1.23977
0.733044
0.957847
1.06138
0.871747
0.576413
0.686196
0.692657
1.01042
0.919953
0.92138
1.10985
1.10319
0.918141
0.742476
1.39889
0.49514
0.860104
1.26175
0.888937
0.859892
0.845646
1.08839
0.876403
1.24676
0.895
0.927769
0.753122
0.751957
1.1349
1.57712
1.33863
1.10437
1.01726
1.09663
1.00803
0.849764
1.29105
1.00711
0.584768
0.718086
1.02483
1.07754
1.16252
0.715519
0.84141
0.776397
1.11533
1.29155
1.17266
0.541655
1.32075
1.01802
0.841071
0.729607
0.863878
0.50531
0.772539
1.00388
1.24309
0.987269
1.04623
1.55616
0.697154
1.42897
0.755324
0.991714
1.06218
0.685816
1.0576
0.506494
0.866191
0.660747
0.783528
0.918152
0.916154
1.30385
0.616583
1.06683
1.25979
0.964938
0.964222
0.874482
0.982465
0.846887
1.05941
1.30667
1.03035
0.727889
1.63909
1.04592
0.845871
1.72428
0.713863
0.562832
0.857871
1.03979
1.17895
0.931023
1.24922
1.28672
0.245593
1.62209
0.725081
1.04901
0.908367
0.742386
1.1762
1.2108
1.07719
0.717996
0.87737
1.61103
1.48477
0.543145
1.54583
0.983745
1.33635
1.09729
0.709315
1.46787
2.0605
1.14701
1.20543
1.02511
1.26931
1.27285
1.1502
0.689397
0.906781
0.823993
0.838611
1.52609
1.08759
0.584152
1.66475
0.65943
1.53947
1.48477
0.80769
0.875246
1.68485
0.741175
0.880361
1.1503
0.834961
1.2955
1.3696
0.46839
0.889571
0.797931
0.978752
0.898748
1.31558
0.845492
0.612882
0.775563
0.530132
1.37022
1.3402
0.827488
1.32008
0.718623
1.2981
1.12844
2.21018
0.790444
0.785944
0.702843
0.740626
1.1861
0.640414
1.18906
0.947258
0.831843
0.601218
0.512013
1.17242
0.906821
0.742574
1.00768
0.749602
0.730116
1.01813
0.925354
1.64228
0.757253
1.5057
1.05251
1.28486
1.05945
1.08359
0.58677
0.694435
0.639017
1.55924
0.972065
1.32107
0.652778
0.570491
0.994765
0.661765
1.21036
1.0833
0.99514
1.35017
0.952407
0.864362
0.941571
1.63449
1.36909
0.999438
0.96877
2.19583
0.603423
0.989257
1.20813
1.33877
0.843808
1.13885
1.66305
1.43103
0.614121
0.487696
1.10656
0.697341
0.967354
1.67199
0.804198
0.763325
0.921376
1.019
1.02554
1.14317
0.819594
0.71313
1.94055
1.26915
1.11878
0.827274
0.791159
0.821977
0.69263
1.08362
1.18328
1.19453
0.998524
1.19057
0.839758
1.21242
1.29913
0.97175
0.563529
1.29181
0.64214
1.13259
0.826191
1.40136
1.11928
0.941565
1.02522
1.04039
0.845103
1.19277
1.2098
1.34617
1.07849
0.892805
0.689083
1.61161
1.65883
0.952777
0.34864
1.17385
0.924802
0.669881
1.61479
0.997831
0.899188
0.944809
1.2411
0.876417
0.615641
0.673323
0.785444
1.0769
0.874848
1.22936
0.888689
0.629761
1.1132
0.725198
1.75187
1.03869
1.20783
1.58181
1.05461
0.911005
0.448895
1.49276
1.04941
0.897252
1.20325
1.28543
0.948263
0.845268
1.46762
0.669288
0.423604
0.683204
1.11395
1.10026
1.31633
1.81328
0.799735
0.889703
0.879817
0.761609
0.943924
1.11059
0.663414
0.922543
0.931568
0.702443
0.538343
1.36007
0.765818
0.674976
1.0176
1.01684
0.869244
1.95272
1.37383
0.541406
0.998713
0.42806
0.828361
1.24108
0.948786
1.03921
1.01922
1.44086
0.905823
1.16642
1.05516
1.12793
0.800595
1.05735
0.790217
1.43513
1.02383
1.39445
0.846812
0.697178
1.62485
1.08374
1.07114
0.638979
0.791406
0.864272
0.679412
1.0342
0.749345
0.720457
1.34284
0.605117
1.18274
1.10601
0.910605
1.10026
1.13317
0.689755
1.03497
1.0651
0.700054
0.853468
1.56794
0.751912
1.11039
1.35577
1.55049
1.45107
1.27989
1.34292
1.29281
0.830344
1.36965
1.19688
0.834587
1.14276
0.880136
0.85995
1.78351
1.33664
0.885667
1.03621
0.81505
0.83701
1.15594
1.63421
0.892824
0.702817
0.682302
1.01736
0.537339
1.79865
0.542465
0.937398
0.991878
0.596358
1.07562
1.06693
0.778431
1.17198
0.825709
1.55965
1.12209
0.79231
1.35568
1.24148
0.730135
0.547266
1.31961
0.802415
1.34052
1.08986
0.588958
0.887659
1.25597
0.625626
1.8741
0.798131
1.47952
0.792791
0.956316
0.976229
1.71827
1.49539
0.915287
1.4214
0.730087
0.751061
1.12923
1.07367
1.35332
1.26382
0.696739
0.763876
0.710089
0.855545
0.909573
1.18965
1.35661
0.54645
0.81951
0.58881
0.916409
0.833889
0.98984
1.39832
1.30754
0.56266
2.0633
0.751595
0.754187
1.0308
1.16727
0.872495
1.22182
0.988662
0.922958
1.52322
1.33959
0.691806
0.567995
1.05104
0.771851
0.702244
1.10469
0.952051
0.894761
1.68403
1.24946
1.03729
0.748813
1.00557
0.718699
1.14377
0.716765
0.723806
1.2739
0.920327
1.46944
1.08279
1.13687
1.70206
0.850885
0.841592
1.03664
0.753833
1.23716
1.02864
0.992559
1.6824
1.1467
1.27769
0.693421
1.15472
0.904198
0.926902
0.746454
1.19429
1.21591
0.734735
1.13222
0.924819
0.912689
0.939798
1.31643
0.989703
1.13406
1.10343
1.14138
0.937796
0.673818
1.33939
1.03975
0.538204
1.30551
0.849251
0.724132
1.87577
0.729162
1.0936
0.93316
1.19676
1.80321
1.27478
0.627026
0.669402
1.0015
0.639948
0.823797
0.76474
1.01546
0.825843
1.12294
1.18485
0.696891
0.873476
0.967946
0.974069
0.799462
1.24026
0.98558
1.1288
0.790893
0.889822
1.30602
1.19112
0.85163
1.06359
1.03651
0.754824
1.03339
1.11313
1.68988
0.468092
0.785181
1.05446
0.621309
0.441375
1.36126
1.21928
0.999708
0.985294
1.21485
1.06117
1.20251
0.932942
0.861657
1.11058
0.857567
0.836221
0.670286
1.10639
1.18453
0.564151
0.784534
0.96996
0.715752
0.679048
0.821221
0.431563
1.21857
0.828375
0.560617
0.691608
0.820717
