-0.0351882
-0.227321
-0.322564
-0.364428
-0.374315
-0.344455
-0.373689
-0.372572
-0.358058
-0.370086
-0.374861
-0.395109
-0.391984
-0.40677
-0.446259
-0.459763
-0.383846
-0.340782
-0.240332
-0.304534
-0.318729
-0.353213
-0.346988
-0.37682
-0.369806
-0.328869
-0.292149
-0.383317
-0.447477
-0.459448
-0.446344
-0.363388
-0.295972
-0.34912
-0.309961
-0.347734
-0.383835
-0.380113
-0.360568
-0.345287
-0.385279
-0.402191
-0.407585
-0.439017
-0.417495
-0.389227
-0.413312
-0.435329
-0.377736
-0.382232
-0.370312
-0.362153
-0.37774
-0.353951
-0.363198
-0.400324
-0.414265
-0.362001
-0.429234
-0.383796
-0.420525
-0.395364
-0.370456
-0.366749
-0.462114
-0.464356
-0.486579
-0.51042
-0.506834
-0.55212
-0.523211
-0.45857
-0.404379
-0.39535
-0.361778
-0.390723
-0.378472
-0.416974
-0.353129
-0.39412
-0.411741
-0.388574
-0.33912
-0.378125
-0.355937
-0.369177
-0.400772
-0.356689
-0.429408
-0.416346
-0.355172
-0.326321
-0.418788
-0.347549
-0.361509
-0.361417
-0.422395
-0.410242
-0.426895
-0.434986
-0.50676
-0.463484
-0.405034
-0.409584
-0.409826
-0.39914
-0.348351
-0.349242
-0.367352
-0.389728
-0.390091
-0.377249
-0.419901
-0.436637
-0.450815
-0.468099
-0.475318
-0.418515
-0.437085
-0.441753
-0.46828
-0.549136
-0.51482
-0.539814
-0.520451
-0.49631
-0.474309
-0.473466
-0.506956
-0.465295
-0.499529
-0.428091
-0.290213
-0.331119
-0.397724
-0.438842
-0.457038
-0.378316
-0.479543
-0.431495
-0.451645
-0.383044
-0.428555
-0.440218
-0.438825
-0.441466
-0.415267
-0.386511
-0.434922
-0.470058
-0.481761
-0.51039
-0.441121
-0.456098
-0.448237
-0.485137
-0.494872
-0.400921
-0.428401
-0.414489
-0.438255
-0.374868
-0.366744
-0.352901
-0.318737
-0.357379
-0.312853
-0.381659
-0.381048
-0.391149
-0.403005
-0.419903
-0.431791
-0.467136
-0.345824
-0.417573
-0.440354
-0.442646
-0.421111
-0.414348
-0.440443
-0.405947
-0.468468
-0.401973
-0.329177
-0.342733
-0.393912
-0.314471
-0.377809
-0.370862
-0.477443
-0.435495
-0.452519
-0.444421
-0.410365
-0.415497
-0.452955
-0.376704
-0.402785
-0.450446
-0.470444
-0.390499
-0.40039
-0.395941
-0.394795
-0.363257
-0.399176
-0.451439
-0.445361
-0.45212
-0.48054
-0.490894
-0.4544
-0.500403
-0.573682
-0.472998
-0.471387
-0.512121
-0.42874
-0.442523
-0.471698
-0.34931
-0.382692
-0.360898
-0.37953
-0.401705
-0.359306
-0.406278
-0.418904
-0.390266
-0.388459
-0.328395
-0.337013
-0.315809
-0.351905
-0.370633
-0.414293
-0.370459
-0.319971
-0.342901
-0.348029
-0.346746
-0.348632
-0.425682
-0.453933
-0.495801
-0.484116
-0.490683
-0.525161
-0.445632
-0.472716
-0.43693
-0.311366
-0.325524
-0.401135
-0.412059
-0.444745
-0.450084
-0.425291
-0.471234
-0.46466
-0.360053
-0.407528
-0.367643
-0.374787
-0.311172
-0.320374
-0.329111
-0.314372
-0.399472
-0.400692
-0.380986
-0.389616
-0.42038
-0.434374
-0.426535
-0.428633
-0.425649
-0.433816
-0.469162
-0.487135
-0.413481
-0.454503
-0.430719
-0.407324
-0.430359
-0.451881
-0.440439
-0.411616
-0.379362
-0.397023
-0.378367
-0.408796
-0.434915
-0.456796
-0.429257
-0.398237
-0.403088
-0.357472
-0.343299
-0.344179
-0.314121
-0.345165
-0.396191
-0.374553
-0.419927
-0.461712
-0.38915
-0.345906
-0.407618
-0.464924
-0.440342
-0.482018
-0.473352
-0.444073
-0.44615
-0.473531
-0.472048
-0.477961
-0.479834
-0.475451
-0.484
-0.476651
-0.382481
-0.418277
-0.455122
-0.372947
-0.436445
-0.42596
-0.414743
-0.416111
-0.476453
-0.461956
-0.465182
-0.420962
-0.396047
-0.369
-0.440168
-0.437523
-0.415804
-0.38368
-0.350794
-0.336661
-0.332073
-0.337533
-0.332233
-0.334258
-0.340296
-0.340103
-0.352581
-0.383488
-0.420626
-0.38878
-0.346981
-0.306753
-0.394322
-0.453743
-0.437576
-0.4381
-0.404718
-0.420724
-0.408771
-0.394607
-0.436398
-0.439965
-0.441659
-0.462905
-0.366603
-0.371716
-0.426581
-0.41051
-0.441913
-0.331203
-0.419326
-0.443634
-0.464161
-0.486077
-0.459906
-0.46931
-0.45816
-0.476335
-0.463566
-0.479807
-0.517478
-0.560694
-0.563261
-0.523457
-0.455643
-0.445679
-0.439213
-0.431482
-0.449745
-0.460978
-0.451807
-0.5114
-0.473134
-0.453319
-0.414713
-0.457422
-0.473461
-0.483242
-0.423084
-0.452561
-0.425679
-0.40822
-0.503654
-0.440584
-0.446978
-0.412152
-0.421551
-0.404838
-0.390535
-0.44937
-0.433401
-0.400458
-0.363313
-0.382853
-0.385966
-0.437788
-0.451328
-0.446981
-0.406142
-0.423219
-0.4237
-0.332549
-0.42108
-0.43506
-0.375042
-0.399207
-0.345476
-0.417013
-0.437805
-0.425727
-0.410119
-0.398991
-0.436503
-0.385682
-0.424926
-0.372909
-0.395331
-0.398687
-0.321732
-0.380138
-0.355818
-0.36086
-0.411646
-0.366621
-0.392796
-0.50376
-0.456148
-0.438805
-0.440765
-0.47642
-0.430022
-0.377266
-0.337128
-0.433056
-0.418224
-0.450417
-0.507622
-0.463246
-0.527979
-0.405705
-0.376473
-0.355402
-0.322517
-0.34179
-0.358785
-0.380397
-0.35468
-0.328481
-0.319244
-0.32907
-0.327595
-0.348768
-0.378107
-0.397248
-0.404153
-0.452409
-0.439183
-0.434422
-0.399162
-0.444636
-0.379939
-0.389557
-0.400304
-0.390047
-0.358553
-0.428568
-0.372143
-0.384839
-0.386208
-0.391107
-0.418605
-0.416031
-0.418359
-0.434806
-0.373763
-0.394272
-0.393012
-0.421903
-0.4469
-0.391481
-0.399987
-0.40196
-0.392492
-0.404819
-0.412271
-0.378377
-0.384758
-0.442754
-0.366817
-0.376011
-0.407986
-0.421199
-0.370367
-0.418934
-0.450988
-0.393078
-0.410626
-0.477022
-0.483706
-0.468687
-0.434279
-0.365034
-0.435501
-0.423592
-0.419017
-0.51894
-0.438847
-0.465854
-0.474213
-0.42817
-0.298347
-0.411373
-0.417881
-0.392775
-0.378239
-0.349994
-0.361284
-0.361006
-0.412382
-0.324448
-0.338411
-0.341581
-0.343267
-0.361256
-0.349975
-0.392533
-0.441463
-0.431657
-0.424443
-0.384144
-0.369546
-0.484158
-0.510219
-0.536392
-0.539959
-0.527586
-0.55331
-0.428845
-0.481218
-0.505566
-0.59489
-0.51527
-0.567007
-0.550886
-0.506165
-0.429815
-0.382001
-0.429219
-0.405769
-0.385231
-0.413298
-0.355638
-0.38339
-0.404464
-0.39222
-0.414187
-0.425832
-0.462097
-0.432882
-0.358154
-0.358589
-0.412752
-0.422318
-0.412137
-0.422781
-0.3984
-0.402925
-0.369183
-0.342226
-0.353199
-0.362307
-0.370535
-0.357564
-0.365166
-0.38954
-0.343241
-0.392807
-0.406463
-0.411683
-0.416792
-0.380605
-0.392958
-0.375245
-0.393288
-0.362172
-0.36024
-0.450688
-0.364836
-0.380416
-0.372053
-0.370269
-0.357308
-0.38856
-0.39733
-0.341517
-0.309219
-0.36525
-0.377052
-0.355651
-0.325375
-0.417053
-0.38455
-0.365934
-0.414926
-0.434181
-0.395416
-0.452967
-0.493477
-0.508895
-0.476423
-0.431461
-0.4838
-0.421907
-0.414295
-0.387279
-0.398632
-0.451204
-0.454588
-0.421416
-0.406987
-0.495176
-0.513743
-0.516908
-0.47477
-0.493405
-0.496546
-0.481872
-0.46492
-0.411767
-0.387259
-0.380226
-0.352299
-0.367132
-0.325151
-0.35877
-0.345917
-0.408601
-0.430407
-0.43583
-0.391737
-0.395147
-0.392495
-0.385662
-0.378117
-0.401003
-0.39581
-0.355399
-0.373236
-0.422248
-0.386559
-0.426259
-0.408993
-0.40815
-0.377298
-0.434619
-0.457526
-0.431466
-0.392991
-0.405073
-0.442223
-0.423886
-0.479124
-0.433047
-0.474427
-0.469145
-0.479626
-0.399994
-0.415594
-0.42408
-0.419844
-0.375494
-0.383246
-0.359465
-0.314471
-0.373586
-0.398548
-0.463764
-0.432501
-0.388553
-0.408406
-0.36331
-0.368964
-0.424115
-0.434944
-0.478563
-0.600682
-0.638466
-0.650192
-0.631761
-0.580903
-0.530271
-0.548816
-0.47208
-0.455532
-0.360953
-0.379243
-0.400577
-0.422365
-0.43016
-0.411375
-0.359675
-0.364942
-0.40606
-0.325148
-0.340116
-0.387117
-0.362534
-0.414664
-0.398412
-0.40307
-0.453669
-0.398325
-0.371389
-0.373362
-0.366917
-0.354572
-0.400696
-0.412886
-0.393681
-0.355127
-0.417437
-0.351605
-0.361969
-0.381372
-0.401534
-0.386487
-0.393191
-0.378658
-0.392079
-0.380429
-0.384746
-0.422218
-0.440094
-0.433937
-0.390087
-0.389877
-0.424472
-0.419449
-0.416531
-0.42928
-0.394931
-0.436081
-0.430155
-0.471831
-0.418873
-0.45583
-0.46944
-0.483582
-0.496241
-0.501191
-0.472439
-0.42706
-0.448134
-0.399761
-0.405326
-0.317299
-0.372639
-0.435212
-0.412992
-0.428341
-0.405283
-0.485596
-0.425197
-0.428338
-0.396926
-0.428582
-0.467648
-0.429733
-0.470026
-0.471932
-0.436125
-0.417089
-0.430555
-0.458501
-0.48991
-0.473083
-0.454115
-0.41545
-0.402734
-0.42715
-0.501789
-0.420054
-0.400043
-0.403243
-0.41563
-0.424503
-0.412532
-0.418284
-0.385105
-0.367911
-0.412557
-0.377342
-0.389857
-0.402311
-0.443
-0.455887
-0.439709
-0.422778
-0.420388
-0.422308
-0.486808
-0.447566
-0.476087
-0.4274
-0.438805
-0.447113
-0.424998
-0.399821
-0.444968
-0.410595
-0.428731
-0.429956
-0.415639
-0.453014
-0.417253
-0.41852
-0.401446
-0.412018
-0.449141
-0.452258
-0.434693
-0.391954
-0.391242
-0.405738
-0.397411
-0.382557
-0.414569
-0.445113
-0.445437
-0.411699
-0.418316
-0.416375
-0.43432
-0.417571
-0.437371
-0.430294
-0.405658
-0.396891
-0.381257
-0.444828
-0.385479
-0.386965
-0.432757
-0.422989
-0.474348
-0.41553
-0.313325
-0.385658
-0.487535
-0.43828
-0.422721
-0.428723
-0.475758
-0.480929
-0.425532
-0.423088
-0.373571
-0.427486
-0.380526
-0.383723
-0.426517
-0.414644
-0.353507
-0.361666
-0.39661
-0.458495
-0.443366
-0.446817
-0.436426
-0.438368
-0.445494
-0.487019
-0.455357
-0.495709
-0.507599
-0.499198
-0.57049
-0.506468
-0.465062
-0.410644
-0.419591
-0.423039
-0.556292
-0.518248
-0.446369
-0.446374
-0.401739
-0.380022
-0.35207
-0.415395
-0.384062
-0.393628
-0.397949
-0.455129
-0.485926
-0.477977
-0.44096
-0.445605
-0.447945
-0.43601
-0.372491
-0.392662
-0.421927
-0.432391
-0.375666
-0.419708
-0.461416
-0.446046
-0.422208
-0.4973
-0.420879
-0.393954
-0.370765
-0.390043
-0.465028
-0.416248
-0.438668
-0.373303
-0.381784
-0.348699
-0.390364
-0.406274
-0.471316
-0.447593
-0.398096
-0.4477
-0.482936
-0.452739
-0.397469
-0.393534
-0.438903
-0.441805
-0.456496
-0.461626
-0.449729
-0.392805
-0.355322
-0.377762
-0.367551
-0.377192
-0.442303
-0.363997
-0.405739
-0.435933
-0.402123
-0.423054
-0.414477
-0.439758
-0.409345
-0.438039
-0.454008
-0.438682
-0.325376
-0.431942
-0.431911
-0.43125
-0.409389
-0.374978
-0.442704
-0.444798
-0.396883
-0.339252
-0.384164
-0.380066
-0.338188
-0.378213
-0.423422
-0.391126
-0.381933
-0.412682
-0.368369
-0.354936
-0.363875
-0.447431
-0.36899
-0.391436
-0.354806
-0.38333
-0.351663
-0.294912
-0.359511
-0.369362
-0.314925
-0.393967
-0.40952
-0.365446
-0.437713
-0.410126
-0.392609
-0.412637
-0.418123
-0.402328
-0.389615
-0.371919
-0.40549
-0.451411
-0.452239
-0.448019
-0.424991
-0.371874
-0.381726
-0.396094
-0.354995
-0.39363
-0.39903
-0.362375
-0.385888
-0.364267
-0.375762
-0.488961
-0.425167
-0.431483
-0.414505
-0.450372
-0.359361
-0.452844
-0.417341
-0.469678
-0.416213
-0.395301
-0.427788
-0.38235
-0.404014
-0.44125
-0.462739
-0.483314
-0.453691
-0.462941
-0.460053
-0.457725
-0.466749
-0.443479
-0.496683
-0.486373
-0.390251
-0.429989
-0.40512
-0.424762
-0.448703
-0.369537
-0.342524
-0.403789
-0.320088
-0.340811
-0.375964
-0.353094
-0.356823
-0.355753
-0.340894
-0.34091
-0.379356
-0.390459
-0.410941
-0.435191
-0.445312
-0.428124
-0.350526
-0.424867
-0.395271
-0.41924
-0.452618
-0.391223
-0.399489
-0.41296
-0.517048
-0.483191
-0.45344
-0.391201
-0.426499
-0.383814
-0.388334
-0.311909
-0.340444
-0.373164
-0.356038
-0.378669
-0.411053
-0.465674
-0.49725
-0.534687
-0.481502
-0.427156
-0.431471
-0.463646
-0.44726
-0.416465
-0.39529
-0.41217
-0.446362
-0.428764
-0.418269
-0.384232
-0.35459
-0.36213
-0.353126
-0.329609
-0.382983
-0.349684
-0.431586
-0.437943
-0.434005
-0.461794
-0.468117
-0.383883
-0.40918
-0.405841
-0.424786
-0.399403
-0.410474
-0.477076
-0.498626
-0.466025
-0.430688
-0.433047
-0.44312
-0.395849
-0.406298
-0.391261
-0.357579
-0.397282
-0.397011
-0.396937
-0.417518
-0.386224
-0.365022
-0.362812
-0.397097
-0.410345
-0.433549
-0.439033
-0.434458
-0.389776
-0.457543
-0.424658
-0.45147
-0.474708
-0.535828
-0.521671
-0.463187
-0.451799
-0.475861
-0.473681
-0.4573
-0.495546
-0.443714
-0.472707
-0.438343
-0.42866
-0.434904
-0.406643
-0.44442
-0.471929
-0.408205
-0.394453
-0.391124
-0.465075
-0.40031
-0.328419
-0.355111
-0.458024
-0.385918
-0.401423
-0.412355
-0.365817
-0.434917
-0.432738
-0.456105
-0.464812
-0.437696
-0.433271
-0.355756
-0.407536
-0.388309
-0.384334
-0.387942
-0.428654
-0.408038
-0.430867
-0.482134
-0.410437
-0.421241
-0.424064
-0.465432
-0.419958
-0.412569
-0.410778
-0.391404
-0.41447
-0.47424
-0.510982
-0.487259
-0.493157
-0.45495
-0.412006
-0.422413
-0.370379
-0.419044
-0.415662
-0.350018
-0.388449
-0.357761
-0.42854
-0.431239
-0.363251
-0.356458
-0.35692
-0.349484
-0.371141
-0.393538
-0.449256
-0.412201
-0.394064
-0.408534
-0.494446
-0.451882
-0.445744
-0.428729
-0.428782
-0.450754
-0.443781
-0.523223
-0.457485
-0.448061
-0.484517
-0.477581
-0.471797
-0.42634
-0.350895
-0.368826
-0.402899
-0.413183
-0.458166
-0.457396
-0.431087
-0.376209
-0.401081
-0.367807
-0.362535
-0.354228
-0.326649
-0.330512
-0.316929
-0.349087
-0.403721
-0.372499
-0.38628
-0.376093
-0.368972
-0.377811
-0.395746
-0.436299
-0.446629
-0.413858
-0.453301
-0.40424
-0.387092
-0.390957
-0.397145
-0.379017
-0.373796
-0.406164
-0.400371
-0.446233
-0.489779
-0.447418
-0.455515
-0.434759
-0.400229
-0.349044
-0.454646
-0.453334
-0.474789
-0.433691
-0.394181
-0.390699
-0.487911
-0.419223
-0.453542
-0.435642
-0.408281
-0.372141
-0.350286
-0.333762
-0.402348
-0.340213
-0.325258
-0.29556
-0.362689
-0.351232
-0.375207
-0.38678
-0.483008
-0.417512
-0.407342
-0.400729
-0.318938
-0.325567
-0.335372
-0.423352
-0.461685
-0.467819
-0.468629
-0.448379
-0.436787
-0.449377
-0.466462
-0.412733
-0.393105
-0.432002
-0.502898
-0.449634
-0.508478
-0.517937
-0.556454
-0.47951
-0.488056
-0.551679
-0.488544
-0.554109
-0.518707
-0.47161
-0.436641
-0.502926
-0.439031
-0.424461
-0.397021
-0.44184
-0.445351
-0.349149
-0.319497
-0.401052
-0.432869
-0.379707
-0.362518
-0.426119
-0.439794
-0.451986
-0.377471
-0.388946
-0.367644
-0.415764
-0.394183
-0.38316
-0.35545
-0.39992
-0.398574
-0.446249
-0.448032
-0.492335
-0.490808
-0.466018
-0.389031
-0.431852
-0.461207
-0.453763
-0.402233
-0.403948
-0.425506
-0.396652
-0.355125
-0.248703
-0.292905
-0.352917
-0.389033
-0.37082
-0.439462
-0.395517
-0.391149
-0.409033
-0.447778
-0.365029
-0.402676
-0.420179
-0.451082
-0.480812
-0.472295
-0.493538
-0.454796
-0.530389
-0.472626
-0.442419
-0.42806
-0.462603
-0.445445
-0.405928
-0.433426
-0.383877
-0.366944
-0.437845
-0.419831
-0.348974
-0.325768
-0.361659
-0.377195
-0.396793
-0.420836
-0.381261
-0.364642
-0.372107
-0.415613
-0.408253
-0.424402
-0.442154
-0.3832
-0.354656
-0.305042
-0.294987
-0.31799
-0.331058
-0.362264
-0.385897
-0.35278
-0.297932
-0.348559
-0.40039
-0.409157
-0.379357
-0.393319
-0.337075
-0.360855
-0.333712
-0.346203
-0.426525
-0.423686
-0.481342
-0.41778
-0.490154
-0.421631
-0.411487
-0.37452
-0.359655
-0.318154
-0.298321
-0.315635
-0.345873
-0.380028
-0.41537
-0.396075
-0.420609
-0.437644
-0.444934
-0.48498
-0.457561
-0.477903
-0.416697
-0.418775
-0.388961
-0.412422
-0.437827
-0.468315
-0.476837
-0.534216
-0.480971
-0.365866
-0.42034
-0.471103
-0.397889
-0.469966
-0.447025
-0.461888
-0.486733
-0.387462
-0.393534
-0.371663
-0.430633
-0.415402
-0.388314
-0.413824
-0.433943
-0.380833
-0.378748
-0.368273
-0.307124
-0.365312
-0.373891
-0.379206
-0.320421
-0.382144
-0.385106
-0.336057
-0.399109
-0.369445
-0.368022
-0.383621
-0.347583
-0.422019
-0.34376
-0.344529
-0.392132
-0.373802
-0.429883
-0.37948
-0.462824
-0.487886
-0.507373
-0.415323
-0.459434
-0.395944
-0.406028
-0.425753
-0.466998
-0.455543
-0.420777
-0.430597
-0.456116
-0.442075
-0.397755
-0.340087
-0.341865
-0.318887
-0.374179
-0.391818
-0.38392
-0.422914
-0.399975
-0.373286
-0.376292
-0.394439
-0.372843
-0.433947
-0.442205
-0.459981
-0.416123
-0.507702
-0.498383
-0.493748
-0.524906
-0.532435
-0.449685
-0.444261
-0.426782
-0.389237
-0.45133
-0.39752
-0.408484
-0.429256
-0.476997
-0.504792
-0.538854
-0.476082
-0.379941
-0.35668
-0.430394
-0.419403
-0.460359
-0.430395
-0.448468
-0.419123
-0.444739
-0.448494
-0.460759
-0.442832
-0.476577
-0.449664
-0.420568
-0.399171
-0.370321
-0.466723
-0.4952
-0.416996
-0.422408
-0.414647
-0.415439
-0.427761
-0.444634
-0.39862
-0.446561
-0.424419
-0.482256
-0.518459
-0.521949
-0.499578
-0.461759
-0.442046
-0.426543
-0.411313
-0.497134
-0.413122
-0.338296
-0.377243
-0.387268
-0.475945
-0.44425
-0.420401
-0.398077
-0.387057
-0.371733
-0.329591
-0.333476
-0.326829
-0.398184
-0.405312
-0.424496
-0.409161
-0.388746
-0.45279
-0.360655
-0.361888
-0.38793
-0.41604
-0.442332
-0.385301
-0.436182
-0.440459
-0.434018
-0.462434
-0.416081
-0.457062
-0.473423
-0.526984
-0.49363
-0.489112
-0.475041
-0.501646
-0.44824
-0.397569
-0.446823
-0.433292
-0.417549
-0.407079
-0.372231
-0.38402
-0.447705
-0.419218
-0.347433
-0.378691
-0.435684
-0.412091
-0.420393
-0.387432
-0.362979
-0.3767
-0.408796
-0.359468
-0.231324
-0.277679
-0.356105
-0.322214
-0.354016
-0.38868
-0.378068
-0.338545
-0.359666
-0.327291
-0.319654
-0.351006
-0.368284
-0.37924
-0.378308
-0.362322
-0.380547
-0.342997
-0.376651
-0.381214
-0.359012
-0.322215
-0.400702
-0.386017
-0.370805
-0.449886
-0.418026
-0.414927
-0.44998
-0.400332
-0.373056
-0.397521
-0.434886
-0.419755
-0.388987
-0.395874
-0.403924
-0.422902
-0.379005
-0.394339
-0.39651
-0.328248
-0.373109
-0.425356
-0.387086
-0.348311
-0.399888
-0.444459
-0.443989
-0.493631
-0.392676
-0.33808
-0.293667
-0.357038
-0.337287
-0.337455
-0.334777
-0.341712
-0.339099
-0.338823
-0.36214
-0.362473
-0.34717
-0.362542
-0.357948
-0.398425
-0.401969
-0.370902
-0.404217
-0.376452
-0.36802
-0.387075
-0.443519
-0.413957
-0.370121
-0.302127
-0.326439
-0.325029
-0.408571
-0.441907
-0.405515
-0.434693
-0.343337
-0.42019
-0.399011
-0.391103
-0.365051
-0.329073
-0.324503
-0.37922
-0.392165
-0.393996
-0.404296
-0.384323
-0.476228
-0.50666
-0.520747
-0.539027
-0.52135
-0.517376
-0.469457
-0.407514
-0.441178
-0.383916
-0.418166
-0.352485
-0.297308
-0.346298
-0.361493
-0.411635
-0.416178
-0.424021
-0.383502
-0.395825
-0.435468
-0.427624
-0.458357
-0.502118
-0.500608
-0.482929
-0.451874
-0.483667
-0.470065
-0.410562
-0.469291
-0.386265
-0.351689
-0.363954
-0.390387
-0.36673
-0.370261
-0.384094
-0.38061
-0.357346
-0.36323
-0.411802
-0.423721
-0.517317
-0.506173
-0.458876
-0.545856
-0.493698
-0.479846
-0.425157
-0.461318
-0.440723
-0.42077
-0.388034
-0.418262
-0.368683
-0.369751
-0.411195
-0.430053
-0.4311
-0.427232
-0.435386
-0.434129
-0.381089
-0.43713
-0.424874
-0.369663
-0.405492
-0.414894
-0.446829
-0.448009
-0.460673
-0.441626
-0.46604
-0.467978
-0.485487
-0.42744
-0.476341
-0.390071
-0.357667
-0.364811
-0.340788
-0.308937
-0.299747
-0.35281
-0.345906
-0.393286
-0.361024
-0.423514
-0.365453
-0.38995
-0.351043
-0.398856
-0.415948
-0.42513
-0.393631
-0.487759
-0.474597
-0.336661
-0.351774
-0.378636
-0.47416
-0.410893
-0.36526
-0.415395
-0.408754
-0.409998
-0.459159
-0.471747
-0.460823
-0.366269
-0.365711
-0.454382
-0.414014
-0.445102
-0.45467
-0.443233
-0.419112
-0.367494
-0.461639
-0.387133
-0.3871
-0.368874
-0.378621
-0.44607
-0.417661
-0.426799
-0.442501
-0.439025
-0.398468
-0.380201
-0.322573
-0.35706
-0.3789
-0.363908
-0.356636
-0.403149
-0.306174
-0.362669
-0.442177
-0.474685
-0.450705
-0.421068
-0.396113
-0.421604
-0.43309
-0.401923
-0.377437
-0.393084
-0.399638
-0.333817
-0.37892
-0.374962
-0.420676
-0.447072
-0.350529
-0.395616
-0.482554
-0.423924
-0.431844
-0.436512
-0.430012
-0.441352
-0.445313
-0.385585
-0.409337
-0.434207
-0.372632
-0.396683
-0.382448
-0.48049
-0.56336
-0.573348
-0.505656
-0.472463
-0.5004
-0.549561
-0.540096
-0.430315
-0.395959
-0.403741
-0.450173
-0.461513
-0.465689
-0.501665
-0.481802
-0.540322
-0.561437
-0.553715
-0.52238
-0.454343
-0.396257
-0.444455
-0.43823
-0.413396
-0.420527
-0.352228
-0.393889
-0.416596
-0.357549
-0.416662
-0.490068
-0.42116
-0.45423
-0.483037
-0.499879
-0.451812
-0.458691
-0.402514
-0.412641
-0.418453
-0.376534
-0.391027
-0.415754
-0.3229
-0.35572
-0.360882
-0.39664
-0.378601
-0.332139
-0.377309
-0.427382
-0.403003
-0.470873
-0.48799
-0.497931
-0.505306
-0.524327
-0.474764
-0.430115
-0.39868
-0.500401
-0.420261
-0.489489
-0.533284
-0.490412
-0.495784
-0.524917
-0.475915
-0.481488
-0.513073
-0.562517
-0.569625
-0.521591
-0.520476
-0.454405
-0.470025
-0.402127
-0.41646
-0.319983
-0.406329
-0.367744
-0.384447
-0.367028
-0.390596
-0.418508
-0.359672
-0.437964
-0.42421
-0.397138
-0.376261
-0.333326
-0.381473
-0.36712
-0.388662
-0.349976
-0.351225
-0.354489
-0.429304
-0.402785
-0.446119
-0.413267
-0.367119
-0.368438
-0.433065
-0.490896
-0.478266
-0.456884
-0.426036
-0.498932
-0.422099
-0.429858
-0.436769
-0.450517
-0.438328
-0.447116
-0.433398
-0.431959
-0.369603
-0.307172
-0.383509
-0.417442
-0.371767
-0.38327
-0.394865
-0.373511
-0.392824
-0.358926
-0.376785
-0.353818
-0.36483
-0.370131
-0.344999
-0.392392
-0.404667
-0.44121
-0.499178
-0.493187
-0.46236
-0.375009
-0.395716
-0.441434
-0.459764
-0.432564
-0.461755
-0.393688
-0.459274
-0.392426
-0.347427
-0.388987
-0.368919
-0.33684
-0.38065
-0.338135
-0.367896
-0.377594
-0.363976
-0.392239
-0.408872
-0.364915
-0.379804
-0.394187
-0.371648
-0.437305
-0.414455
-0.353673
-0.390149
-0.409901
-0.392104
-0.449343
-0.430965
-0.443788
-0.410362
-0.349071
-0.392359
-0.377549
-0.409035
-0.464515
-0.470263
-0.447274
-0.478701
-0.471884
-0.395897
-0.385802
-0.369022
-0.424285
-0.424024
-0.402096
-0.430369
-0.452298
-0.456833
-0.436547
-0.387877
-0.383569
-0.317344
-0.360167
-0.333435
-0.335137
-0.372896
-0.367268
-0.364356
-0.381438
-0.391777
-0.38573
-0.294606
-0.34568
-0.342117
-0.355911
-0.373192
-0.470593
-0.422517
-0.417614
-0.455145
-0.33634
-0.316559
-0.339708
-0.365776
-0.402075
-0.39083
-0.341018
-0.335436
-0.355286
-0.376416
-0.402455
-0.394871
-0.437952
-0.46192
-0.421624
-0.422067
-0.393333
-0.406607
-0.478942
-0.477687
-0.462764
-0.439641
-0.430083
-0.429083
-0.452314
-0.496942
-0.500002
-0.472924
-0.437472
-0.448653
-0.41535
-0.455169
-0.450261
-0.442765
-0.417572
-0.4435
-0.439133
-0.448741
-0.443301
-0.440248
-0.386658
-0.412764
-0.384685
-0.37347
-0.404745
-0.429272
-0.439853
-0.486933
-0.452893
-0.445659
-0.414051
-0.434634
-0.419599
-0.313098
-0.395663
-0.356467
-0.350678
-0.296303
-0.320857
-0.368239
-0.425782
-0.462883
-0.434146
-0.416884
-0.400617
-0.36205
-0.33221
-0.365767
-0.35856
-0.339255
-0.405523
-0.42581
-0.430776
-0.378487
-0.387001
-0.426018
-0.395495
-0.458695
-0.480945
-0.454522
-0.441262
-0.427683
-0.456305
-0.461488
-0.51475
-0.498291
-0.513017
-0.499196
-0.483976
-0.479141
-0.470366
-0.42793
-0.453997
-0.401275
-0.42618
-0.445505
-0.478006
-0.415762
-0.422146
-0.434125
-0.400698
-0.420361
-0.459463
-0.459971
-0.423237
-0.406354
-0.375684
-0.431772
-0.443991
-0.453586
-0.416905
-0.461075
-0.481908
-0.507955
-0.508413
-0.473311
-0.429314
-0.447111
-0.468998
-0.541666
-0.470674
-0.430405
-0.394626
-0.431124
-0.473614
-0.424645
-0.376053
-0.408829
-0.368146
-0.375749
-0.432587
-0.426826
-0.415234
-0.435364
-0.442922
-0.400058
-0.380563
-0.373048
-0.346576
-0.32194
-0.361819
-0.395351
-0.393686
-0.336763
-0.382968
-0.399148
-0.347726
-0.367331
-0.38817
-0.421214
-0.423293
-0.417834
-0.424591
-0.449709
-0.466709
-0.467189
-0.521646
-0.426646
-0.483998
-0.532468
-0.436707
-0.390555
-0.335668
-0.358266
-0.398789
-0.390896
-0.35821
-0.365407
-0.3744
-0.365241
-0.357424
-0.405112
-0.353054
-0.405765
-0.409447
-0.428071
-0.389872
-0.460764
-0.480382
-0.469507
-0.386999
-0.431306
-0.441015
-0.423947
-0.366743
-0.417769
-0.44394
-0.474619
-0.488049
-0.394836
-0.383021
-0.477259
-0.393744
-0.414164
-0.456561
-0.394457
-0.398404
-0.420936
-0.421921
-0.426294
-0.464422
-0.405324
-0.322052
-0.298202
-0.351419
-0.355317
-0.381018
-0.365615
-0.378131
-0.397746
-0.291239
-0.333501
-0.372521
-0.353467
-0.374505
-0.414049
-0.475138
-0.482043
-0.503945
-0.440112
-0.416488
-0.438798
-0.474462
-0.409407
-0.355216
-0.369886
-0.419629
-0.375738
-0.407939
-0.376849
-0.351247
-0.341783
-0.357309
-0.325568
-0.317075
-0.35992
-0.345008
-0.358852
-0.457089
-0.387826
-0.370806
-0.374365
-0.372878
-0.384424
-0.416597
-0.424522
-0.420641
-0.379257
-0.404719
-0.406037
-0.359439
-0.349767
-0.408415
-0.445616
-0.457941
-0.450705
-0.400159
-0.412288
-0.416818
-0.408706
-0.394551
-0.364396
-0.390259
-0.416545
-0.382173
-0.34779
-0.37166
-0.418795
-0.439297
-0.458208
-0.486519
-0.513697
-0.452934
-0.418452
-0.467768
-0.454949
-0.422732
-0.444871
-0.448276
-0.493457
-0.429233
-0.464681
-0.493502
-0.489816
-0.498498
-0.464478
-0.408923
-0.369033
-0.329946
-0.328214
-0.357965
-0.333986
-0.359962
-0.36565
-0.336656
-0.345399
-0.355524
-0.355274
-0.399982
-0.404246
-0.459524
-0.421549
-0.349008
-0.317319
-0.344967
-0.386758
-0.402892
-0.416439
-0.434117
-0.403511
-0.359957
-0.447431
-0.41878
-0.408513
-0.487684
-0.434421
-0.411068
-0.431248
-0.444516
-0.44618
-0.48881
-0.510123
-0.426745
-0.360401
-0.413281
-0.449493
-0.386136
-0.393494
-0.374492
-0.413909
-0.377975
-0.411333
-0.380074
-0.400258
-0.401078
-0.421913
-0.437638
-0.466357
-0.454667
-0.416744
-0.409251
-0.452902
-0.429522
-0.362402
-0.361577
-0.366798
-0.332389
-0.372733
-0.413864
-0.376737
-0.380527
-0.367683
-0.383949
-0.399912
-0.368735
-0.321957
-0.281356
-0.310591
-0.338736
-0.374171
-0.391941
-0.383717
-0.336994
-0.351201
-0.378702
-0.373346
-0.350742
-0.358688
-0.380162
-0.342688
-0.43088
-0.462175
-0.468008
-0.432914
-0.432193
-0.411323
-0.379545
-0.361435
-0.432951
-0.419508
-0.3844
-0.467021
-0.446882
-0.477049
-0.463256
-0.445554
-0.427475
-0.481991
-0.431851
-0.447131
-0.43761
-0.431865
-0.39122
-0.395646
-0.371393
-0.395294
-0.34166
-0.415929
-0.358985
-0.395671
-0.371609
-0.337485
-0.385269
-0.319597
-0.370002
-0.334617
-0.367865
-0.459597
-0.381738
-0.400195
-0.346679
-0.394606
-0.413478
-0.430924
-0.423116
-0.432358
-0.470422
-0.464994
-0.375532
-0.356463
-0.488416
-0.499482
-0.481598
-0.410776
-0.445195
-0.45116
-0.427097
-0.459462
-0.452718
-0.493145
-0.410162
-0.383239
-0.366338
-0.399202
-0.420926
-0.416225
-0.41994
-0.379089
-0.361514
-0.427992
-0.400482
-0.355216
-0.41735
-0.402565
-0.337951
-0.363301
-0.419145
-0.40238
-0.45059
-0.451251
-0.446305
-0.4399
-0.416996
-0.456746
-0.419972
-0.433259
-0.45451
-0.499039
-0.455545
-0.419483
-0.378147
-0.366318
-0.334869
-0.363146
-0.363316
-0.379656
-0.360746
-0.375721
-0.44713
-0.472389
-0.436998
-0.374939
-0.343321
-0.369426
-0.34549
-0.34409
-0.408024
-0.382571
-0.394041
-0.433708
-0.436018
-0.368144
-0.402481
-0.393191
-0.434214
-0.406254
-0.401323
-0.390481
-0.455167
-0.399819
-0.379947
-0.373425
-0.427687
-0.39015
-0.387011
-0.400208
-0.449646
-0.399771
-0.349713
-0.42466
-0.472031
-0.411353
-0.437649
-0.348554
-0.37163
-0.373196
-0.334724
-0.357557
-0.343336
-0.344575
-0.319634
-0.370922
-0.386284
-0.364486
-0.375532
-0.403656
-0.380074
-0.338805
-0.309508
-0.354996
-0.358197
-0.380652
-0.364918
-0.393753
-0.388207
-0.33865
-0.409609
-0.405992
-0.413916
-0.415406
-0.39485
-0.431816
-0.415961
-0.416955
-0.435808
-0.368098
-0.416695
-0.374179
-0.35704
-0.366544
-0.447793
-0.424628
-0.47064
-0.448989
-0.415227
-0.411764
-0.377264
-0.386189
-0.395637
-0.428522
-0.410656
-0.427011
-0.40985
-0.397854
-0.408655
-0.371475
-0.362587
-0.4143
-0.385724
-0.427998
-0.431677
-0.41894
-0.38552
-0.35412
-0.329764
-0.360002
-0.392291
-0.406264
-0.371579
-0.401631
-0.413188
-0.438454
-0.379052
-0.482067
-0.480386
-0.451672
-0.472776
-0.473009
-0.431333
-0.422181
-0.436817
-0.47346
-0.417909
-0.460924
-0.475437
-0.513969
-0.472141
-0.492587
-0.503492
-0.46547
-0.485737
-0.532917
-0.542435
-0.542242
-0.555928
-0.536477
-0.590666
-0.592028
-0.541473
-0.491129
-0.487083
-0.538167
-0.540177
-0.570627
-0.50193
-0.45823
-0.452242
-0.340405
-0.392856
-0.397157
-0.409706
-0.424349
-0.408169
-0.448228
-0.418246
-0.408454
-0.419515
-0.453551
-0.470559
-0.489598
-0.493766
-0.531326
-0.56686
-0.494238
-0.42547
-0.374231
-0.405927
-0.463412
-0.423284
-0.425519
-0.375887
-0.414865
-0.374558
-0.423883
-0.480625
-0.513485
-0.485599
-0.502732
-0.462289
-0.451544
-0.416944
-0.323815
-0.364801
-0.332468
-0.361797
-0.391396
-0.417887
-0.399791
-0.342987
-0.32876
-0.293389
-0.402177
-0.359376
-0.369839
-0.339665
-0.331335
-0.324132
-0.399106
-0.389372
-0.446257
-0.479906
-0.423182
-0.433624
-0.383132
-0.405239
-0.384096
-0.419508
-0.400324
-0.399898
-0.419126
-0.293281
-0.376052
-0.369568
-0.38626
-0.433407
-0.431821
-0.390933
-0.398682
-0.452319
-0.437995
-0.416851
-0.442987
-0.441449
-0.463595
-0.448731
-0.39895
-0.42786
-0.393557
-0.417783
-0.380125
-0.422275
-0.421741
-0.433094
-0.456088
-0.447335
-0.449105
-0.429985
-0.410316
-0.399517
-0.424858
-0.349974
-0.37325
-0.372997
-0.396714
-0.420177
-0.40852
-0.402126
-0.379699
-0.363835
-0.392634
-0.368201
-0.472235
-0.491088
-0.456836
-0.371768
-0.299728
-0.296137
-0.401951
-0.411441
-0.447362
-0.434229
-0.420236
-0.431303
-0.41416
-0.425813
-0.36564
-0.421575
-0.457855
-0.443107
-0.409391
-0.411917
-0.383821
-0.377879
-0.432028
-0.410939
-0.394534
-0.396194
-0.478542
-0.490085
-0.493405
-0.467118
-0.461393
-0.421362
-0.352726
-0.383433
-0.379369
-0.424896
-0.398324
-0.41488
-0.404499
-0.409067
-0.376376
-0.380709
-0.379124
-0.368047
-0.395306
-0.411917
-0.421895
-0.32859
-0.365633
-0.349706
-0.379305
-0.410033
-0.368523
-0.443731
-0.448827
-0.430081
-0.394384
-0.363994
-0.32047
-0.324768
-0.361911
-0.325274
-0.318729
-0.393446
-0.360652
-0.412383
-0.421275
-0.386931
-0.399702
-0.434635
-0.431332
-0.445335
-0.413531
-0.354238
-0.370808
-0.436334
-0.408072
-0.390669
-0.370098
-0.386758
-0.391358
-0.29107
-0.347712
-0.383369
-0.389077
-0.424732
-0.483097
-0.456538
-0.466245
-0.488899
-0.513302
-0.501256
-0.523948
-0.480561
-0.497288
-0.488063
-0.479589
-0.443671
-0.395496
-0.418325
-0.391738
-0.322969
-0.347253
-0.341598
-0.372587
-0.393161
-0.423868
-0.368594
-0.388108
-0.401267
-0.400876
-0.438861
-0.428365
-0.377561
-0.340599
-0.371452
-0.437788
-0.482345
-0.474329
-0.446923
-0.391204
-0.431401
-0.447927
-0.42509
-0.464719
-0.509079
-0.449497
-0.473932
-0.474986
-0.463968
-0.442638
-0.470276
-0.31625
-0.3357
-0.386599
-0.336273
-0.296965
-0.425228
-0.406765
-0.389354
-0.382
-0.361403
-0.418524
-0.456897
-0.391704
-0.408477
-0.431262
-0.375942
-0.384241
-0.395055
-0.35592
-0.38106
-0.368174
-0.38877
-0.385855
-0.4061
-0.386306
-0.366002
-0.373522
-0.422824
-0.414169
-0.411672
-0.428598
-0.406183
-0.386729
-0.393157
-0.39468
-0.385422
-0.365714
-0.355382
-0.403688
-0.478804
-0.42783
-0.462618
-0.449603
-0.476233
-0.509332
-0.462286
-0.440978
-0.355809
-0.348297
-0.371734
-0.310452
-0.322768
-0.328262
-0.383019
-0.368943
-0.339601
-0.363552
-0.41973
-0.355451
-0.377003
-0.380386
-0.333274
-0.38135
-0.368262
-0.36447
-0.344127
-0.378021
-0.394714
-0.36611
-0.380904
-0.407342
-0.36486
-0.377731
-0.388784
-0.41983
-0.387466
-0.382773
-0.414851
-0.441734
-0.434028
-0.362213
-0.393181
-0.477144
-0.455613
-0.399077
-0.374525
-0.387209
-0.373175
-0.38273
-0.423361
-0.396449
-0.409231
-0.360821
-0.397102
-0.426706
-0.446251
-0.401194
-0.40001
-0.345446
-0.349374
-0.36057
-0.307531
-0.319073
-0.319153
-0.308123
-0.29533
-0.270111
-0.334503
-0.427567
-0.466068
-0.4784
-0.446079
-0.479378
-0.512816
-0.447114
-0.472894
-0.455927
-0.429432
-0.400807
-0.38424
-0.358487
-0.381614
-0.407981
-0.373847
-0.434953
-0.383807
-0.423679
-0.482346
-0.44777
-0.457885
-0.428649
-0.32118
-0.333101
-0.290672
-0.384987
-0.385539
-0.3424
-0.361431
-0.407925
-0.331793
-0.385861
-0.414589
-0.460152
-0.422874
-0.373536
-0.377262
-0.375589
-0.379908
-0.356503
-0.386396
-0.369238
-0.358316
-0.354522
-0.440443
-0.369345
-0.355914
-0.314332
-0.400157
-0.367496
-0.398813
-0.436549
-0.386213
-0.423866
-0.445413
-0.45013
-0.384028
-0.354252
-0.272568
-0.426815
-0.358749
-0.412473
-0.403745
-0.379132
-0.393855
-0.360323
-0.330187
-0.344901
-0.355685
-0.346143
-0.351023
-0.396715
-0.410974
-0.36081
-0.435384
-0.399193
-0.362306
-0.392768
-0.416159
-0.39744
-0.416991
-0.464671
-0.481935
-0.386688
-0.383508
-0.382091
-0.373788
-0.384572
-0.374845
-0.366288
-0.464719
-0.424424
-0.391486
-0.418688
-0.364131
-0.355016
-0.438944
-0.443709
-0.434624
-0.420998
-0.455015
-0.390305
-0.385045
-0.4074
-0.357664
-0.405999
-0.394071
-0.351775
-0.316692
-0.342009
-0.344502
-0.330475
-0.357027
-0.323595
-0.396372
-0.421289
-0.392121
-0.351573
-0.293041
-0.299321
-0.389993
-0.446761
-0.468875
-0.44659
-0.460014
-0.442613
-0.396554
-0.413529
-0.420158
-0.435311
-0.410543
-0.456486
-0.405135
-0.407877
-0.304355
-0.361758
-0.371236
-0.402417
-0.426564
-0.391588
-0.414838
-0.367789
-0.391056
-0.429659
-0.538821
-0.465108
-0.412278
-0.404324
-0.357404
-0.427655
-0.380023
-0.40844
-0.442897
-0.382134
-0.402505
-0.338335
-0.327359
-0.34677
-0.398029
-0.427595
-0.459144
-0.475202
-0.448431
-0.481767
-0.507084
-0.491061
-0.537938
-0.528962
-0.564201
-0.542429
-0.549474
-0.578716
-0.61201
-0.516314
-0.522482
-0.541954
-0.527498
-0.468694
-0.444546
-0.416445
-0.474136
-0.497997
-0.478421
-0.487563
-0.456308
-0.441625
-0.448682
-0.402035
-0.342326
-0.341988
-0.37952
-0.412996
-0.446792
-0.433251
-0.452484
-0.43334
-0.402286
-0.428004
-0.414595
-0.386469
-0.403734
-0.411763
-0.315061
-0.334761
-0.33978
-0.40466
-0.363363
-0.335405
-0.395838
-0.498744
-0.449649
-0.405923
-0.422164
-0.410806
-0.319372
-0.35358
-0.435929
-0.40152
-0.378703
-0.424887
-0.450509
-0.460678
-0.456991
-0.364671
-0.380202
-0.406595
-0.419092
-0.437439
-0.521289
-0.508667
-0.474073
-0.441766
-0.412623
-0.392365
-0.386143
-0.378952
-0.429385
-0.407822
-0.38461
-0.405775
-0.420322
-0.419531
-0.454098
-0.365857
-0.348064
-0.40641
-0.458816
-0.433592
-0.431295
-0.439766
-0.470963
-0.403851
-0.345815
-0.369921
-0.452916
-0.424917
-0.494671
-0.377783
-0.434708
-0.451074
-0.482984
-0.459389
-0.480362
-0.449865
-0.409259
-0.394402
-0.405085
-0.381478
-0.38895
-0.439651
-0.426133
-0.370904
-0.420872
-0.377632
-0.412871
-0.416194
-0.460158
-0.330144
-0.413025
-0.42364
-0.380127
-0.379175
-0.400986
-0.434573
-0.499151
-0.483522
-0.44904
-0.422787
-0.309477
-0.329881
-0.40684
-0.391915
-0.467369
-0.468408
-0.43588
-0.420913
-0.399423
-0.434114
-0.486417
-0.48657
-0.490627
-0.452726
-0.473212
-0.474244
-0.48175
-0.461018
-0.456338
-0.421363
-0.447273
-0.474921
-0.43112
-0.433512
-0.45415
-0.388251
-0.407951
-0.4412
-0.436955
-0.382946
-0.361781
-0.310692
-0.330942
-0.440656
-0.425815
-0.473044
-0.450864
-0.43502
-0.450732
-0.454309
-0.461889
-0.362136
-0.359944
-0.421105
-0.450924
-0.422408
-0.34973
-0.404405
-0.420939
-0.36407
-0.361978
-0.379764
-0.383633
-0.416006
-0.351731
-0.364525
-0.409695
-0.365024
-0.379373
-0.378837
-0.348068
-0.33192
-0.388786
-0.414672
-0.428382
-0.343579
-0.404463
-0.403031
-0.416159
-0.406457
-0.387066
-0.35716
-0.393001
-0.381425
-0.337771
-0.293596
-0.385276
-0.347871
-0.367401
-0.366092
-0.350876
-0.384499
-0.31794
-0.311436
-0.328197
-0.373246
-0.363533
-0.398975
-0.399801
-0.403509
-0.40727
-0.435806
-0.431183
-0.422637
-0.429272
-0.418081
-0.388766
-0.421418
-0.445442
-0.43318
-0.414047
-0.425927
-0.425009
-0.435187
-0.4813
-0.46218
-0.467745
-0.402868
-0.40283
-0.410458
-0.443794
-0.37214
-0.337688
-0.339274
-0.342901
-0.307981
-0.32991
-0.374094
-0.33485
-0.368475
-0.385817
-0.331826
-0.357246
-0.347619
-0.307988
-0.347812
-0.354324
-0.323538
-0.403705
-0.400199
-0.396369
-0.336144
-0.31169
-0.339724
-0.402377
-0.347788
-0.382687
-0.369245
-0.361624
-0.379813
-0.416373
-0.397639
-0.392804
-0.44748
-0.449896
-0.483748
-0.453169
-0.458447
-0.383194
-0.44993
-0.433748
-0.458208
-0.449637
-0.444847
-0.469717
-0.401269
-0.441929
-0.43893
-0.447132
-0.420445
-0.456066
-0.482889
-0.467437
-0.489513
-0.447296
-0.441554
-0.481595
-0.422639
-0.408719
-0.412239
-0.388536
-0.401214
-0.372318
-0.419105
-0.385394
-0.477405
-0.564175
-0.56191
-0.481873
-0.500829
-0.438928
-0.469131
-0.505817
-0.531034
-0.520248
-0.556002
-0.489041
-0.468388
-0.406031
-0.444765
-0.442826
-0.438361
-0.422103
-0.418
-0.45953
-0.442004
-0.379633
-0.325984
-0.342155
-0.361086
-0.342524
-0.399405
-0.342888
-0.334941
-0.408718
-0.420351
-0.356872
-0.423335
-0.458446
-0.430482
-0.420832
-0.39147
-0.354165
-0.363154
-0.462049
-0.478836
-0.504287
-0.462607
-0.496543
-0.506701
-0.492868
-0.394242
-0.355672
-0.404311
-0.396764
-0.388345
-0.398824
-0.34791
-0.381875
-0.374676
-0.382425
-0.355178
-0.391736
-0.371266
-0.36824
-0.413269
-0.395867
-0.45075
-0.406242
-0.393756
-0.370262
-0.39276
-0.360487
-0.424395
-0.400758
-0.46146
-0.438664
-0.447608
-0.435341
-0.419175
-0.47658
-0.443247
-0.499093
-0.466918
-0.469348
-0.411419
-0.403423
-0.405943
-0.44875
-0.42065
-0.394928
-0.440192
-0.384352
-0.407614
-0.392443
-0.487634
-0.424489
-0.416919
-0.377267
-0.419237
-0.387119
-0.358899
-0.356158
-0.464593
-0.375993
-0.377771
-0.399699
-0.368013
-0.369393
-0.368936
-0.443254
-0.452613
-0.429711
-0.360931
-0.390653
-0.415053
-0.42515
-0.371178
-0.38915
-0.348253
-0.364719
-0.382287
-0.424708
-0.409103
-0.39366
-0.419822
-0.43858
-0.432349
-0.428073
-0.435014
-0.3647
-0.329644
-0.399995
-0.474359
-0.39787
-0.451587
-0.410068
-0.427623
-0.357089
-0.385249
-0.356892
-0.370753
-0.393048
-0.33472
-0.37312
-0.445101
-0.373299
-0.385955
-0.389783
-0.437796
-0.453905
-0.42049
-0.350864
-0.293691
-0.352171
-0.405477
-0.41184
-0.391842
-0.377368
-0.388735
-0.385972
-0.3685
-0.40378
-0.377399
-0.408531
-0.484663
-0.417669
-0.431558
-0.443102
-0.425112
-0.455683
-0.470042
-0.460653
-0.439642
-0.379941
-0.349048
-0.339328
-0.31712
-0.34292
-0.288167
-0.304364
-0.351611
-0.372584
-0.364157
-0.319716
-0.334467
-0.330442
-0.408028
-0.361867
-0.405694
-0.453643
-0.443232
-0.422434
-0.494474
-0.492987
-0.430471
-0.399953
-0.393334
-0.369715
-0.359534
-0.361631
-0.30203
-0.325672
-0.367791
-0.316588
-0.336631
-0.380412
-0.355353
-0.385472
-0.405175
-0.365396
-0.394404
-0.440964
-0.405597
-0.398469
-0.359497
-0.375822
-0.437704
-0.434384
-0.480526
-0.51753
-0.510519
-0.488281
-0.433234
-0.442118
-0.404821
-0.373182
-0.406569
-0.501456
-0.478018
-0.459705
-0.4402
-0.333734
-0.358474
-0.33478
-0.34797
-0.352118
-0.284175
-0.432874
-0.443859
-0.427563
-0.341282
-0.387458
-0.3872
-0.367811
-0.379949
-0.395628
-0.437134
-0.417404
-0.402157
-0.378561
-0.399275
-0.418826
-0.361197
-0.324664
-0.368065
-0.437759
-0.396454
-0.301403
-0.367769
-0.329841
-0.379384
-0.436357
-0.367728
-0.366699
-0.413108
-0.4717
-0.415233
-0.414726
-0.471867
-0.480096
-0.460054
-0.340481
-0.351434
-0.346542
-0.309255
-0.39589
-0.352964
-0.342734
-0.362997
-0.366656
-0.364672
-0.345094
-0.38334
-0.45906
-0.510531
-0.475707
-0.504949
-0.491625
-0.445835
-0.471487
-0.430249
-0.437872
-0.426119
-0.421079
-0.382928
-0.388749
-0.435126
-0.432237
-0.440154
-0.483363
-0.493964
-0.434202
-0.424242
-0.383682
-0.331609
-0.350939
-0.34854
-0.41192
-0.381775
-0.372268
-0.397091
-0.357729
-0.327749
-0.36136
-0.363475
-0.390146
-0.448819
-0.488976
-0.445811
-0.403655
-0.415556
-0.37756
-0.491327
-0.422442
-0.43459
-0.455985
-0.512655
-0.499343
-0.431736
-0.390414
-0.419257
-0.406302
-0.453488
-0.474881
-0.471258
-0.397631
-0.43616
-0.381512
-0.362493
-0.321344
-0.283762
-0.326959
-0.342273
-0.358684
-0.37926
-0.377486
-0.425801
-0.47474
-0.503385
-0.489484
-0.442317
-0.42561
-0.423316
-0.404407
-0.399251
-0.372024
-0.367353
-0.38764
-0.394351
-0.356884
-0.382855
-0.416347
-0.420452
-0.388078
-0.467545
-0.453307
-0.486051
-0.497224
-0.457682
-0.445054
-0.433057
-0.437243
-0.423141
-0.445124
-0.433231
-0.39022
-0.438026
-0.429275
-0.444143
-0.46174
-0.485397
-0.541748
-0.552878
-0.449914
-0.480951
-0.435461
-0.385712
-0.370037
-0.416907
-0.455866
-0.398629
-0.416711
-0.417312
-0.443416
-0.430201
-0.460121
-0.476494
-0.44126
-0.398708
-0.423465
-0.415133
-0.515579
-0.485131
-0.456437
-0.486112
-0.509578
-0.506987
-0.494555
-0.421431
-0.518022
-0.455625
-0.483637
-0.417044
-0.44815
-0.518535
-0.548201
-0.506545
-0.539742
-0.529672
-0.466079
-0.484583
-0.459674
-0.508832
-0.478816
-0.471049
-0.452562
-0.465849
-0.40064
-0.388349
-0.38997
-0.359855
-0.323553
-0.35205
-0.395832
-0.352887
-0.407581
-0.414484
-0.401043
-0.426876
-0.435583
-0.374799
-0.422929
-0.428228
-0.446348
-0.403691
-0.432664
-0.430115
-0.474078
-0.45257
-0.419879
-0.476729
-0.418902
-0.455519
-0.463477
-0.425125
-0.414693
-0.486247
-0.447552
-0.488572
-0.439679
-0.45684
-0.543781
-0.478147
-0.424073
-0.366127
-0.491306
-0.426507
-0.382979
-0.38093
-0.363255
-0.365545
-0.349001
-0.408147
-0.306303
-0.346151
-0.3883
-0.375783
-0.402281
-0.385704
-0.382672
-0.321156
-0.387775
-0.377922
-0.35356
-0.394954
-0.401814
-0.351918
-0.36397
-0.317141
-0.320954
-0.397594
-0.406757
-0.423723
-0.49396
-0.431439
-0.388862
-0.383488
-0.372629
-0.367624
-0.379787
-0.404198
-0.326514
-0.344969
-0.348784
-0.366794
-0.386913
-0.335982
-0.356204
-0.343769
-0.400032
-0.372119
-0.408295
-0.447158
-0.400226
-0.408019
-0.423988
-0.383516
-0.377987
-0.405844
-0.409672
-0.374411
-0.364767
-0.377569
-0.411081
-0.438401
-0.34589
-0.372583
-0.397699
-0.386037
-0.381558
-0.380967
-0.376754
-0.422271
-0.436196
-0.403023
-0.481716
-0.452254
-0.495257
-0.40075
-0.34305
-0.350213
-0.394457
-0.387364
-0.358623
-0.407414
-0.444772
-0.439855
-0.485424
-0.432136
-0.396058
-0.408317
-0.422757
-0.441959
-0.483544
-0.403675
-0.393927
-0.439189
-0.446886
-0.463241
-0.418376
-0.416064
-0.442861
-0.463837
-0.45381
-0.462518
-0.463831
-0.442386
-0.41126
-0.413238
-0.447628
-0.433973
-0.451581
-0.465855
-0.40363
-0.390147
-0.423738
-0.452106
-0.404052
-0.371841
-0.373864
-0.454197
-0.4681
-0.448919
-0.484365
-0.416596
-0.413219
-0.422375
-0.406785
-0.382088
-0.367747
-0.336539
-0.313298
-0.315125
-0.407484
-0.324659
-0.429567
-0.421502
-0.37461
-0.35541
-0.370235
-0.407729
-0.421969
-0.453757
-0.448883
-0.469936
-0.457444
-0.46644
-0.463386
-0.46117
-0.442016
-0.357871
-0.439128
-0.373371
-0.390584
-0.429303
-0.453246
-0.474062
-0.47273
-0.528649
-0.472943
-0.45017
-0.444343
-0.448052
-0.336311
-0.343783
-0.316601
-0.377787
-0.424996
-0.386731
-0.422272
-0.436842
-0.452254
-0.42416
-0.423059
-0.409806
-0.411454
-0.439937
-0.406458
-0.448458
-0.484684
-0.3971
-0.487039
-0.455886
-0.518267
-0.470286
-0.426946
-0.456627
-0.480025
-0.480346
-0.518289
-0.497078
-0.477723
-0.523021
-0.474692
-0.489527
-0.562885
-0.514665
-0.500438
-0.424139
-0.399639
-0.377868
-0.386287
-0.425014
-0.519152
-0.422866
-0.456908
-0.436033
-0.498525
-0.379297
-0.416162
-0.445788
-0.422003
-0.388943
-0.343831
-0.372475
-0.420688
-0.367961
-0.384315
-0.334984
-0.345655
-0.391211
-0.34854
-0.358018
-0.400149
-0.423355
-0.402727
-0.472983
-0.44335
-0.48133
-0.48414
-0.512495
-0.454268
-0.387871
-0.369309
-0.389564
-0.3553
-0.332761
-0.285969
-0.28022
-0.263553
-0.300597
-0.347901
-0.312274
-0.344987
-0.417102
-0.408478
-0.488212
-0.410196
-0.387491
-0.359015
-0.383437
-0.35143
-0.407117
-0.369827
-0.415374
-0.421845
-0.451019
-0.358577
-0.388941
-0.358555
-0.381399
-0.395184
-0.394916
-0.348649
-0.368205
-0.396568
-0.347384
-0.381338
-0.368944
-0.412184
-0.373817
-0.36477
-0.337093
-0.379954
-0.44304
-0.445648
-0.392847
-0.361592
-0.313822
-0.246839
-0.358796
-0.404453
-0.329531
-0.339149
-0.347864
-0.340521
-0.321741
-0.388135
-0.318901
-0.419763
-0.417787
-0.443133
-0.384388
-0.414579
-0.424012
-0.409134
-0.451669
-0.466649
-0.409256
-0.397527
-0.36976
-0.431981
-0.427138
-0.36968
-0.471001
-0.481968
-0.446039
-0.433849
-0.449049
-0.429089
-0.386917
-0.39081
-0.384566
-0.356867
-0.324706
-0.40923
-0.423446
-0.42615
-0.454692
-0.466725
-0.387505
-0.385334
-0.37678
-0.443051
-0.345456
-0.369468
-0.404564
-0.334595
-0.328771
-0.35666
-0.369427
-0.363439
-0.423775
-0.460968
-0.415477
-0.416493
-0.395397
-0.362706
-0.421047
-0.409783
-0.408453
-0.438469
-0.465049
-0.479344
-0.44985
-0.530349
-0.450506
-0.423096
-0.448848
-0.417031
-0.428636
-0.456169
-0.483801
-0.420889
-0.410417
-0.39281
-0.410302
-0.430825
-0.39169
-0.396441
-0.395216
-0.410424
-0.469864
-0.500688
-0.474893
-0.483093
-0.420244
-0.434221
-0.436847
-0.459033
-0.421346
-0.435172
-0.406692
-0.453682
-0.372491
-0.386721
-0.419408
-0.383669
-0.375678
-0.426711
-0.396671
-0.387654
-0.452641
-0.404279
-0.433651
-0.448151
-0.479301
-0.343552
-0.380552
-0.435754
-0.43526
-0.39383
-0.386308
-0.405299
-0.376259
-0.397542
-0.350609
-0.365317
-0.382513
-0.409829
-0.392677
-0.419071
-0.38895
-0.387504
-0.346761
-0.397631
-0.385572
-0.384146
-0.38749
-0.483725
-0.488588
-0.428167
-0.474085
-0.484683
-0.419538
-0.388888
-0.388545
-0.399976
-0.405238
-0.374635
-0.427566
-0.372869
-0.390718
-0.429704
-0.444087
-0.433604
-0.428881
-0.369147
-0.407888
-0.383283
-0.409624
-0.441634
-0.382652
-0.399454
-0.388898
-0.375807
-0.437975
-0.429123
-0.409013
-0.425583
-0.395534
-0.443164
-0.377081
-0.428262
-0.449872
-0.451616
-0.439261
-0.538843
-0.480508
-0.514355
-0.47494
-0.468929
-0.504877
-0.420651
-0.388179
-0.37888
-0.397295
-0.308619
-0.344378
-0.321147
-0.348275
-0.342341
-0.348478
-0.349347
-0.340625
-0.336455
-0.372379
-0.423839
-0.46018
-0.483569
-0.447802
-0.415911
-0.433315
-0.381051
-0.36981
-0.366931
-0.356873
-0.39629
-0.369863
-0.415486
-0.356793
-0.388082
-0.302213
-0.387086
-0.426405
-0.391158
-0.413034
-0.486476
-0.507543
-0.479461
-0.455752
-0.414958
-0.399892
-0.419409
-0.4333
-0.370528
-0.423544
-0.366371
-0.410792
-0.445331
-0.408969
-0.420639
-0.340055
-0.304849
-0.295332
-0.313391
-0.365807
-0.357537
-0.368684
-0.383591
-0.379643
-0.38753
-0.413835
-0.413227
-0.491423
-0.433369
-0.426276
-0.454491
-0.467257
-0.430357
-0.448425
-0.46155
-0.394139
-0.38891
-0.493124
-0.451543
-0.364464
-0.459886
-0.449356
-0.453312
-0.440786
-0.398448
-0.36484
-0.360031
-0.414589
-0.360626
-0.373042
-0.450937
-0.429393
-0.278933
-0.35737
-0.351147
-0.3675
-0.409305
-0.293357
-0.418768
-0.393261
-0.344086
-0.401915
-0.343698
-0.426308
-0.450307
-0.341467
-0.352154
-0.416313
-0.411144
-0.332729
-0.383167
-0.444175
-0.498049
-0.443953
-0.475791
-0.445309
-0.423431
-0.406267
-0.40439
-0.464989
-0.43728
-0.431206
-0.409311
-0.395761
-0.365865
-0.372602
-0.403335
-0.435778
-0.41599
-0.413299
-0.403903
-0.381684
-0.363927
-0.356192
-0.423918
-0.421596
-0.432011
-0.443501
-0.515894
-0.506593
-0.477845
-0.516782
-0.53731
-0.509787
-0.509993
-0.465545
-0.616151
-0.526548
-0.49273
-0.471588
-0.487785
-0.381419
-0.443963
-0.454389
-0.43806
-0.415946
-0.377522
-0.454101
-0.43309
-0.414162
-0.377796
-0.375427
-0.349351
-0.299143
-0.348424
-0.402359
-0.449757
-0.495878
-0.472467
-0.476393
-0.455692
-0.410057
-0.41674
-0.451154
-0.462416
-0.500291
-0.453515
-0.379434
-0.434346
-0.498744
-0.491558
-0.470629
-0.43763
-0.423904
-0.404156
-0.350368
-0.397713
-0.390838
-0.407131
-0.447088
-0.437348
-0.535584
-0.542714
-0.463944
-0.483724
-0.487696
-0.516778
-0.519739
-0.495672
-0.511603
-0.463189
-0.531522
-0.439689
-0.384396
-0.338145
-0.332338
-0.33125
-0.457701
-0.42682
-0.405407
-0.449377
-0.457024
-0.427873
-0.51253
-0.473139
-0.516881
-0.477176
-0.464311
-0.515913
-0.454834
-0.467696
-0.458693
-0.530742
-0.491826
-0.445579
-0.419747
-0.371774
-0.403919
-0.383359
-0.410146
-0.409257
-0.443614
-0.479517
-0.424694
-0.477774
-0.39137
-0.391389
-0.471208
-0.460729
-0.484418
-0.441308
-0.434302
-0.430549
-0.493681
-0.525956
-0.457502
-0.454901
-0.405346
-0.339125
-0.321454
-0.365617
-0.350367
-0.346012
-0.328705
-0.289404
-0.353439
-0.294367
-0.360947
-0.393695
-0.429836
-0.417463
-0.461216
-0.407711
-0.402421
-0.406953
-0.448601
-0.369602
-0.37594
-0.361779
-0.415955
-0.389725
-0.414979
-0.391025
-0.411354
-0.419071
-0.391243
-0.419941
-0.417607
-0.445412
-0.454757
-0.536706
-0.49965
-0.5398
-0.583997
-0.55839
-0.562376
-0.506407
-0.568938
-0.596811
-0.537519
-0.552802
-0.464279
-0.553038
-0.522216
-0.516574
-0.498488
-0.498641
-0.493255
-0.440218
-0.422979
-0.365817
-0.401598
-0.426149
-0.45978
-0.424369
-0.443894
-0.417509
-0.371179
-0.432786
-0.454127
-0.501118
-0.477835
-0.440208
-0.461727
-0.389558
-0.480627
-0.440783
-0.408646
-0.449346
-0.434122
-0.379891
-0.353339
-0.340683
-0.327476
-0.396771
-0.404169
-0.396369
-0.416481
-0.425591
-0.421611
-0.399618
-0.382448
-0.421307
-0.361658
-0.386491
-0.389074
-0.375892
-0.383845
-0.382577
-0.410131
-0.39532
-0.419418
-0.413449
-0.481694
-0.468136
-0.45444
-0.519286
-0.570709
-0.500389
-0.51755
-0.510247
-0.445578
-0.445905
-0.413355
-0.339164
-0.380705
-0.435166
-0.44845
-0.35781
-0.371405
-0.470032
-0.400851
-0.364557
-0.345888
-0.38207
-0.476789
-0.368967
-0.350797
-0.407925
-0.329072
-0.370451
-0.380347
-0.406998
-0.376675
-0.429506
-0.385422
-0.370267
-0.382972
-0.359846
-0.361306
-0.382491
-0.35626
-0.387142
-0.376583
-0.358308
-0.440865
-0.39798
-0.386192
-0.354158
-0.393521
-0.418853
-0.404276
-0.390271
-0.318366
-0.377456
-0.353154
-0.349698
-0.342192
-0.398543
-0.355015
-0.388403
-0.346425
-0.357783
-0.337622
-0.332979
-0.363087
-0.38719
-0.337294
-0.36046
-0.38492
-0.366181
-0.308943
-0.30154
-0.378646
-0.439626
-0.353438
-0.401289
-0.39291
-0.380977
-0.41507
-0.470529
-0.419519
-0.408956
-0.428315
-0.42948
-0.413709
-0.43848
-0.504676
-0.463731
-0.42192
-0.437461
-0.42084
-0.484748
-0.483101
-0.445073
-0.406271
-0.404074
-0.41278
-0.417017
-0.397198
-0.430644
-0.409324
-0.428282
-0.405762
-0.431967
-0.427201
-0.44136
-0.428498
-0.47584
-0.505298
-0.432536
-0.400581
-0.409409
-0.480516
-0.442083
-0.510284
-0.54016
-0.560406
-0.527265
-0.515544
-0.503412
-0.546397
-0.50777
-0.555306
-0.557988
-0.505876
-0.510941
-0.520005
-0.579484
-0.617206
-0.550523
-0.560881
-0.642063
-0.534784
-0.566301
-0.53783
-0.484959
-0.498872
-0.470495
-0.502148
-0.479572
-0.410688
-0.500714
-0.449994
-0.404944
-0.409544
-0.463989
-0.490789
-0.551751
-0.505343
-0.473664
-0.443629
-0.441089
-0.414309
-0.449291
-0.487402
-0.395716
-0.429569
-0.475868
-0.428065
-0.461409
-0.401069
-0.462025
-0.382202
-0.373647
-0.361403
-0.391046
-0.379274
-0.375005
-0.386941
-0.382625
-0.361908
-0.463663
-0.398663
-0.416732
-0.359954
-0.392195
-0.379002
-0.42071
-0.427605
-0.390072
-0.366683
-0.440937
-0.418705
-0.467218
-0.456746
-0.502092
-0.493266
-0.464542
-0.42618
-0.505639
-0.458031
-0.465593
-0.400935
-0.398631
-0.403784
-0.347675
-0.398413
-0.434924
-0.500607
-0.531546
-0.520423
-0.411178
-0.379781
-0.36763
-0.326675
-0.347538
-0.375496
-0.427826
