0.056485
0.0563081
0.0429428
0.0403265
0.0538152
0.0557218
0.0484316
0.0433507
0.0426978
0.0410499
0.0415819
0.0495575
0.0499575
0.0446736
0.0407383
0.0419324
0.0509213
0.0556716
0.0622801
0.0538624
0.0403005
0.0379691
0.0417581
0.0416812
0.0414568
0.0532138
0.0602708
0.0485706
0.0390106
0.0501732
0.0426873
0.0415632
0.0621098
0.0484431
0.0462093
0.0483488
0.0393757
0.0466134
0.0455534
0.0403607
0.0468843
0.0411541
0.0501567
0.0458613
0.0543571
0.0621969
0.0535172
0.0474884
0.0459433
0.0491072
0.0446025
0.0528394
0.044309
0.0453746
0.0604486
0.0452442
0.0471218
0.0478891
0.0513003
0.0584969
0.0479997
0.056297
0.0417189
0.0550925
0.0503005
0.0373433
0.0542513
0.0408611
0.0517205
0.0416627
0.0337529
0.049475
0.0530195
0.0425938
0.0584472
0.0455411
0.0494966
0.0519565
0.0467181
0.0493067
0.0466023
0.0558196
0.0681237
0.0440182
0.0388068
0.0511427
0.0401012
0.0486571
0.0410786
0.0386088
0.0525988
0.0676472
0.0434337
0.0438181
0.0476601
0.0543662
0.0490628
0.0479198
0.039119
0.0494946
0.0548821
0.0432639
0.0623644
0.0448783
0.0601494
0.045958
0.0554499
0.0538197
0.0459072
0.0384643
0.0526352
0.0534975
0.0437895
0.0370091
0.0386641
0.0512396
0.0511984
0.0564631
0.0405352
0.0346181
0.0460102
0.0379849
0.0507275
0.0471322
0.0511497
0.0354703
0.0424994
0.0440437
0.0337818
0.0324851
0.0371823
0.0439876
0.0579418
0.0607619
0.0448751
0.0456893
0.0452169
0.0520503
0.0448111
0.0637401
0.0549527
0.0547402
0.051845
0.0501549
0.0448643
0.0436772
0.0458425
0.0482665
0.03256
0.0317749
0.0398921
0.0425722
0.0480548
0.0386915
0.0471109
0.0489107
0.049239
0.0503182
0.0473623
0.0526994
0.0454735
0.0579018
0.0589194
0.066263
0.063843
0.0571208
0.0603152
0.0446815
0.0439291
0.0391199
0.0429147
0.0443806
0.0579369
0.0522504
0.0604029
0.0588946
0.0678062
0.0676024
0.053309
0.0594442
0.0506157
0.0469492
0.0489778
0.0468828
0.0554199
0.0557289
0.0433317
0.0570448
0.059531
0.0585314
0.0480202
0.0518867
0.0514844
0.0398443
0.0595448
0.0616704
0.0478269
0.0513519
0.0531159
0.0571785
0.0635099
0.0614212
0.0603426
0.042466
0.0464629
0.0494806
0.0420864
0.054662
0.0498949
0.0567599
0.0408423
0.0521625
0.0490091
0.0471235
0.0416683
0.0467203
0.0461942
0.0423318
0.0596102
0.0593373
0.0426444
0.0438635
0.0500388
0.048018
0.0482176
0.0414145
0.0494049
0.0483864
0.0507253
0.0510222
0.0420194
0.0523124
0.0444238
0.0635641
0.0470142
0.0427435
0.0516151
0.0477747
0.0528835
0.0494547
0.0499274
0.0596091
0.0557016
0.0528879
0.0390302
0.0384051
0.0496684
0.050055
0.0519742
0.0504609
0.0546917
0.0603442
0.0784349
0.0569429
0.048322
0.0484677
0.0462403
0.0425208
0.0554102
0.0564083
0.0552371
0.0599387
0.0406718
0.0423131
0.057031
0.0523023
0.0498078
0.050117
0.054245
0.0491884
0.0424868
0.0450265
0.0424901
0.0524393
0.0469921
0.0489654
0.0441256
0.03787
0.0361412
0.0370926
0.0466573
0.0558638
0.0517891
0.046212
0.04515
0.0346748
0.0445542
0.0417054
0.0460142
0.0452165
0.0490965
0.0509548
0.0550992
0.0398378
0.0477733
0.0427223
0.0424256
0.0504992
0.0494057
0.0431309
0.0481903
0.0509201
0.05012
0.0624268
0.0419857
0.0535336
0.0462589
0.0655717
0.0629501
0.0426407
0.0385541
0.0459321
0.0385254
0.0451659
0.0646882
0.053687
0.0450243
0.0459837
0.0447298
0.0455548
0.0423865
0.04085
0.04617
0.0433865
0.0422864
0.0511022
0.0796212
0.0498541
0.0460006
0.0445955
0.0423896
0.0380718
0.0518224
0.0513221
0.0440901
0.0639507
0.0497309
0.0433121
0.0392365
0.0474325
0.0507885
0.0432688
0.0451911
0.054333
0.0461728
0.0392038
0.0483722
0.0438222
0.0535767
0.0785812
0.0818423
0.0624825
0.0423477
0.0488219
0.0669554
0.0412987
0.0444269
0.0572808
0.0418539
0.0524048
0.0621167
0.0502581
0.04924
0.047546
0.0496779
0.0508536
0.0460794
0.035496
0.0427224
0.0557453
0.0631839
0.0624082
0.052864
0.0411574
0.0344795
0.0388818
0.0338952
0.0374383
0.0291084
0.0408585
0.0374539
0.049468
0.0506058
0.0554367
0.0440216
0.0333972
0.0391164
0.0389759
0.0516411
0.0473927
0.0527255
0.0439711
0.0448221
0.0525345
0.0397468
0.0558029
0.0442833
0.0529288
0.0355619
0.039012
0.0403612
0.0490981
0.0379506
0.0435193
0.0430159
0.0443134
0.056485
0.0475017
0.0552372
0.0389781
0.0520076
0.0457518
0.0375851
0.0517403
0.0557921
0.0692838
0.0556844
0.0658655
0.0471831
0.0458366
0.0409697
0.0579852
0.0497801
0.0535197
0.0645737
0.049253
0.0544373
0.0531953
0.0561987
0.0568909
0.0427012
0.0526278
0.0576874
0.0624967
0.0566851
0.054972
0.0495792
0.0473616
0.0409375
0.0447571
0.0435123
0.0518495
0.0428918
0.0716286
0.0704485
0.0466538
0.0496446
0.0469821
0.0527689
0.0499173
0.049811
0.0421147
0.0345273
0.0457351
0.0469586
0.0450849
0.0437238
0.0483472
0.0458535
0.0532144
0.0693279
0.0647467
0.0631403
0.0476855
0.0415397
0.0615425
0.0601187
0.0495352
0.0414831
0.0516928
0.0476597
0.0501235
0.059758
0.0576262
0.0513589
0.0433161
0.0508484
0.0524183
0.0396652
0.038256
0.0356915
0.0505877
0.0548567
0.0459828
0.0470148
0.0464057
0.0576587
0.0546903
0.0383765
0.055846
0.0486183
0.0507662
0.0435141
0.043711
0.044343
0.0448236
0.0396176
0.0504114
0.0449612
0.0529286
0.0483808
0.0462822
0.0488793
0.0420446
0.0434213
0.0479026
0.0490105
0.0450532
0.0547936
0.0449807
0.0423447
0.0495373
0.0480947
0.0380478
0.0438995
0.0666465
0.0374748
0.0489609
0.0444344
0.0535062
0.0465896
0.0481952
0.0525107
0.0435072
0.0619255
0.0441072
0.0462611
0.0482538
0.0413207
0.0451686
0.037131
0.0495956
0.0523752
0.0767816
0.0473465
0.0619022
0.0506027
0.0424108
0.055256
0.0499797
0.0443479
0.0404265
0.0538627
0.0484002
0.0608723
0.0465305
0.044552
0.0449904
0.0403415
0.0421537
0.043096
0.0491403
0.0523477
0.0507412
0.0359858
0.0352724
0.0596752
0.0656782
0.0469188
0.04565
0.0678576
0.056977
0.0610431
0.0622028
0.052466
0.0499485
0.0427292
0.0420902
0.0510428
0.0473983
0.0450438
0.0490777
0.0575848
0.0629085
0.043094
0.0495829
0.0413473
0.05351
0.0474232
0.0603955
0.0607386
0.0488803
0.0472274
0.0435548
0.0529473
0.0421742
0.044001
0.0438269
0.0439486
0.0418894
0.05375
0.0427736
0.0489456
0.0454758
0.0500086
0.0486967
0.0496117
0.0452491
0.0522452
0.0641686
0.0521591
0.0422693
0.0387516
0.0630477
0.0485691
0.0497812
0.0610337
0.0601433
0.0631072
0.043795
0.0714056
0.0662563
0.0481195
0.0444681
0.0457861
0.0534014
0.0654752
0.0688196
0.0502655
0.0403828
0.0532004
0.0537934
0.0533717
0.0493233
0.0546159
0.0478302
0.0561784
0.0517201
0.0563238
0.0420551
0.045426
0.0401933
0.0466547
0.0495096
0.0489096
0.0499449
0.0452247
0.0385146
0.0403731
0.0541547
0.0387369
0.0487135
0.0422753
0.0336582
0.0431458
0.0534992
0.0455735
0.0436728
0.042704
0.0619125
0.0527052
0.0436862
0.0368998
0.0444379
0.0596725
0.0502527
0.0543277
0.0447317
0.0498015
0.0475158
0.0564625
0.0594971
0.0610296
0.0641428
0.0429113
0.0417579
0.0415295
0.0430488
0.0461128
0.0557841
0.0449806
0.0369109
0.0422148
0.0387392
0.0453433
0.0435673
0.0513923
0.0393498
0.0451413
0.0468483
0.0520719
0.0522347
0.0457932
0.0404448
0.0451998
0.0545494
0.0538308
0.0631134
0.0521754
0.0456777
0.0414688
0.0420761
0.0382189
0.0613173
0.0575027
0.0409319
0.0386517
0.0445112
0.0510755
0.0642109
0.0706325
0.0494928
0.0507145
0.0601732
0.0487265
0.0390669
0.0372441
0.0408931
0.0380924
0.0328015
0.036068
0.0445121
0.0461326
0.0499796
0.0454719
0.0497215
0.0466065
0.0601311
0.0418209
0.0461515
0.0497843
0.05445
0.0639501
0.0613795
0.0562159
0.0442564
0.0452568
0.0547598
0.041593
0.0392136
0.0436808
0.0574103
0.0425829
0.0415501
0.0481102
0.0392195
0.0498607
0.0464177
0.0471161
0.0383841
0.036504
0.0544733
0.0659613
0.0543176
0.0642031
0.0504329
0.0443108
0.043548
0.049222
0.0524924
0.0487095
0.0481911
0.0491727
0.0560319
0.0543381
0.0636127
0.0479196
0.052191
0.0394596
0.0355329
0.0419481
0.0703983
0.0530544
0.0637214
0.0438019
0.0527667
0.0436242
0.0436928
0.0376871
0.0466171
0.0488714
0.0419883
0.0382242
0.045854
0.052971
0.0441745
0.0435475
0.0466436
0.050212
0.0332338
0.0496225
0.0543331
0.0533333
0.0519975
0.0431053
0.044335
0.0454344
0.0499483
0.0485864
0.0435266
0.0443511
0.0370746
0.041813
0.0484559
0.0452914
0.0538722
0.0378576
0.0527074
0.0418855
0.041901
0.0558914
0.0572144
0.0486514
0.0419262
0.0454635
0.0535489
0.0601413
0.0737123
0.0503869
0.0409001
0.038432
0.0509146
0.0575233
0.0462926
0.0476919
0.0414096
0.0419844
0.0473775
0.0396242
0.0367753
0.0511296
0.0513886
0.0503217
0.0398603
0.0508312
0.0484621
0.0512473
0.0466935
0.0499623
0.0375199
0.0469586
0.0580875
0.0466485
0.0499165
0.0473592
0.046786
0.048557
0.0614531
0.0659405
0.0472888
0.0471022
0.0500117
0.0405815
0.0467426
0.0542696
0.0414523
0.0443521
0.0437907
0.0465711
0.0423602
0.0446324
0.0583296
0.0558011
0.0446112
0.0486765
0.0529454
0.0607471
0.0527952
0.0489731
0.0441863
0.0500039
0.0478953
0.0420564
0.0395697
0.0455525
0.0413799
0.0472103
0.0470604
0.0451963
0.0684074
0.0397963
0.0417963
0.0411926
0.0507752
0.0492417
0.0450309
0.0599855
0.0460506
0.0480566
0.0538637
0.0435165
0.0419506
0.050495
0.0510811
0.0457256
0.0420479
0.0413379
0.0408417
0.0370131
0.0503248
0.0446719
0.047438
0.0523322
0.0575758
0.0628368
0.0419745
0.0412098
0.035638
0.046093
0.0338171
0.0415064
0.0423739
0.044626
0.0430636
0.0317294
0.0412694
0.0718612
0.0666206
0.0479054
0.0563462
0.0449254
0.0441591
0.0371628
0.0399815
0.0409053
0.0614866
0.0487114
0.045243
0.0406321
0.0433747
0.0478378
0.0420251
0.0478671
0.0601966
0.0472546
0.0389382
0.0375122
0.0480519
0.0439007
0.0441168
0.0419154
0.0491959
0.0445883
0.0401793
0.039785
0.0473421
0.0433592
0.0488714
0.0529101
0.054117
0.0624088
0.0578459
0.0591556
0.0651319
0.0518877
0.0410782
0.039654
0.0447354
0.0478108
0.0463913
0.0422213
0.0453807
0.0442275
0.0461442
0.049396
0.0572036
0.050346
0.046147
0.0446938
0.0551557
0.0512171
0.0431143
0.0478504
0.040692
0.0650151
0.066318
0.0503525
0.0441819
0.043802
0.0605761
0.0575346
0.0528359
0.0532447
0.0553606
0.0574347
0.0600354
0.0429833
0.051536
0.0505494
0.0478844
0.0574728
0.0532088
0.0465072
0.0389845
0.0498532
0.0603582
0.0560418
0.0487358
0.0518697
0.0464835
0.0480083
0.0411828
0.047101
0.0493887
0.0552944
0.0489465
0.0527273
0.0564532
0.0436776
0.0447415
0.047614
0.0512281
0.059317
0.062175
0.0447957
0.0522638
0.0445641
0.0527939
0.0427083
0.0410081
0.0500397
0.0422177
0.0491125
0.0452388
0.0427192
0.046736
0.0491193
0.0496821
0.0385759
0.0401005
0.0543477
0.0453376
0.0548062
0.0526677
0.0490004
0.0421013
0.0454831
0.0480507
0.0539634
0.037254
0.060499
0.053158
0.0446441
0.0442978
0.0418038
0.0439782
0.0409669
0.0415726
0.0426564
0.0409785
0.0359161
0.0413156
0.0529733
0.0361993
0.0390752
0.0417689
0.0378188
0.0391404
0.0365875
0.0438978
0.0477495
0.056045
0.0511736
0.0469493
0.0572901
0.0388837
0.0420048
0.0395646
0.0484418
0.048697
0.0543156
0.0535664
0.0562913
0.0614923
0.0524382
0.065966
0.0525211
0.0657504
0.0597208
0.0579021
0.0670695
0.0396266
0.0508436
0.0458148
0.0429206
0.0516222
0.0581326
0.0665938
0.0538408
0.0580094
0.0554621
0.0481468
0.048007
0.0440965
0.0416457
0.0476542
0.0498055
0.0396607
0.055531
0.0554119
0.0465957
0.0477382
0.0572766
0.0477272
0.0681499
0.0494365
0.0537306
0.0546056
0.0552098
0.0480113
0.0494092
0.0476903
0.0501745
0.0387251
0.0553437
0.0518217
0.0521171
0.046813
0.0428942
0.0395671
0.0533688
0.0384119
0.0465927
0.0532151
0.0529673
0.079356
0.0513395
0.0483443
0.0482592
0.0444738
0.057377
0.0546246
0.0497616
0.0445972
0.0466544
0.0467349
0.0434926
0.0386759
0.0493211
0.059539
0.0568287
0.0467417
0.0435128
0.0374582
0.0415548
0.0537969
0.0487726
0.0427401
0.0666223
0.0593289
0.0500222
0.0570447
0.0447411
0.0387287
0.0457806
0.0453305
0.0360474
0.0529621
0.0457882
0.036186
0.0513219
0.0485226
0.0458201
0.0492887
0.0726791
0.0604205
0.0487309
0.0451709
0.0515469
0.0511571
0.0481809
0.059562
0.0461083
0.0542492
0.0498349
0.0520021
0.045286
0.0429535
0.0387943
0.0465369
0.053452
0.0395161
0.0417887
0.038367
0.0504348
0.0527858
0.0557405
0.0623092
0.0498125
0.0643777
0.0927261
0.0849232
0.0438052
0.0692424
0.0648586
0.0496251
0.0480237
0.0429044
0.0522966
0.0551473
0.0471432
0.043194
0.050796
0.067073
0.0579329
0.0482541
0.0409712
0.0353072
0.046159
0.0426286
0.0430108
0.0460708
0.0552684
0.0425433
0.0467637
0.0503482
0.0447373
0.056434
0.0647844
0.0591352
0.0472146
0.0483916
0.0553494
0.0454885
0.0402728
0.0443389
0.0523803
0.0409612
0.0519905
0.0376543
0.0479273
0.0450319
0.0546873
0.0440129
0.04604
0.038175
0.0601184
0.0451774
0.0540831
0.0500731
0.0363047
0.0408056
0.0426449
0.0367511
0.040564
0.0378681
0.051301
0.0664741
0.0613639
0.0577835
0.0417169
0.0517587
0.0572347
0.0380183
0.0543151
0.0609527
0.0419194
0.0534282
0.0393546
0.0354691
0.0391239
0.0404996
0.042174
0.0498355
0.0544402
0.0504362
0.043349
0.0488608
0.0538299
0.0602119
0.0529319
0.0541205
0.0690753
0.0548214
0.0648555
0.0440265
0.0603449
0.0788025
0.0793459
0.0519863
0.0503849
0.0476017
0.0432647
0.0434564
0.0429382
0.0424055
0.056337
0.0505034
0.0599353
0.0620645
0.0589296
0.050606
0.0665924
0.0549242
0.0559927
0.0438134
0.0443132
0.0408653
0.044138
0.043507
0.049601
0.063944
0.0481686
0.0465035
0.047511
0.04262
0.0561863
0.0680576
0.0505546
0.046426
0.0444204
0.0499624
0.0577675
0.0625622
0.0563245
0.0732851
0.055858
0.054423
0.0433476
0.0588854
0.0573438
0.0566846
0.0540252
0.0555854
0.0581828
0.0497812
0.0426116
0.0455518
0.0539857
0.0439509
0.0407973
0.0412168
0.0504672
0.0502972
0.0390659
0.0523993
0.0617087
0.0494729
0.053952
0.0487662
0.0491224
0.045183
0.045231
0.0373832
0.0425693
0.0472347
0.0443206
0.0516773
0.0565008
0.0348877
0.0481756
0.0375505
0.0536604
0.0474647
0.0439975
0.0392248
0.0502511
0.0548686
0.0647817
0.0428384
0.055743
0.0554966
0.0629266
0.0626337
0.0643528
0.056821
0.0483773
0.0429234
0.0453255
0.0516907
0.0509649
0.0456207
0.0508093
0.0465178
0.0545336
0.0587179
0.0501642
0.0554364
0.0586448
0.0487157
0.0365397
0.0427437
0.0485564
0.0571522
0.0555301
0.0434107
0.048855
0.0513682
0.0540379
0.045335
0.0383235
0.0409093
0.0480076
0.0610367
0.0455238
0.0489639
0.047315
0.0478363
0.0436558
0.0423085
0.0416332
0.0594504
0.0466668
0.0634035
0.0543675
0.0521102
0.0455508
0.0657453
0.0718818
0.0482269
0.0454262
0.0482452
0.055612
0.0495908
0.0474376
0.0382644
0.0472464
0.0469843
0.0521136
0.0406119
0.0574284
0.0552632
0.0435373
0.0551015
0.0410071
0.0449961
0.0441057
0.0389334
0.0347763
0.0431555
0.0425832
0.0395615
0.041739
0.0501447
0.0481451
0.0470765
0.0589423
0.0681596
0.0522713
0.0519037
0.0573462
0.0689069
0.0635011
0.054771
0.0432166
0.0587528
0.0596129
0.0506429
0.0576561
0.0487356
0.0408966
0.0491742
0.0471119
0.0557908
0.0429375
0.041196
0.0446121
0.0432305
0.0497268
0.0576475
0.0511359
0.0381587
0.0571947
0.0566585
0.0490335
0.0462361
0.0577119
0.0569989
0.0617583
0.0497216
0.0405431
0.0485741
0.0420782
0.0497717
0.040368
0.0406048
0.0344861
0.0436183
0.0574907
0.0525803
0.0466602
0.0406513
0.049166
0.0330074
0.0381096
0.0528748
0.0501092
0.0543669
0.0496036
0.05128
0.0470935
0.0487031
0.0526487
0.0471821
0.0472451
0.0456114
0.0446466
0.0430415
0.0596096
0.0429821
0.0566526
0.0586168
0.0511316
0.0478066
0.0441299
0.0561468
0.0470146
0.042205
0.0486625
0.0553162
0.0398049
0.039507
0.042485
0.0400967
0.0429787
0.0504054
0.0448148
0.0492686
0.0448527
0.0459925
0.0519035
0.0432048
0.0443961
0.0435455
0.0474361
0.0497136
0.0424032
0.0432511
0.0493201
0.0519866
0.0741171
0.056146
0.0649576
0.0580077
0.0423467
0.0455165
0.0377227
0.0402179
0.0407003
0.0429677
0.0441248
0.0602665
0.0537458
0.0579088
0.0447109
0.0516729
0.0533856
0.0527284
0.0581252
0.0520878
0.0626905
0.0484392
0.0516231
0.0380504
0.0540764
0.0560395
0.0461838
0.0533349
0.0483147
0.0554238
0.0451027
0.0478547
0.055123
0.0507845
0.0445498
0.0430829
0.0642352
0.0589867
0.0401181
0.0368677
0.0364873
0.0328093
0.0363368
0.0455652
0.0417634
0.0427198
0.0437841
0.0468471
0.0541446
0.0618867
0.0398991
0.0464908
0.0475112
0.0349823
0.056034
0.0573972
0.0411032
0.0450384
0.0564079
0.0485085
0.0405382
0.0429524
0.0560384
0.0516933
0.057782
0.0525806
0.0421876
0.0583131
0.0570166
0.0479694
0.054965
0.0389289
0.0363706
0.040482
0.0402035
0.0457861
0.0427778
0.0456204
0.0388163
0.0463458
0.0498952
0.0457877
0.0455592
0.0466386
0.0488036
0.0461442
0.0612503
0.0429674
0.0445966
0.0491281
0.0494888
0.0454496
0.0554475
0.0454919
0.033843
0.0492072
0.0481215
0.056469
0.0556388
0.0505219
0.0454465
0.0488719
0.0465481
0.0516927
0.0589758
0.0451897
0.0393423
0.04236
0.0468992
0.0611459
0.0409172
0.0486455
0.0472493
0.0370769
0.0390496
0.0400568
0.0497345
0.0423087
0.0429996
0.0358932
0.038749
0.046997
0.0532945
0.04186
0.046557
0.0463539
0.0441307
0.0420474
0.0491834
0.0378693
0.043817
0.0452822
0.0475639
0.0458075
0.0423777
0.0409519
0.0471841
0.0716181
0.0698638
0.0528335
0.057694
0.0522339
0.0416474
0.0395749
0.0409455
0.0422191
0.0457086
0.0526899
0.0494438
0.0375882
0.0381276
0.0416439
0.0491185
0.0553416
0.042907
0.0474239
0.0499482
0.0440935
0.0485734
0.0491439
0.0557884
0.0533153
0.0522342
0.0414618
0.0347223
0.0476457
0.0499392
0.0577732
0.0473371
0.0405918
0.0383442
0.0568468
0.0554297
0.0403948
0.0456761
0.0538943
0.0505392
0.04311
0.0435654
0.0416088
0.0357542
0.0427496
0.0513436
0.0533621
0.0521781
0.0405191
0.0387871
0.0397671
0.0476047
0.0529044
0.0448669
0.0395521
0.0542739
0.045775
0.0461378
0.0449838
0.0430359
0.0450635
0.0590134
0.0669723
0.0586412
0.0484256
0.0421586
0.0385371
0.0584514
0.048175
0.0586135
0.0607424
0.050701
0.0450576
0.0468093
0.045538
0.0472901
0.0428286
0.0456794
0.0426259
0.0480947
0.0443724
0.0445498
0.0484697
0.0415946
0.0453775
0.0461807
0.0432239
0.0473892
0.0543182
0.046469
0.0484238
0.0448571
0.0467454
0.0555137
0.0516798
0.0500984
0.0470259
0.0404952
0.040558
0.0454199
0.0508795
0.0523513
0.054949
0.0384551
0.0396222
0.0393101
0.0492874
0.0553329
0.0570842
0.0456195
0.0483484
0.0496856
0.0494788
0.0499693
0.0511378
0.0535583
0.0446022
0.0366319
0.0450138
0.0422278
0.0442685
0.051451
0.0511751
0.0565632
0.0523158
0.0415407
0.0561844
0.0600662
0.0443381
0.0451889
0.050253
0.052206
0.0607286
0.080607
0.0844916
0.0601669
0.0526701
0.0445238
0.0484054
0.0359299
0.0363452
0.0363365
0.043855
0.0419144
0.0460796
0.0525729
0.0510843
0.0398555
0.0500979
0.0427258
0.0433946
0.0443504
0.0411955
0.0498363
0.0588242
0.0455748
0.0431655
0.047932
0.0394288
0.0325966
0.0622773
0.051721
0.0423135
0.0458799
0.0450973
0.0410697
0.0454981
0.0428775
0.0472261
0.0514875
0.0481451
0.0425283
0.0506034
0.0439963
0.0418372
0.0506477
0.0402968
0.0510085
0.0430284
0.0487818
0.0387917
0.0702263
0.0513639
0.0471545
0.0462326
0.0553027
0.055207
0.0467592
0.0494486
0.0594248
0.0500987
0.046392
0.0545162
0.052651
0.0420902
0.0389278
0.0426029
0.060087
0.0351692
0.0391439
0.0438139
0.0436018
0.0470877
0.0534705
0.0463513
0.0503483
0.054457
0.0657101
0.0457018
0.0498075
0.0567847
0.0487959
0.0632683
0.0399235
0.040221
0.0479004
0.0528134
0.046242
0.0461649
0.0604505
0.0473466
0.0475302
0.0432548
0.0515815
0.0487842
0.0487635
0.0385319
0.0500044
0.0460571
0.0443136
0.034164
0.0623299
0.0589532
0.0368735
0.041399
0.0406717
0.0624841
0.0661534
0.0600646
0.0551836
0.0546184
0.0519663
0.0384807
0.0439172
0.059768
0.0533749
0.0541297
0.0503747
0.0548423
0.0487927
0.045324
0.0421731
0.0499296
0.0433197
0.0431954
0.0476387
0.0469858
0.0407446
0.0489553
0.0505388
0.0476422
0.0443421
0.0384287
0.0403894
0.0482069
0.0516599
0.0613083
0.0485346
0.0552088
0.0456227
0.0513922
0.0459616
0.0527018
0.0420376
0.0427449
0.0401974
0.036671
0.0518647
0.0521489
0.049213
0.0440413
0.0409701
0.0392259
0.0351664
0.0503998
0.0730932
0.0721143
0.0451923
0.040537
0.0465369
0.0470864
0.047291
0.0446694
0.0530377
0.0449531
0.0454384
0.046053
0.0543069
0.0478613
0.0426128
0.0583135
0.0533175
0.0623906
0.0694866
0.0505612
0.0597709
0.0363031
0.035714
0.0527645
0.0520622
0.0438261
0.0408127
0.0453314
0.0609789
0.0633766
0.0535239
0.0637265
0.0523401
0.039453
0.0517402
0.0521344
0.0473987
0.0454217
0.0490242
0.0540493
0.0396149
0.0423393
0.0524917
0.0367155
0.0336098
0.0386838
0.0433608
0.0418734
0.0555049
0.041835
0.033483
0.0389362
0.0499787
0.0395156
0.0418162
0.0378494
0.0527196
0.0448566
0.064814
0.0435997
0.0573577
0.0454577
0.052008
0.0516505
0.0456623
0.0476842
0.0443197
0.0363744
0.0390602
0.0546775
0.0491807
0.0451641
0.0417203
0.0448529
0.0450566
0.0415647
0.0417641
0.0495598
0.0569728
0.0457346
0.0428684
0.0562613
0.0576477
0.0572494
0.0514689
0.0441406
0.0430785
0.0467251
0.0449766
0.0624181
0.0485558
0.0525479
0.0491179
0.0528412
0.0433855
0.0458823
0.0440139
0.0549223
0.0634631
0.03631
0.0378998
0.048146
0.0505578
0.0469234
0.0532608
0.0430918
0.0491461
0.0659591
0.0429348
0.0424338
0.0564342
0.0548485
0.0418387
0.0349935
0.0429974
0.0479356
0.051014
0.045589
0.0617708
0.0624541
0.0603834
0.059351
0.0556901
0.0452749
0.050192
0.040179
0.046071
0.0523363
0.0512658
0.0498803
0.0626327
0.0526947
0.0440663
0.0625265
0.0502821
0.0551057
0.0440762
0.0430173
0.0416817
0.0455255
0.0498178
0.0529899
0.047102
0.043007
0.0475706
0.0401474
0.0536078
0.0693627
0.0598404
0.0509851
0.0598312
0.0452034
0.0554542
0.0471727
0.0496539
0.0568661
0.0427322
0.0451801
0.0383942
0.0355243
0.0374983
0.042678
0.0410886
0.0438934
0.0445961
0.0657705
0.0525122
0.0455155
0.0375483
0.0392831
0.0429358
0.0397073
0.0427822
0.0509566
0.0645913
0.0504147
0.0531406
0.060551
0.0533065
0.0397913
0.0522772
0.051026
0.0386013
0.0513654
0.0404433
0.0371449
0.05591
0.0508975
0.0383226
0.0394914
0.0351956
0.0363704
0.0522968
0.0462526
0.0462624
0.0463146
0.0375035
0.0439169
0.0455307
0.0443604
0.0527925
0.0734532
0.0472399
0.0551266
0.0416967
0.0434426
0.0445711
0.0366557
0.0505878
0.03732
0.0402316
0.0430189
0.0433366
0.04859
0.0503623
0.0415736
0.0482689
0.03893
0.0379445
0.0405908
0.0533633
0.0462968
0.0420809
0.048173
0.0449885
0.0548533
0.0644565
0.0441095
0.0464278
0.0366482
0.0390263
0.0483498
0.043955
0.0374837
0.0368796
0.0388434
0.04487
0.0467032
0.0467862
0.0351773
0.0428513
0.0528453
0.0483756
0.0544239
0.0446349
0.0664193
0.0612337
0.0592941
0.0459711
0.0584387
0.0530584
0.0514388
0.0499602
0.0521695
0.0499943
0.0514359
0.0443111
0.0512111
0.0540767
0.0476153
0.0555844
0.068494
0.0441522
0.0425014
0.0473139
0.0480963
0.0435459
0.0418007
0.0665251
0.0579805
0.0434066
0.0404144
0.0457223
0.0379821
0.034967
0.0323487
0.0287786
0.034868
0.0314729
0.0505419
0.0448237
0.0489847
0.034399
0.0470697
0.0432092
0.0456451
0.0502191
0.0579271
0.04735
0.0419735
0.0496871
0.0491865
0.0399351
0.040711
0.0408438
0.0432337
0.0482062
0.0346325
0.0424141
0.0455888
0.0478633
0.0511404
0.0678411
0.0475867
0.0337649
0.0400187
0.0542185
0.0520089
0.0504221
0.0565853
0.0447554
0.0419978
0.0485899
0.0569011
0.0438333
0.0462107
0.0508396
0.0641624
0.0493769
0.0420188
0.0400392
0.0495262
0.0565776
0.0521765
0.0440372
0.0628959
0.0576731
0.0387109
0.042826
0.0381781
0.0399812
0.0492634
0.0395724
0.0356629
0.0458456
0.0418807
0.0499804
0.0520545
0.0527296
0.0487863
0.0469955
0.0429289
0.0449633
0.0401864
0.0378444
0.0354242
0.0329305
0.0377088
0.0498056
0.070473
0.0515097
0.0386425
0.0382137
0.0537596
0.0454824
0.0447559
0.0435618
0.0528356
0.0663976
0.0594639
0.0529758
0.0576817
0.0640765
0.0610657
0.0566481
0.0478997
0.0504188
0.0506458
0.0544338
0.0497772
0.0339549
0.0390965
0.050217
0.0395609
0.0389061
0.0376369
0.0471277
0.0377563
0.0428629
0.0433518
0.0363668
0.0398563
0.0445756
0.042276
0.0410635
0.0472078
0.0564331
0.0565635
0.0486117
0.0575844
0.0489952
0.0496697
0.0523254
0.0531949
0.054324
0.0485444
0.0462122
0.0421307
0.0494219
0.053858
0.0574798
0.0386165
0.0570906
0.0440195
0.0346112
0.0488234
0.0445541
0.0475849
0.0402058
0.0371112
0.03665
0.0427286
0.0365865
0.0488058
0.0439611
0.0464896
0.0558615
0.0540932
0.0470465
0.0401138
0.0387033
0.0408101
0.047968
0.0486652
0.0426125
0.0690774
0.0816216
0.043016
0.0556037
0.0382394
0.0433225
0.0438356
0.0548813
0.0492647
0.0451607
0.0359729
0.044734
0.0456998
0.0400347
0.0639346
0.0520395
0.0534917
0.0567812
0.0445639
0.0490944
0.0504693
0.0390242
0.0475929
0.0375781
0.0421335
0.0511948
0.0475764
0.0516543
0.0471958
0.0446541
0.0516777
0.0485546
0.0464326
0.0556489
0.0534544
0.0535669
0.0548846
0.0507747
0.0497781
0.0510842
0.0541869
0.0407677
0.0477317
0.0479113
0.0462548
0.0492568
0.0461602
0.059465
0.0533691
0.0459408
0.0454527
0.0525945
0.0522397
0.0666306
0.0592819
0.0605666
0.0608607
0.0687738
0.0502166
0.0592263
0.0638202
0.0503376
0.0502199
0.0450711
0.0495287
0.0572219
0.061018
0.0493048
0.0400612
0.0643113
0.0567614
0.0620761
0.0487347
0.0480955
0.046432
0.0455139
0.046261
0.0488391
0.0654889
0.0539842
0.0472256
0.0321151
0.0386684
0.0403189
0.0495459
0.0443802
0.0407756
0.0519455
0.0506337
0.053644
0.0498549
0.0513113
0.0466599
0.0643058
0.0537744
0.0461278
0.0443801
0.0585969
0.0422077
0.0434151
0.0436952
0.0425158
0.0388551
0.0367791
0.0423588
0.0357563
0.0393855
0.0489446
0.0405409
0.0399537
0.0421215
0.0408939
0.055353
0.0554164
0.0508952
0.0493168
0.0571432
0.0421145
0.0449804
0.0495418
0.0550412
0.0621154
0.0638939
0.0541315
0.0626552
0.0570993
0.0402745
0.0419839
0.038063
0.0486211
0.0472931
0.0415606
0.0384169
0.0453827
0.0462345
0.0459721
0.0445515
0.0381081
0.0338546
0.0493049
0.0432767
0.0430113
0.0495455
0.0475621
0.056951
0.0369912
0.0365412
0.038547
0.0393997
0.053516
0.0672102
0.0404938
0.0573892
0.0449458
0.0457996
0.0560664
0.0411856
0.053179
0.050057
0.0491166
0.0425014
0.0440565
0.0398055
0.0435202
0.049925
0.0530579
0.0501699
0.039941
0.0469042
0.0386455
0.0602873
0.0395794
0.0440766
0.0528781
0.0443122
0.0414223
0.0412088
0.0405157
0.0421077
0.0491599
0.0446863
0.0425716
0.0451718
0.0454895
0.0421662
0.0511986
0.0667254
0.0455248
0.0390944
0.037794
0.0470014
0.0399632
0.0503983
0.0587827
0.0499623
0.0447404
0.042015
0.0576659
0.0529673
0.0562901
0.0465884
0.0389812
0.0559236
0.0518242
0.0406234
0.0495364
0.0425964
0.0418194
0.0591802
0.0530232
0.0475373
0.0460421
0.0478198
0.0426805
0.0461217
0.0385426
0.0414254
0.0522789
0.0494889
0.0483172
0.0449
0.0402137
0.053379
0.0503184
0.045501
0.0505614
0.0486602
0.0489897
0.0447872
0.0512922
0.067578
0.0631269
0.0580004
0.0497565
0.0645694
0.0562171
0.0508811
0.0492296
0.0457916
0.052624
0.0438259
0.0443811
0.0557231
0.0553703
0.0472905
0.0525257
0.0453245
0.0486356
0.0504862
0.0556512
0.0453022
0.0446662
0.0496402
0.0504779
0.0522848
0.0576422
0.0546195
0.0574937
0.0602054
0.0592118
0.0485585
0.0442695
0.0432275
0.0448418
0.0493483
0.059166
0.0413603
0.0472138
0.0513254
0.0476607
0.0455999
0.0470366
0.0514831
0.0528582
0.0572845
0.045374
0.0500209
0.0456214
0.0527582
0.0424606
0.0582843
0.051863
0.0486521
0.0471886
0.0439543
0.0534037
0.0534122
0.038367
0.0464797
0.0480434
0.0503526
0.0586266
0.0731719
0.03574
0.0447223
0.0500757
0.0496279
0.0408134
0.0495499
0.0575561
0.0462146
0.0409247
0.0485979
0.0440864
0.0450237
0.0546689
0.0569572
0.0477891
0.0574671
0.0455265
0.0401626
0.0493804
0.0469695
0.0428822
0.0683944
0.0666444
0.0415556
0.0534127
0.05559
0.0465596
0.0417964
0.0497533
0.0533072
0.056933
0.0460821
0.0524451
0.0424586
0.0384083
0.0451826
0.0460378
0.0634544
0.0535253
0.0551227
0.0547
0.0546888
0.0467942
0.0462879
0.0385784
0.0432371
0.0576073
0.045642
0.0551107
0.0570458
0.0556028
0.0474738
0.0469158
0.0466142
0.0413789
0.0495752
0.0541195
0.0477179
0.0453679
0.0512703
0.0474749
0.0474623
0.0382025
0.0518953
0.0406536
0.0456399
0.0465128
0.0547937
0.0478629
0.0466662
0.0505704
0.0370832
0.0372468
0.0422651
0.0532658
0.0450001
0.0372796
0.0489798
0.0540131
0.0520148
0.0427264
0.0482631
0.0556449
0.0696715
0.0442816
0.0493797
0.0508209
0.0496612
0.0512683
0.0589789
0.0480037
0.0529018
0.0418744
0.0505164
0.0410309
0.0381371
0.0436442
0.0495613
0.0608776
0.06509
0.0712065
0.0505175
0.0515321
0.0557535
0.0521476
0.0467887
0.0473006
0.0467054
0.0484542
0.0607997
0.0501709
0.05321
0.0458181
0.0414819
0.0425547
0.0516791
0.0439542
0.0442061
0.0561599
0.0560999
0.0461445
0.0526927
0.0507583
0.0527264
0.0506546
0.045763
0.0578937
0.0493004
0.0550636
0.049371
0.060338
0.0479707
0.047095
0.043239
0.0418988
0.041135
0.0532571
0.0544747
0.0517619
0.061885
0.0486456
0.0482792
0.0498465
0.0411848
0.059767
0.0438075
0.0503515
0.0585927
0.0546826
0.0462475
0.0597552
0.0483353
0.0570001
0.0479862
0.0401748
0.0431753
0.0513336
0.0425501
0.0505751
0.0650325
0.0608169
0.0747557
0.0589011
0.0521809
0.048162
0.0464996
0.0444121
0.0644226
0.0668936
0.0701181
0.0551155
0.0759395
0.0642009
0.056431
0.0592549
0.0639449
0.0497233
0.060075
0.0673326
0.059183
0.0645759
0.0513013
0.0508516
0.0626983
0.0506776
0.0484055
0.0393366
0.0368221
0.065454
0.0714638
0.0640274
0.0494902
0.0390426
0.0476139
0.0422546
0.0410215
0.0525532
0.0411579
0.0460285
0.0648533
0.0608899
0.0560436
0.0449124
0.0518706
0.043023
0.0514278
0.0434852
0.042273
0.0430872
0.049498
0.0473465
0.0450633
0.045144
0.0507732
0.0522469
0.0456129
0.0460762
0.0501394
0.0464581
0.0524271
0.0526619
0.0636918
0.0644266
0.054273
0.0497726
0.046347
0.0489529
0.0620383
0.0624558
0.0449639
0.0436535
0.0524903
0.0643206
0.0566731
0.0479474
0.0549654
0.0465429
0.0408563
0.0452067
0.0394278
0.0410456
0.0567331
0.0472088
0.0509448
0.0523787
0.0501738
0.0541366
0.0617118
0.0476414
0.0640632
0.0429438
0.0354107
0.0459925
0.0546729
0.0436232
0.0462182
0.0465857
0.0469513
0.0458919
0.0369895
0.039766
0.0463697
0.0554853
0.0491958
0.0426684
0.0516521
0.0635568
0.0460031
0.0450718
0.0481557
0.0474538
0.0468906
0.045358
0.0456102
0.0502438
0.0539132
0.0605083
0.0516798
0.0471695
0.0422692
0.0556477
0.0458479
0.0429968
0.0428135
0.0439965
0.0583011
0.0709365
0.0453931
0.055194
0.0511371
0.0476364
0.0590497
0.0608624
0.0617143
0.0560047
0.0403798
0.0470659
0.0563796
0.0533876
0.0511523
0.0440719
0.0451704
0.0433824
0.046857
0.0482238
0.0400623
0.039716
0.0473151
0.0556845
0.0482084
0.043968
0.0503681
0.0360897
0.0497156
0.0447853
0.046195
0.04491
0.0533762
0.0582688
0.0565
0.0696366
0.0823953
0.0456309
0.036389
0.0597738
0.0610014
0.0727062
0.0606519
0.0367338
0.0447753
0.0375411
0.0413611
0.049127
0.0619396
0.0517751
0.0420391
0.0504765
0.0505481
0.0444738
0.0455534
0.0451031
0.0557218
0.0501058
0.0479122
0.0422992
0.0589162
0.0531979
0.0483434
0.043711
0.0546006
0.0432028
0.0595679
0.0488253
0.0502255
0.0575676
0.0482096
0.0424892
0.0387584
0.0474564
0.0489809
0.0453761
0.0445392
0.0441005
0.0615888
0.0710953
0.0542001
0.0536775
0.0464199
0.0507919
0.0459154
0.0424229
0.0396406
0.0509512
0.0493684
0.0401224
0.0577802
0.0501772
0.0405258
0.0448434
0.0515649
0.0563501
0.0607353
0.0435868
0.04178
0.0576396
0.0467384
0.0529145
0.042731
0.0554359
0.0508405
0.0656667
0.0517627
0.0571258
0.0599115
0.0507858
0.0430307
0.0394025
0.0395269
0.0364358
0.0460167
0.0516488
0.0535952
0.0550889
0.0503545
0.0446463
0.0390882
0.0349625
0.0445735
0.0399114
0.0413267
0.0497525
0.0367291
0.0404642
0.037867
0.0424448
0.0418109
0.0530387
0.0518065
0.0489243
0.0539199
0.0422871
0.0473603
0.0557926
0.0458706
0.0491192
0.0433855
0.0447182
0.0406918
0.0488964
0.0560665
0.0424803
0.060862
0.0486167
0.0465562
0.0513579
0.0383007
0.0418861
0.0563155
0.0447807
0.0512225
0.0411397
0.0425983
0.0446957
0.0418806
0.041129
0.0399395
0.040152
0.0400955
0.0511908
0.0494984
0.0651425
0.0505502
0.0475982
0.0618954
0.0604634
0.0446087
0.0460994
0.0439805
0.0453198
0.0482742
0.0467091
0.0492167
0.0495628
0.0461049
0.0464267
0.0695081
0.0696577
0.0685886
0.0530542
0.056267
0.0449717
0.0529218
0.0626985
0.070325
0.0386436
0.0499774
0.0378094
0.0412514
0.0484229
0.0407826
0.0576204
0.0592732
0.0434054
0.0445469
0.0570772
0.0408727
0.0554883
0.0535332
0.073899
0.0611525
0.058943
0.0441042
0.0406665
0.0469047
0.04168
0.0488939
0.0357781
0.042926
0.051008
0.0416623
0.0418049
0.0438905
0.056143
0.0426111
0.0548971
0.0618439
0.0512939
0.0541173
0.0593819
0.0615055
0.0456947
0.0517954
0.0440199
0.0397514
0.0370027
0.0528714
0.0569288
0.0549895
0.0579832
0.0420927
0.0608404
0.0519689
0.045194
0.0455804
0.0427756
0.0503549
0.0423611
0.0737701
0.0448203
0.0451901
0.0687998
0.060733
0.0456261
0.0432868
0.0613867
0.044757
0.042176
0.0523531
0.0492688
0.0567082
0.0510593
0.0539798
0.0450203
0.0535271
0.0837031
0.0790841
0.0415427
0.0384547
0.0377493
0.0408546
0.0404615
0.0422253
0.0526753
0.0525745
0.0587148
0.049564
0.0524304
0.0406893
0.0383514
0.0407356
0.0591186
0.0543939
0.0518065
0.039446
0.0469122
0.0453374
0.0473319
0.0514465
0.0478118
0.0386665
0.0416202
0.0392116
0.0443364
0.0493328
0.0541155
0.042071
0.0630847
0.0526597
0.0448225
0.0405892
0.0436647
0.052566
0.0588951
0.0599312
0.0512851
0.0500416
0.0467483
0.0545704
0.0480684
0.0573739
0.0384371
0.0464291
0.0501027
0.0459248
0.0466217
0.0588671
0.0376028
0.0369499
0.0395728
0.0428625
0.0449471
0.0397516
0.043908
0.0527938
0.0483059
0.0578713
0.059785
0.0506935
0.0500262
0.0437024
0.0473963
0.0598528
0.0589977
0.0466366
0.0615092
0.0466673
0.0615822
0.0493426
0.0537336
0.0394813
0.0463577
0.0500482
0.0596778
0.0394119
0.054613
0.0636188
0.0475992
0.0470264
0.0676299
0.0547234
0.0465317
0.0404401
0.0415574
0.0643445
0.0523784
0.0466384
0.0523509
0.0486656
0.0435903
0.0381335
0.0491323
0.0523465
0.0431074
0.045271
0.0509229
0.0474986
0.0476834
0.0451648
0.0533646
0.0475292
0.051876
0.0416532
0.0355551
0.0363015
0.0412766
0.0363311
0.040694
0.0493181
0.0417009
0.044949
0.0493379
0.0545178
0.0429766
0.0450899
0.0486917
0.0561046
0.0495666
0.0379199
0.0424619
0.0520082
0.053753
0.0478384
0.03966
0.0465876
0.0389453
0.0358187
0.0389937
0.044256
0.0524211
0.0502135
0.0428298
0.0477465
0.0454415
0.0582341
0.0522212
0.0537545
0.0537907
0.0415394
0.0371795
0.0396592
0.0410206
0.0492013
0.0456597
0.0436968
0.0499258
0.0415566
0.0525064
0.0608476
0.0435607
0.0435469
0.0457117
0.0648099
0.0429346
0.0481721
0.0440376
0.0409915
0.0473441
0.0506786
0.0544263
0.0458908
0.0395514
0.0412815
0.0451666
0.0384331
0.0463979
0.0586337
0.0442521
0.0514779
0.0668738
0.0610429
0.058999
0.0529579
0.0386437
0.0468221
0.0347847
0.047814
0.0431754
0.0464444
0.0413668
0.0395317
0.0396076
0.0447193
0.0510444
0.0486119
0.0504532
0.0536541
0.0550241
0.0538725
0.0498424
0.0591092
0.0448356
0.044838
0.0358143
0.0421225
0.0480035
0.0699344
0.0607565
0.0552288
0.044383
0.0464157
0.0496916
0.0444297
0.0457022
0.0456492
0.0466039
0.0475233
0.0465617
0.0524837
0.0463186
0.055258
0.061234
0.048147
0.0481915
0.054944
0.0552707
0.0423144
0.044055
0.0408903
0.0504208
0.0581449
0.0402593
0.0490786
0.055622
0.0417091
0.0421045
0.0511928
0.0414724
0.0422305
0.0401939
0.0361042
0.0446714
0.0555228
0.0548156
0.0538027
0.0482523
0.0409963
0.0516391
0.0512045
0.0616925
0.0675643
0.0444092
0.0421733
0.0446975
0.0570602
0.0539676
0.0431717
0.0488741
0.06458
0.0771045
0.0512952
0.0461033
0.0480236
0.0478057
0.0458043
0.0558417
0.0530802
0.0574013
0.0535023
0.0488909
0.0461931
0.0464264
0.0453879
0.0438684
0.0397598
0.0489421
0.0444674
0.0504057
0.0425572
0.0403175
0.0477077
0.0447126
0.0380579
0.0391713
0.0460758
0.0477264
0.0544715
0.0594961
0.0536264
0.0578883
0.0646388
0.0558732
0.0423193
0.0490914
0.0517134
0.0465215
0.0591113
0.0579818
0.0495622
0.0657395
0.0542035
0.0695097
0.068834
0.0468689
0.0455698
0.0395046
0.038922
0.0473001
0.0539989
0.0482663
0.0554758
0.0488824
0.0425095
0.0483888
0.0458199
0.0379732
0.0452558
0.0599528
0.0531826
0.0608139
0.0420706
0.0453188
0.0458628
0.0458023
0.0464261
0.0406808
0.0403552
0.0395192
0.0341339
0.0471668
0.0636667
0.0446498
0.0474292
0.040021
0.0399035
0.0376028
0.0383555
0.0451601
0.039332
0.0527718
0.0613078
0.0461886
0.0514224
0.0475004
0.0383543
0.0426991
0.0405325
0.0677065
0.0572344
0.047511
0.0420211
0.0377639
0.0323535
0.0382314
0.041903
0.0472027
0.040356
0.0421658
0.0362812
0.0402045
0.0378363
0.0470678
0.0461124
0.0566269
0.041198
0.0418733
0.0501935
0.0532498
0.0403087
0.0406967
0.0481974
0.0511852
0.0582526
0.0443953
0.0563935
0.0744729
0.0578412
0.0570305
0.0594741
0.0597991
0.0552234
0.0482244
0.0464475
0.0386666
0.0532855
0.0451472
0.0495057
0.0571828
0.0606202
0.0412796
0.0492838
0.046648
0.0504432
0.0497957
0.0451575
0.0450533
0.053895
0.046871
0.0466546
0.0438616
0.0509443
0.0540881
0.0493085
0.0483631
0.0566471
0.0482086
0.0441531
0.0466218
0.0405533
0.0447304
0.0479498
0.0384531
0.0371657
0.0496443
0.0683389
0.0626891
0.0422104
0.037603
0.0442413
0.0435978
0.0462819
0.0537234
0.0515233
0.0476224
0.0437589
0.0355762
0.0409459
0.0410777
0.0385512
0.037497
0.0475888
0.0478209
0.0477575
0.0477382
0.051781
0.0508816
0.0504262
0.0568329
0.0513757
0.0567417
0.0561182
0.0581257
0.0415526
0.0426344
0.046866
0.039117
0.0610781
0.0540055
0.0468134
0.0484709
0.0619148
0.0478622
0.0544146
0.0531505
0.064246
0.0633166
0.0526014
0.0523386
0.0601509
0.0512033
0.0490925
0.0415033
0.0426601
0.0423635
0.059895
0.0439259
0.0438177
0.0410769
0.0491139
0.0415267
0.0491084
0.0424213
0.0389948
0.0405425
0.051495
0.0483366
0.0554423
0.0528434
0.0540095
0.0665429
0.0447122
0.0464664
0.0492818
0.0533189
0.0643223
0.044882
0.0452776
0.0463538
0.0581679
0.0399706
0.0398404
0.0454169
0.0468753
0.056967
0.0452776
0.0350097
0.0397762
0.0443647
0.0650567
0.0544036
0.0492407
0.0515815
0.0558255
0.0471685
0.0446066
0.0393101
0.0402152
0.0462333
0.0485692
0.0367883
0.0322797
0.0464258
0.0578541
0.0463951
0.0558394
0.045807
0.0400875
0.042719
0.0417018
0.0435276
0.0487617
0.0572096
0.0540594
0.0483107
0.0410325
0.0525225
0.0457422
0.0507495
0.0478563
0.0504793
0.0519798
0.0396846
0.0445696
0.0415306
0.0467826
0.0547628
0.0416309
0.0399293
0.0409849
0.0404312
0.049451
0.0375349
0.0362167
0.0433777
0.0528258
0.0433959
0.0500674
0.0458426
0.0479866
0.0577973
0.0542754
0.0536107
0.0479093
0.0503033
0.0543394
0.0527061
0.0508928
0.0423752
0.0544288
0.0454535
0.0403976
0.0343243
0.0354881
0.0560968
0.0389142
0.0330374
0.0396231
0.0567512
0.0543601
0.0465969
0.0493664
0.0510564
0.05227
0.0407205
0.0464354
0.0384286
0.0417654
0.0547069
0.0448392
0.0686231
0.059033
0.0524894
0.0749184
0.0398969
0.0429267
0.0427643
0.0475766
0.0433478
0.042531
0.059377
0.0531082
0.0539414
0.05269
0.0536869
0.0665571
0.0456261
0.0413108
0.0420811
0.0516536
0.0523613
0.0490814
0.0412648
0.0446455
0.0432422
0.0589578
0.0541906
0.048174
0.0558006
0.0480709
0.0564625
0.073496
0.0560727
0.0481084
0.0402366
0.0535328
0.0414965
0.0529083
0.0765504
0.0424855
0.0437548
0.0515462
0.0458972
0.0388625
0.0422475
0.0424156
0.0407964
0.0384816
0.0462213
0.0550439
0.0398932
0.0600597
0.0399718
0.0389727
0.0419109
0.0594257
0.0620406
0.0542714
0.0542871
0.047882
0.0478683
0.0554038
0.0694268
0.046614
0.0482003
0.0561611
0.0513294
0.0580237
0.0683714
0.0536098
0.0468823
0.0491552
0.0484395
0.053287
0.04654
0.0441552
0.0400169
0.0458996
0.0491484
0.0713634
0.0715859
0.0655116
0.0606378
0.0564624
0.0401885
0.040866
0.0566463
0.0667835
0.0634482
0.0380514
0.046681
0.0589528
0.0577946
0.0399225
0.0420133
0.0383876
0.0492045
0.0368854
0.0404163
0.0357487
0.0403024
0.037015
0.0527923
0.0501395
0.0515514
0.0528794
0.0709736
0.0680338
0.0455158
0.0462356
0.0462486
0.0489037
0.0561745
0.0460733
0.0440793
0.0465563
0.0414406
0.0367391
0.0539592
0.0434365
0.0386672
0.0508805
0.0440963
0.0484247
0.0453124
0.0467963
0.0543766
0.0448958
0.0477369
0.0463637
0.071764
0.0591232
0.0555859
0.056502
0.0429192
0.0421814
0.0390707
0.0571224
0.0767129
0.0575662
0.0607422
0.0558895
0.0512862
0.0446114
0.049021
0.0502037
0.0496829
0.0432788
0.0453277
0.0424084
0.0563907
0.045394
0.0535262
0.0544129
0.0395825
0.0530234
0.0418134
0.0392717
0.0437165
0.0378209
0.0447725
0.0407316
0.0421604
0.0388846
0.0422016
0.0436038
0.0488418
0.0496096
0.041801
0.0514404
0.053891
0.0444339
0.0458036
0.0401729
0.0412937
0.0433678
0.0429983
0.0508321
0.0475063
0.0407757
0.0548312
0.03915
0.0359287
0.0382137
0.0454827
0.0595324
0.0487028
0.0573186
0.04805
0.053952
0.0515983
0.0426685
0.04688
0.0431199
0.0516876
0.0452599
0.0468992
0.0455602
0.0381197
0.044386
0.0425755
0.0566777
0.0494524
0.0429293
0.0454424
0.0472815
0.0478917
0.0492114
0.0461891
0.0459263
0.0488581
0.0512028
0.0513261
0.0503817
0.0517851
0.0469969
0.0473404
0.0392258
0.0485727
0.04387
0.0535293
0.0477217
0.0473785
0.0643046
0.0539114
0.0486597
0.0552967
0.0416685
0.0323737
0.0342996
0.0637934
0.0533668
0.0434351
0.0359412
0.0442745
0.0513917
0.0485417
0.0428755
0.0441226
0.0438227
0.0571846
0.0418909
0.046385
0.0533324
0.0409426
0.0411405
0.0400125
0.0540035
0.0481102
0.0482308
0.0627088
0.0432523
0.0481104
0.0557278
0.0453943
0.0523689
0.0451132
0.0440407
0.0349167
0.0427318
0.0381296
0.0438348
0.0500292
0.0563673
0.0445743
0.0444793
0.0426907
0.0559301
0.0544953
0.0556671
0.0527508
0.0367489
0.0443985
0.0487607
0.0579505
0.0622803
0.0580064
0.0475059
0.0411543
0.043331
0.0490747
0.0443126
0.0521641
0.0611097
0.0591373
0.0611133
0.0526599
0.0509801
0.0638291
0.0606571
0.0503626
0.054432
0.0529763
0.0404622
0.0452841
0.0445448
0.0475221
0.0480874
0.0532354
0.0464553
0.0423789
0.0354325
0.0435175
0.0570066
0.054307
0.0421012
0.0495531
0.0500898
0.042881
0.040457
0.0635335
0.0511297
0.0417445
0.0440086
0.0523493
0.0478782
0.0548257
0.053788
0.0593322
0.0559884
0.0463902
0.0455596
0.043002
0.0429042
0.0401727
0.0459068
0.0516425
0.0481104
0.0461486
0.0611007
0.059753
0.0524306
0.0486647
0.0515452
0.0499333
0.0448574
0.0423318
0.046074
0.0442974
0.0440695
0.0513082
0.0452199
0.0521496
0.0482862
0.0536939
0.0582605
0.0666883
0.0491434
0.046916
0.045055
0.0385241
0.0653917
0.047706
0.0489863
0.0446635
0.0489619
0.0515854
0.0560644
0.0602089
0.0706209
0.0492589
0.0615652
0.0507873
0.0449142
0.0500479
0.0399214
0.0484289
0.0482505
0.0440853
0.044324
0.0457498
0.0488502
0.0572175
0.0519347
0.0466371
0.0472873
0.0474737
0.0487572
0.0439825
0.0568922
0.044526
0.0401293
0.0498775
0.0592975
0.0566454
0.0482344
0.0487567
0.0376036
0.0436652
0.0427551
0.0652976
0.0555609
0.0593704
0.0509957
0.0547098
0.0491936
0.0427683
0.0397766
0.0496152
0.0612389
0.0712586
0.0577366
0.0540505
0.0593198
0.0507843
0.0535163
0.0537685
0.0564783
0.0646414
0.0437214
0.0451845
0.0562565
0.0452824
0.0440199
0.0448225
0.0395217
0.0460523
0.0435909
0.048635
0.0487335
0.0527054
0.0406619
0.0394613
0.0473713
0.0570422
0.0529209
0.0573724
0.0430822
0.0559778
0.05274
0.0415858
0.0494697
0.0442903
0.0682454
0.0653202
0.0640269
0.0398074
0.0480588
0.0408954
0.0484709
0.0446837
0.0525052
0.047754
0.0480526
0.0434069
0.0525589
0.0407809
0.0407002
0.0503976
0.0459301
0.0447658
0.0450365
0.0486612
0.0382259
0.0431426
0.0646715
0.062394
0.0529949
0.0500882
0.0419599
0.0607472
0.0562016
0.051346
0.0457656
0.0482922
0.0415706
0.051264
0.0523732
0.0434016
0.0574149
0.0511184
0.0423688
0.0427463
0.0487348
0.0486803
0.0538324
0.0421952
0.0549064
0.0606643
0.0469451
0.0482694
0.0386213
0.0327028
0.034366
0.047314
0.0524764
0.0589157
0.0605859
0.0549014
0.043184
0.0541259
0.0497731
0.0489166
0.0564501
0.039409
0.0479049
0.0462782
0.0496334
0.0718623
0.0625594
0.0599358
0.0608311
0.0417806
0.0502946
0.0445381
0.039662
0.058097
0.0434976
0.0477683
0.0611448
0.0537283
0.0534419
0.0476858
0.0484855
0.0416207
0.0488066
0.0552108
0.0429325
0.0469147
0.0492127
0.0589151
0.0528602
0.0517159
0.0438543
0.0374798
0.0558725
0.0564059
0.0549936
0.0527764
0.0559149
0.0625184
0.0518179
0.0532654
0.0470148
0.0436804
0.0444326
0.0390219
0.0628787
0.0510827
0.0473658
0.0496112
0.0481087
0.0429987
0.0409898
0.0403231
0.0424984
0.0413048
0.0486253
0.0533151
0.0547094
0.0427847
0.0667475
0.0592273
0.0425162
0.0505036
0.0492519
0.0434332
0.0458353
0.0433278
0.0515702
0.0473356
0.0424024
0.0428386
0.0584189
0.0530533
0.0461688
0.035935
0.0414206
0.0471602
0.0454807
0.0556174
0.0533737
0.0414408
0.0368581
0.0488057
0.0599292
0.0487899
0.050592
0.046488
0.044359
0.0506239
0.0627169
0.0488392
0.0643665
0.0506464
0.0515198
0.0528888
0.0637206
0.0465339
0.0519041
0.0499398
0.0536804
0.0485313
0.0629564
0.0511119
0.0466515
0.0471955
0.0446884
0.0524647
0.0471337
0.0504397
0.0550995
0.0539316
0.0510752
0.066266
0.0645874
0.0479041
0.0441067
0.0535709
0.0454359
0.0481116
0.043498
0.0424789
0.0372891
0.0549088
0.0483439
0.049938
0.0551837
0.0459863
0.0510966
0.0500991
0.0495956
0.04764
0.0553834
0.0479606
0.0398533
0.0346365
0.0476695
0.0455405
0.0514514
0.0438472
0.0478787
0.0409236
0.0405922
0.0415299
0.0475083
0.0465092
0.0559955
0.0406462
0.0410464
0.0421065
0.0486138
0.052715
0.060844
0.057628
0.0484352
0.0590528
0.0374514
0.0416141
0.0493683
0.0441362
0.0441151
0.0432493
0.043082
0.0434693
0.0532241
0.0388245
0.0376062
0.0411138
0.0447097
0.0536474
0.0528478
0.0467452
0.0603389
0.0557584
0.0612649
0.0557053
0.0675666
0.0656181
0.0425072
0.0530733
0.0524599
0.0450355
0.0455228
0.0349362
0.0419249
0.0491538
0.0505077
0.0515523
0.0428964
0.0463762
0.0494326
0.0429192
0.0467236
0.0383018
0.0507589
0.0687188
0.0513061
0.0583678
0.0487696
0.0556766
0.058849
0.0603942
0.0564366
0.0522441
0.0470994
0.044313
0.046516
0.0571866
0.0560913
0.058976
0.0423311
0.0467129
0.0667815
0.0565104
0.0500291
0.0439702
0.0411339
0.0443245
0.0639955
0.0555104
0.0475496
0.0626196
0.0458817
0.0356279
0.0546079
0.0632295
0.0643238
0.0540815
0.0393582
0.0426689
0.0449812
0.0566737
0.0558773
0.0492426
0.0551857
0.0579849
0.0525301
0.0440539
0.059027
0.0558916
0.0617904
0.064806
0.0482556
0.0513326
0.0471837
0.0488443
0.0486184
0.0427536
0.0409312
0.0555253
0.0382092
0.0473794
0.0480289
0.0469729
0.0403327
0.0563195
0.0425949
0.0521319
0.0419216
0.0378325
0.0416063
0.041197
0.0673383
0.0609881
0.0557719
0.0407971
0.0432531
0.0603759
0.0430447
0.0492294
0.0473019
0.0392202
0.0475938
0.0471719
0.0513433
0.0653644
0.0762793
0.0574574
0.0462677
0.0477695
0.0461171
0.0407664
0.0521793
0.0583123
0.0491847
0.0434269
0.0442121
0.0407764
0.0561063
0.0595092
0.0385654
0.0517772
0.0641101
0.0506226
0.0436698
0.0474054
0.0431501
0.0417074
0.041691
0.0534275
0.0531976
0.0473692
0.0417366
0.0428582
0.0526943
0.0504306
0.0421404
0.0457908
0.0389534
0.0514366
0.0516035
0.0577297
0.0388204
0.0530777
0.0349346
0.0464574
0.056272
0.0460962
0.0337615
0.0359903
0.0313236
0.0342097
0.0418183
0.0675362
0.0491492
0.0498409
0.0386138
0.0426023
0.0558191
0.0483431
0.0558015
0.0460825
0.0514886
0.0446937
0.0531001
0.055091
0.0583356
0.0570332
0.0558033
0.0476155
0.0550239
0.0337295
0.0462733
0.0437284
0.0422571
0.0597822
0.0665714
0.0489841
0.063147
0.0563846
0.0583758
0.0399039
0.0505894
0.0695937
0.0555679
0.0579679
0.0507872
0.049252
0.0443222
0.0575799
0.0607051
0.0596328
0.0345047
0.0364026
0.0520029
0.0545593
0.0660266
0.0693365
0.0696083
0.0594952
0.0499644
0.0420257
0.0529563
0.054847
0.0469482
0.0514271
0.0445649
0.0473871
0.0447891
0.0391291
0.0487769
0.0496639
0.0518509
0.0521286
0.0443333
0.0444153
0.0429737
0.0416254
0.0492352
0.0463733
0.0465095
0.0479419
0.0500245
0.0456459
0.0492542
0.0436343
0.0439268
0.0474118
0.0530077
0.0567316
0.044968
0.0399528
0.0551068
0.0449687
0.0347983
0.0347806
0.041044
0.0474508
0.0467502
0.0604357
0.0453294
0.0476376
0.0470274
0.0509873
0.0494723
0.0439006
0.0407477
0.0463462
0.054148
0.0445069
0.0465233
0.0378799
0.039475
0.0426883
0.0521946
0.0716251
0.0436762
0.038772
0.0569187
0.0466983
0.051009
0.0479943
0.042351
0.0396889
0.0469367
0.0589515
0.061567
0.0595167
0.0459405
0.0545999
0.062275
0.0416492
0.0453999
0.0583619
0.0402884
0.0602598
0.0408527
0.041889
0.0361286
0.059202
0.0454513
0.0574807
0.0485609
0.05566
0.0539162
0.0658816
0.0466362
0.0559901
0.0534986
0.0571513
0.0505107
0.0452456
0.0535045
0.0481856
0.0462559
0.0424243
0.0413775
0.0447097
0.0478706
0.055785
0.0457128
0.0406994
0.0420496
0.0475051
0.0456086
0.0407961
0.0445994
0.0435065
0.0398
0.039462
0.050153
0.0456582
0.0415091
0.0350817
0.0578599
0.0633351
0.0409186
0.0482807
0.0357964
0.0422966
0.0546183
0.0522954
0.0400436
0.0463545
0.0460854
0.0416752
0.0384055
0.0631339
0.0485147
0.0586721
0.0496511
0.0434284
0.0423031
0.0539002
0.0391828
0.0535503
0.0661008
0.0586727
0.0643827
0.048717
0.0492484
0.055181
0.045886
0.0470068
0.0419771
0.051694
0.0501304
0.0566693
0.0411208
0.0458793
0.0417215
0.0447468
0.0414493
0.0498721
0.0463145
0.0599213
0.055727
0.0469571
0.0374347
0.0416501
0.0430299
0.0537427
0.0437428
0.0388451
0.0614017
0.0459474
0.0352951
0.0512112
0.0556962
0.0535072
0.0429696
0.0577938
0.0539947
0.0441999
0.0447615
0.0523899
0.0473597
0.0518288
0.0511263
0.0603601
0.045214
0.0374273
0.0511075
0.0488066
0.0479142
0.0439735
0.0446645
0.0585915
0.0390522
0.0471251
0.0439427
0.0489944
0.0531863
0.0455076
0.0445384
0.0434573
0.0442247
0.0503644
0.0479404
0.0439593
0.0429068
0.0426972
0.039266
0.0401559
0.0392399
0.0458177
0.0519696
0.0450798
0.0420493
0.0427224
0.0439775
0.0385537
0.0437534
0.0425242
0.0451182
0.0464397
0.0492865
0.0459298
0.0496786
0.0447734
0.0403651
0.0452151
0.03804
0.0511408
0.0530796
0.0624428
0.0428492
0.0398761
0.066822
0.0549032
0.0475373
0.0596334
0.0456342
0.0459052
0.0434556
0.0648451
0.054698
0.0428797
0.0456637
0.0410887
0.0393113
0.044667
0.0468613
0.0364728
0.0424823
0.0516782
0.0512616
0.0544958
0.0600663
0.0481038
0.0573971
0.057547
0.0463988
0.0438632
0.0389381
0.0633997
0.0471916
0.0361352
0.0405713
0.0570589
0.0434342
0.046186
0.0453097
0.0468474
0.0492183
0.0471935
0.0383208
0.0466425
0.045371
0.0425156
0.0562788
0.0489674
0.0459764
0.0331029
0.0354541
0.045217
0.0354769
0.0404382
0.0618148
0.0660794
0.052399
0.0393244
0.0419623
0.0672111
0.0593029
0.0630545
0.0609168
0.0611387
0.0528002
0.0567336
0.0559325
0.0517659
0.0521429
0.0500853
0.0508917
0.0386325
0.0606714
0.0593566
0.056099
0.0432151
0.0442658
0.0390774
0.0433275
0.0432102
0.0365494
0.0337505
0.042853
0.0452151
0.0465095
0.0525734
0.0680248
0.0598497
0.0590864
0.0577247
0.0601602
0.0466863
0.0473523
0.0435919
0.045737
0.0447616
0.059223
0.0457809
0.0411662
0.0425622
0.04499
0.0534301
0.0599503
0.0507885
0.0529898
0.0416355
0.0462891
0.0533837
0.0515327
0.036244
0.0456127
0.0421159
0.0419872
0.0379834
0.0409292
0.0487298
0.0569275
0.0504381
0.0390187
0.0447821
0.0377129
0.0457452
0.0461878
0.0487684
0.0526959
0.0580402
0.046548
0.0390217
0.0487155
0.0502968
0.0412959
0.0454245
0.0483158
0.0476866
0.0477527
0.0527187
0.0548484
0.0582693
