r_min,	r_max,	g(r),	error
0,	0.0323165,	0,	0
0.0323165,	0.064633,	0,	0
0.064633,	0.0969496,	0,	0
0.0969496,	0.129266,	0,	0
0.129266,	0.161583,	0,	0
0.161583,	0.193899,	0,	0
0.193899,	0.226216,	0,	0
0.226216,	0.258532,	0,	0
0.258532,	0.290849,	0,	0
0.290849,	0.323165,	0,	0
0.323165,	0.355482,	0,	0
0.355482,	0.387798,	0,	0
0.387798,	0.420115,	0,	0
0.420115,	0.452431,	0,	0
0.452431,	0.484748,	0,	0
0.484748,	0.517064,	0,	0
0.517064,	0.549381,	0,	0
0.549381,	0.581697,	0,	0
0.581697,	0.614014,	0,	0
0.614014,	0.64633,	0,	0
0.64633,	0.678647,	0,	0
0.678647,	0.710963,	0,	0
0.710963,	0.74328,	0,	0
0.74328,	0.775596,	0,	0
0.775596,	0.807913,	0,	0
0.807913,	0.84023,	0,	0
0.84023,	0.872546,	0,	0
0.872546,	0.904863,	0.00254017,	0.000779828
0.904863,	0.937179,	0.0407434,	0.00343129
0.937179,	0.969496,	0.246933,	0.00909486
0.969496,	1.00181,	0.724373,	0.017754
1.00181,	1.03413,	1.291,	0.0211862
1.03413,	1.06645,	1.7637,	0.0303863
1.06645,	1.09876,	2.05463,	0.0349974
1.09876,	1.13108,	2.14282,	0.0341106
1.13108,	1.16339,	2.13231,	0.0352559
1.16339,	1.19571,	2.06427,	0.0324908
1.19571,	1.22803,	1.92057,	0.0315206
1.22803,	1.26034,	1.78387,	0.0258499
1.26034,	1.29266,	1.68624,	0.0266469
1.29266,	1.32498,	1.60895,	0.0265069
1.32498,	1.35729,	1.5103,	0.0225953
1.35729,	1.38961,	1.42575,	0.0211881
1.38961,	1.42193,	1.36156,	0.0190793
1.42193,	1.45424,	1.31106,	0.0192462
1.45424,	1.48656,	1.26525,	0.0208523
1.48656,	1.51888,	1.25007,	0.0196242
1.51888,	1.55119,	1.21622,	0.0193161
1.55119,	1.58351,	1.18095,	0.0172098
1.58351,	1.61583,	1.13771,	0.0165529
1.61583,	1.64814,	1.12734,	0.0185999
1.64814,	1.68046,	1.11958,	0.0162669
1.68046,	1.71278,	1.08453,	0.0145482
1.71278,	1.74509,	1.10419,	0.0147472
1.74509,	1.77741,	1.08777,	0.013495
1.77741,	1.80973,	1.07339,	0.0162676
1.80973,	1.84204,	1.05808,	0.0151975
1.84204,	1.87436,	1.0558,	0.0154879
1.87436,	1.90667,	1.05908,	0.0151412
1.90667,	1.93899,	1.06342,	0.014355
1.93899,	1.97131,	1.05533,	0.0145151
1.97131,	2.00362,	1.05795,	0.012655
2.00362,	2.03594,	1.04968,	0.0126976
2.03594,	2.06826,	1.05517,	0.0121481
2.06826,	2.10057,	1.04285,	0.0128685
2.10057,	2.13289,	1.0508,	0.012089
2.13289,	2.16521,	1.05313,	0.0123741
2.16521,	2.19752,	1.05167,	0.011953
2.19752,	2.22984,	1.04503,	0.012143
2.22984,	2.26216,	1.04542,	0.0128055
2.26216,	2.29447,	1.04651,	0.0116613
2.29447,	2.32679,	1.05132,	0.0126485
2.32679,	2.35911,	1.03198,	0.011485
2.35911,	2.39142,	1.03405,	0.0118521
2.39142,	2.42374,	1.03668,	0.0114654
2.42374,	2.45606,	1.0311,	0.0117073
2.45606,	2.48837,	1.03124,	0.010742
2.48837,	2.52069,	1.02991,	0.00999518
2.52069,	2.55301,	1.01715,	0.00923978
2.55301,	2.58532,	1.02686,	0.0088298
2.58532,	2.61764,	1.02845,	0.00912509
2.61764,	2.64995,	1.01704,	0.00915098
2.64995,	2.68227,	1.01731,	0.00906518
2.68227,	2.71459,	1.01239,	0.0106159
2.71459,	2.7469,	1.00959,	0.0100464
2.7469,	2.77922,	1.00987,	0.00906429
2.77922,	2.81154,	0.997409,	0.00918541
2.81154,	2.84385,	1.00632,	0.00824044
2.84385,	2.87617,	1.01876,	0.00950961
2.87617,	2.90849,	1.00651,	0.00928442
2.90849,	2.9408,	1.01336,	0.00914068
2.9408,	2.97312,	0.999223,	0.00864469
2.97312,	3.00544,	0.994831,	0.00742743
3.00544,	3.03775,	0.996051,	0.00862193
3.03775,	3.07007,	0.992204,	0.00819365
3.07007,	3.10239,	0.99372,	0.00820253
3.10239,	3.1347,	0.99947,	0.00831023
3.1347,	3.16702,	0.996886,	0.00787798
3.16702,	3.19934,	0.996702,	0.00742881
3.19934,	3.23165,	0.995865,	0.00802968
3.23165,	3.26397,	0.99406,	0.00853996
3.26397,	3.29629,	0.993489,	0.00772737
3.29629,	3.3286,	0.994995,	0.00763491
3.3286,	3.36092,	0.994945,	0.00725544
3.36092,	3.39323,	0.990501,	0.00734801
3.39323,	3.42555,	0.99036,	0.00718856
3.42555,	3.45787,	0.994501,	0.00739562
3.45787,	3.49018,	0.991629,	0.00726977
3.49018,	3.5225,	0.997001,	0.00721513
3.5225,	3.55482,	1.00144,	0.00717418
3.55482,	3.58713,	0.995324,	0.00752734
3.58713,	3.61945,	1.00148,	0.00740356
3.61945,	3.65177,	0.997675,	0.00821619
3.65177,	3.68408,	0.992903,	0.00757506
3.68408,	3.7164,	0.984241,	0.00680092
3.7164,	3.74872,	0.989483,	0.00670144
3.74872,	3.78103,	0.992554,	0.00688188
3.78103,	3.81335,	0.987572,	0.00658089
3.81335,	3.84567,	0.992107,	0.00700423
3.84567,	3.87798,	0.988072,	0.0060722
3.87798,	3.9103,	0.992321,	0.00644201
3.9103,	3.94262,	0.994759,	0.00621867
3.94262,	3.97493,	0.996723,	0.00606469
3.97493,	4.00725,	0.991417,	0.00608681
4.00725,	4.03957,	0.996654,	0.00685699
4.03957,	4.07188,	1.00626,	0.0067046
4.07188,	4.1042,	0.993886,	0.005835
4.1042,	4.13651,	0.986382,	0.00622479
4.13651,	4.16883,	0.978986,	0.006996
4.16883,	4.20115,	0.985868,	0.00666621
4.20115,	4.23346,	0.9904,	0.00627281
4.23346,	4.26578,	0.989848,	0.00588588
4.26578,	4.2981,	0.986846,	0.00560979
4.2981,	4.33041,	0.991898,	0.00584598
4.33041,	4.36273,	0.988983,	0.0055406
4.36273,	4.39505,	0.990401,	0.00556311
4.39505,	4.42736,	0.991672,	0.00530422
4.42736,	4.45968,	0.984751,	0.005286
4.45968,	4.492,	0.98373,	0.00571791
4.492,	4.52431,	0.976933,	0.00564927
4.52431,	4.55663,	0.984629,	0.00544737
4.55663,	4.58895,	0.980099,	0.00550362
4.58895,	4.62126,	0.978407,	0.00569084
4.62126,	4.65358,	0.983084,	0.00577189
4.65358,	4.6859,	0.984907,	0.00584107
4.6859,	4.71821,	0.989342,	0.00600991
4.71821,	4.75053,	0.984007,	0.00599715
4.75053,	4.78285,	0.988163,	0.00556838
4.78285,	4.81516,	0.989713,	0.00511006
4.81516,	4.84748,	0.983773,	0.00467608
4.84748,	4.87979,	0.986624,	0.00479736
4.87979,	4.91211,	0.988854,	0.00457844
4.91211,	4.94443,	0.991196,	0.00462753
4.94443,	4.97674,	0.996443,	0.00435853
4.97674,	5.00906,	0.990387,	0.00512037
5.00906,	5.04138,	0.988661,	0.00476863
5.04138,	5.07369,	0.978527,	0.00513966
5.07369,	5.10601,	0.985482,	0.00501663
5.10601,	5.13833,	0.98008,	0.00463597
5.13833,	5.17064,	0.983283,	0.00493267
5.17064,	5.20296,	0.982635,	0.00447606
5.20296,	5.23528,	0.983284,	0.00413422
5.23528,	5.26759,	0.986478,	0.00441907
5.26759,	5.29991,	0.995228,	0.00455468
5.29991,	5.33223,	0.991152,	0.00509915
5.33223,	5.36454,	0.995273,	0.00493954
5.36454,	5.39686,	0.994222,	0.00485395
5.39686,	5.42918,	0.987459,	0.00526066
5.42918,	5.46149,	0.98051,	0.00503408
5.46149,	5.49381,	0.986164,	0.00479026
5.49381,	5.52612,	0.987793,	0.0049741
5.52612,	5.55844,	0.987017,	0.00478254
5.55844,	5.59076,	0.98569,	0.00481649
5.59076,	5.62307,	0.98915,	0.00487972
5.62307,	5.65539,	0.985474,	0.00500532
5.65539,	5.68771,	0.987573,	0.00472354
5.68771,	5.72002,	0.98908,	0.00450798
5.72002,	5.75234,	0.980422,	0.00457319
5.75234,	5.78466,	0.983564,	0.00470909
5.78466,	5.81697,	0.984387,	0.00439293
5.81697,	5.84929,	0.979458,	0.00443654
5.84929,	5.88161,	0.980282,	0.00419924
5.88161,	5.91392,	0.982663,	0.00397125
5.91392,	5.94624,	0.983434,	0.00429541
5.94624,	5.97856,	0.979501,	0.00405418
5.97856,	6.01087,	0.983777,	0.00419729
6.01087,	6.04319,	0.981448,	0.00440185
6.04319,	6.07551,	0.981629,	0.00445478
6.07551,	6.10782,	0.979622,	0.00442891
6.10782,	6.14014,	0.984086,	0.0045143
6.14014,	6.17246,	0.985655,	0.00411976
6.17246,	6.20477,	0.983884,	0.00397307
6.20477,	6.23709,	0.980937,	0.00416486
6.23709,	6.2694,	0.983373,	0.00394293
6.2694,	6.30172,	0.98446,	0.0039883
6.30172,	6.33404,	0.983969,	0.00388713
6.33404,	6.36635,	0.980009,	0.00369367
6.36635,	6.39867,	0.981242,	0.00384586
6.39867,	6.43099,	0.978346,	0.00366254
6.43099,	6.4633,	0.975702,	0.00429897
