r_min,	r_max,	g(r),	error
0,	0.0115332,	0,	0
0.0115332,	0.0230664,	0,	0
0.0230664,	0.0345996,	0,	0
0.0345996,	0.0461329,	0,	0
0.0461329,	0.0576661,	0,	0
0.0576661,	0.0691993,	0,	0
0.0691993,	0.0807325,	0,	0
0.0807325,	0.0922657,	0,	0
0.0922657,	0.103799,	0,	0
0.103799,	0.115332,	0,	0
0.115332,	0.126865,	0,	0
0.126865,	0.138399,	0,	0
0.138399,	0.149932,	0,	0
0.149932,	0.161465,	0,	0
0.161465,	0.172998,	0,	0
0.172998,	0.184531,	0,	0
0.184531,	0.196065,	0,	0
0.196065,	0.207598,	0,	0
0.207598,	0.219131,	0,	0
0.219131,	0.230664,	0,	0
0.230664,	0.242198,	0,	0
0.242198,	0.253731,	0,	0
0.253731,	0.265264,	0,	0
0.265264,	0.276797,	0,	0
0.276797,	0.28833,	0,	0
0.28833,	0.299864,	0,	0
0.299864,	0.311397,	0,	0
0.311397,	0.32293,	0,	0
0.32293,	0.334463,	0,	0
0.334463,	0.345996,	0,	0
0.345996,	0.35753,	0,	0
0.35753,	0.369063,	0,	0
0.369063,	0.380596,	0,	0
0.380596,	0.392129,	0,	0
0.392129,	0.403663,	0,	0
0.403663,	0.415196,	0,	0
0.415196,	0.426729,	0,	0
0.426729,	0.438262,	0,	0
0.438262,	0.449795,	0,	0
0.449795,	0.461329,	0,	0
0.461329,	0.472862,	0,	0
0.472862,	0.484395,	0,	0
0.484395,	0.495928,	0,	0
0.495928,	0.507461,	0,	0
0.507461,	0.518995,	0,	0
0.518995,	0.530528,	0,	0
0.530528,	0.542061,	0,	0
0.542061,	0.553594,	0,	0
0.553594,	0.565128,	0,	0
0.565128,	0.576661,	0,	0
0.576661,	0.588194,	0,	0
0.588194,	0.599727,	0,	0
0.599727,	0.61126,	0,	0
0.61126,	0.622794,	0,	0
0.622794,	0.634327,	0,	0
0.634327,	0.64586,	0,	0
0.64586,	0.657393,	0,	0
0.657393,	0.668926,	0,	0
0.668926,	0.68046,	0,	0
0.68046,	0.691993,	0,	0
0.691993,	0.703526,	0,	0
0.703526,	0.715059,	0,	0
0.715059,	0.726593,	0,	0
0.726593,	0.738126,	0,	0
0.738126,	0.749659,	0,	0
0.749659,	0.761192,	0,	0
0.761192,	0.772725,	0,	0
0.772725,	0.784259,	0,	0
0.784259,	0.795792,	0,	0
0.795792,	0.807325,	0,	0
0.807325,	0.818858,	0,	0
0.818858,	0.830391,	0,	0
0.830391,	0.841925,	0,	0
0.841925,	0.853458,	0,	0
0.853458,	0.864991,	0,	0
0.864991,	0.876524,	0,	0
0.876524,	0.888058,	1.04453e-05,	4.97265e-06
0.888058,	0.899591,	0.000181737,	2.84483e-05
0.899591,	0.911124,	0.00108409,	5.50549e-05
0.911124,	0.922657,	0.00586109,	0.000122494
0.922657,	0.93419,	0.0228278,	0.000252552
0.93419,	0.945724,	0.0721154,	0.00065522
0.945724,	0.957257,	0.183801,	0.000862548
0.957257,	0.96879,	0.400092,	0.00141865
0.96879,	0.980323,	0.7532,	0.00216751
0.980323,	0.991856,	1.25214,	0.00242338
0.991856,	1.00339,	1.88522,	0.00237817
1.00339,	1.01492,	2.58789,	0.00231517
1.01492,	1.02646,	3.29958,	0.00291956
1.02646,	1.03799,	3.93832,	0.00350988
1.03799,	1.04952,	4.45104,	0.00357253
1.04952,	1.06106,	4.77903,	0.00384749
1.06106,	1.07259,	4.91946,	0.00325106
1.07259,	1.08412,	4.8736,	0.0047092
1.08412,	1.09566,	4.66004,	0.00427435
1.09566,	1.10719,	4.33006,	0.00319746
1.10719,	1.11872,	3.89849,	0.00312176
1.11872,	1.13026,	3.43273,	0.00269447
1.13026,	1.14179,	2.93732,	0.0027486
1.14179,	1.15332,	2.46046,	0.00193412
1.15332,	1.16485,	2.01835,	0.00250368
1.16485,	1.17639,	1.61933,	0.00180909
1.17639,	1.18792,	1.27849,	0.00161095
1.18792,	1.19945,	0.988075,	0.00149134
1.19945,	1.21099,	0.750075,	0.00108073
1.21099,	1.22252,	0.558099,	0.00151442
1.22252,	1.23405,	0.408375,	0.00113233
1.23405,	1.24559,	0.294615,	0.000992055
1.24559,	1.25712,	0.21047,	0.000928245
1.25712,	1.26865,	0.148144,	0.000868618
1.26865,	1.28019,	0.102898,	0.000730893
1.28019,	1.29172,	0.0730473,	0.000639393
1.29172,	1.30325,	0.0537755,	0.000417969
1.30325,	1.31479,	0.0437444,	0.000508339
1.31479,	1.32632,	0.040182,	0.000502965
1.32632,	1.33785,	0.043432,	0.000525344
1.33785,	1.34939,	0.0525377,	0.000426749
1.34939,	1.36092,	0.0680686,	0.000524495
1.36092,	1.37245,	0.0901918,	0.000504632
1.37245,	1.38399,	0.120577,	0.000686584
1.38399,	1.39552,	0.159564,	0.000896845
1.39552,	1.40705,	0.207494,	0.000858673
1.40705,	1.41859,	0.266689,	0.000850876
1.41859,	1.43012,	0.334286,	0.00108804
1.43012,	1.44165,	0.409859,	0.000916167
1.44165,	1.45319,	0.494265,	0.000861717
1.45319,	1.46472,	0.582887,	0.000809836
1.46472,	1.47625,	0.673416,	0.000908397
1.47625,	1.48778,	0.758929,	0.000829413
1.48778,	1.49932,	0.835445,	0.0014764
1.49932,	1.51085,	0.901081,	0.00145847
1.51085,	1.52238,	0.945347,	0.00175269
1.52238,	1.53392,	0.969251,	0.00157093
1.53392,	1.54545,	0.971712,	0.00152199
1.54545,	1.55698,	0.951069,	0.00172316
1.55698,	1.56852,	0.90918,	0.00147099
1.56852,	1.58005,	0.847406,	0.00124323
1.58005,	1.59158,	0.770795,	0.00109105
1.59158,	1.60312,	0.686558,	0.00108048
1.60312,	1.61465,	0.595875,	0.000846912
1.61465,	1.62618,	0.508612,	0.000692484
1.62618,	1.63772,	0.424455,	0.000662745
1.63772,	1.64925,	0.348253,	0.000712117
1.64925,	1.66078,	0.285783,	0.000886753
1.66078,	1.67232,	0.235493,	0.000734971
1.67232,	1.68385,	0.20323,	0.000984423
1.68385,	1.69538,	0.18772,	0.0010273
1.69538,	1.70692,	0.194157,	0.00103506
1.70692,	1.71845,	0.224795,	0.00114057
1.71845,	1.72998,	0.282923,	0.00125441
1.72998,	1.74152,	0.37102,	0.00117068
1.74152,	1.75305,	0.493493,	0.00150298
1.75305,	1.76458,	0.650243,	0.00146648
1.76458,	1.77612,	0.845684,	0.00143953
1.77612,	1.78765,	1.07109,	0.00171458
1.78765,	1.79918,	1.32144,	0.00116565
1.79918,	1.81071,	1.59269,	0.000966605
1.81071,	1.82225,	1.86304,	0.00151102
1.82225,	1.83378,	2.12161,	0.00117606
1.83378,	1.84531,	2.34975,	0.00206129
1.84531,	1.85685,	2.53286,	0.0021856
1.85685,	1.86838,	2.66135,	0.00222238
1.86838,	1.87991,	2.7193,	0.00348927
1.87991,	1.89145,	2.70744,	0.00270902
1.89145,	1.90298,	2.6288,	0.00267724
1.90298,	1.91451,	2.48986,	0.00221568
1.91451,	1.92605,	2.29713,	0.00171953
1.92605,	1.93758,	2.06894,	0.00128134
1.93758,	1.94911,	1.81857,	0.00140328
1.94911,	1.96065,	1.56643,	0.00104695
1.96065,	1.97218,	1.31568,	0.00125185
1.97218,	1.98371,	1.08699,	0.000903736
1.98371,	1.99525,	0.886009,	0.00113648
1.99525,	2.00678,	0.717009,	0.00140743
2.00678,	2.01831,	0.587636,	0.00134448
2.01831,	2.02985,	0.496349,	0.00138072
2.02985,	2.04138,	0.441555,	0.00136594
2.04138,	2.05291,	0.423957,	0.0014559
2.05291,	2.06445,	0.438518,	0.00125639
2.06445,	2.07598,	0.480642,	0.00115499
2.07598,	2.08751,	0.545555,	0.0012076
2.08751,	2.09905,	0.62606,	0.000913506
2.09905,	2.11058,	0.712944,	0.00064255
2.11058,	2.12211,	0.801662,	0.000584942
2.12211,	2.13364,	0.883938,	0.000787269
2.13364,	2.14518,	0.952695,	0.00107973
2.14518,	2.15671,	1.00196,	0.000939008
2.15671,	2.16824,	1.02888,	0.000997462
2.16824,	2.17978,	1.03345,	0.00116428
2.17978,	2.19131,	1.01163,	0.00126982
2.19131,	2.20284,	0.962157,	0.0010019
2.20284,	2.21438,	0.877529,	0.000936774
2.21438,	2.22591,	0.815136,	0.000844993
2.22591,	2.23744,	0.747115,	0.0006992
2.23744,	2.24898,	0.681431,	0.000723838
2.24898,	2.26051,	0.625064,	0.000922616
2.26051,	2.27204,	0.581882,	0.000932851
2.27204,	2.28358,	0.559957,	0.00111836
2.28358,	2.29511,	0.559409,	0.00128053
2.29511,	2.30664,	0.584658,	0.00150455
