1.76816
1.76816
1.76816
1.76816
1.76816
1.76816
1.76816
1.76816
1.76816
1.76816
1.76816
1.76816
1.76816
1.76814
1.76813
1.76812
1.76809
1.76808
1.76805
1.76803
1.76801
1.76799
1.76796
1.76794
1.76791
1.76788
1.76786
1.76785
1.76781
1.7678
1.76777
1.76776
1.76773
1.7677
1.76768
1.76767
1.76766
1.76763
1.76761
1.76759
1.7676
1.76759
1.76758
1.76757
1.76756
1.76755
1.76755
1.76753
1.76752
1.76752
1.76751
1.7675
1.7675
1.7675
1.7675
1.76749
1.76749
1.76749
1.76749
1.76748
1.76748
1.76748
1.76748
1.76746
1.76746
1.76746
1.76745
1.76745
1.76746
1.76745
1.76744
1.76744
1.76744
1.76743
1.76742
1.76741
1.76741
1.76741
1.76741
1.76741
1.76741
1.76741
1.76741
1.7674
1.76739
1.76738
1.76738
1.76738
1.76737
1.76737
1.76737
1.76737
1.76737
1.76737
1.76736
1.76736
1.76735
1.76735
1.76735
1.76735
1.71038
1.71038
1.71038
1.71038
1.71038
1.71038
1.71037
1.71037
1.71038
1.71038
1.71037
1.71037
1.71037
1.71036
1.71035
1.71036
1.71036
1.71035
1.71035
1.71035
1.71035
1.71034
1.71033
1.71033
1.71033
1.71032
1.71032
1.71031
1.71031
1.71032
1.71032
1.71033
1.71034
1.71033
1.71035
1.71034
1.71033
1.71033
1.71032
1.71032
1.71033
1.71033
1.71033
1.71032
1.71031
1.71031
1.71032
1.71032
1.71031
1.71032
1.71032
1.71032
1.71031
1.71032
1.71033
1.71033
1.71032
1.71032
1.71031
1.71031
1.71031
1.71032
1.71033
1.71033
1.71032
1.71032
1.71031
1.7103
1.71031
1.7103
1.71029
1.71029
1.71028
1.71029
1.71029
1.71029
1.7103
1.71029
1.71029
1.71029
1.71028
1.71028
1.71028
1.71029
1.71029
1.71028
1.71028
1.71027
1.71026
1.71026
1.71027
1.71027
1.71027
1.71027
1.71027
1.71026
1.71026
1.71027
1.71026
1.71026
1.47085
1.47085
1.47085
1.47085
1.47085
1.47085
1.47084
1.47083
1.47083
1.47084
1.47084
1.47084
1.47084
1.47084
1.47084
1.47084
1.47084
1.47083
1.47083
1.47083
1.47083
1.47083
1.47083
1.47083
1.47083
1.47083
1.47085
1.47085
1.47085
1.47085
1.47085
1.47086
1.47086
1.47086
1.47086
1.47086
1.47086
1.47086
1.47087
1.47086
1.47087
1.47087
1.47086
1.47086
1.47084
1.47084
1.47084
1.47085
1.47084
1.47085
1.47085
1.47085
1.47085
1.47086
1.47085
1.47085
1.47084
1.47083
1.47083
1.47084
1.47083
1.47084
1.47084
1.47083
1.47084
1.47084
1.47084
1.47084
1.47083
1.47084
1.47084
1.47084
1.47084
1.47084
1.47084
1.47084
1.47084
1.47083
1.47084
1.47084
1.47084
1.47085
1.47085
1.47085
1.47085
1.47085
1.47084
1.47085
1.47084
1.47085
1.47086
1.47084
1.47086
1.47086
1.47087
1.47087
1.47087
1.47087
1.47087
1.47087
1.51435
1.51434
1.51435
1.51434
1.51434
1.51434
1.51433
1.51434
1.51433
1.51433
1.51432
1.51433
1.51433
1.51434
1.51433
1.51433
1.51432
1.5143
1.5143
1.5143
1.5143
1.5143
1.51429
1.51429
1.51428
1.51428
1.51428
1.51428
1.51428
1.51427
1.51427
1.51426
1.51426
1.51426
1.51426
1.51426
1.51426
1.51426
1.51425
1.51426
1.51426
1.51426
1.51425
1.51425
1.51425
1.51424
1.51423
1.51423
1.51422
1.51421
1.51421
1.51421
1.51421
1.51421
1.51421
1.51421
1.5142
1.51421
1.51422
1.51422
1.51422
1.51422
1.51424
1.51423
1.51423
1.51422
1.51422
1.51422
1.51423
1.51423
1.51423
1.51422
1.51422
1.51421
1.51422
1.51422
1.51422
1.51423
1.51423
1.51423
1.51422
1.51422
1.51421
1.51421
1.51421
1.51421
1.51421
1.5142
1.5142
1.5142
1.51421
1.51422
1.51422
1.51421
1.51421
1.51422
1.51421
1.51421
1.5142
1.5142
1.47795
1.47795
1.47795
1.47795
1.47795
1.47796
1.47797
1.47797
1.47796
1.47797
1.47796
1.47796
1.47797
1.47796
1.47796
1.47797
1.47797
1.47796
1.47797
1.47796
1.47796
1.47796
1.47795
1.47795
1.47796
1.47796
1.47797
1.47797
1.47798
1.47797
1.47798
1.47799
1.47799
1.47798
1.47798
1.47797
1.47797
1.47798
1.47798
1.47798
1.47798
1.47798
1.47798
1.47798
1.47799
1.47799
1.47799
1.47799
1.47799
1.47799
1.47799
1.47798
1.47798
1.47798
1.47799
1.47798
1.47797
1.47798
1.47797
1.47796
1.47796
1.47797
1.47797
1.47797
1.47798
1.47798
1.47797
1.47797
1.47797
1.47796
1.47796
1.47796
1.47795
1.47795
1.47795
1.47796
1.47795
1.47796
1.47796
1.47795
1.47795
1.47795
1.47794
1.47794
1.47794
1.47794
1.47794
1.47793
1.47794
1.47793
1.47794
1.47795
1.47794
1.47795
1.47795
1.47795
1.47796
1.47796
1.47797
1.47797
1.42372
1.42372
1.42372
1.42371
1.4237
1.4237
1.4237
1.4237
1.4237
1.4237
1.4237
1.4237
1.42371
1.42371
1.42371
1.42371
1.4237
1.42369
1.4237
1.4237
1.42371
1.42371
1.42371
1.42371
1.42372
1.42372
1.42373
1.42373
1.42373
1.42372
1.42372
1.42372
1.42374
1.42375
1.42375
1.42375
1.42375
1.42375
1.42376
1.42376
1.42376
1.42377
1.42377
1.42377
1.42377
1.42378
1.42378
1.42378
1.42378
1.42378
1.42376
1.42376
1.42376
1.42376
1.42376
1.42376
1.42376
1.42376
1.42376
1.42376
1.42376
1.42376
1.42376
1.42377
1.42377
1.42376
1.42375
1.42376
1.42377
1.42378
1.42377
1.42377
1.42377
1.42377
1.42378
1.42378
1.42377
1.42377
1.42377
1.42377
1.42376
1.42376
1.42377
1.42378
1.42377
1.42378
1.42378
1.42378
1.42378
1.4238
1.4238
1.4238
1.4238
1.4238
1.4238
1.42381
1.42381
1.42381
1.42381
1.42381
1.38254
1.38253
1.38253
1.38253
1.38254
1.38254
1.38254
1.38253
1.38254
1.38254
1.38254
1.38253
1.38253
1.38254
1.38254
1.38254
1.38253
1.38253
1.38253
1.38253
1.38253
1.38253
1.38254
1.38254
1.38254
1.38253
1.38253
1.38252
1.38253
1.38252
1.38252
1.38251
1.3825
1.3825
1.3825
1.38249
1.38249
1.38249
1.38249
1.38249
1.3825
1.3825
1.38251
1.38253
1.38252
1.38253
1.38253
1.38253
1.38253
1.38252
1.38253
1.38253
1.38253
1.38253
1.38253
1.38253
1.38253
1.38254
1.38254
1.38255
1.38255
1.38255
1.38254
1.38255
1.38255
1.38254
1.38254
1.38255
1.38255
1.38255
1.38255
1.38255
1.38255
1.38255
1.38256
1.38257
1.38258
1.38259
1.38258
1.38257
1.38258
1.38258
1.38257
1.38257
1.38258
1.38258
1.38259
1.38258
1.38258
1.38258
1.38259
1.38258
1.38258
1.38257
1.38258
1.38258
1.38257
1.38257
1.38257
1.38256
1.36449
1.36449
1.36448
1.36448
1.36448
1.36448
1.36449
1.36447
1.36447
1.36447
1.36447
1.36447
1.36448
1.36448
1.36448
1.36448
1.36448
1.36448
1.36448
1.36449
1.36449
1.36448
1.36449
1.36449
1.36448
1.36448
1.36448
1.36449
1.36448
1.36448
1.36447
1.36447
1.36447
1.36447
1.36446
1.36446
1.36447
1.36447
1.36447
1.36448
1.36447
1.36446
1.36446
1.36447
1.36447
1.36447
1.36447
1.36447
1.36448
1.36448
1.36448
1.36448
1.36448
1.36449
1.36448
1.36448
1.36449
1.36449
1.36449
1.36449
1.36449
1.36449
1.36449
1.36449
1.3645
1.3645
1.36449
1.36449
1.36449
1.36448
1.36449
1.36449
1.3645
1.3645
1.3645
1.3645
1.3645
1.3645
1.3645
1.36451
1.36451
1.36451
1.36451
1.3645
1.3645
1.3645
1.3645
1.36449
1.36449
1.36448
1.36448
1.36448
1.36448
1.36449
1.36449
1.36448
1.36449
1.36449
1.36449
1.36449
1.43322
1.43322
1.43322
1.43321
1.43323
1.43323
1.43322
1.43322
1.43321
1.43321
1.43321
1.43321
1.43322
1.43322
1.43322
1.43322
1.43322
1.43322
1.43322
1.43322
1.43322
1.43322
1.43322
1.43322
1.43321
1.43321
1.43321
1.43321
1.43321
1.43321
1.43322
1.43323
1.43322
1.43322
1.43322
1.43321
1.43321
1.43321
1.43321
1.43322
1.43322
1.43323
1.43323
1.43323
1.43322
1.43322
1.43322
1.43322
1.43322
1.43322
1.43322
1.43321
1.4332
1.43319
1.43319
1.43319
1.43319
1.43319
1.43319
1.4332
1.43319
1.43318
1.43318
1.43318
1.43318
1.43317
1.43318
1.43317
1.43317
1.43318
1.43318
1.43317
1.43317
1.43317
1.43316
1.43316
1.43316
1.43316
1.43314
1.43315
1.43315
1.43315
1.43314
1.43314
1.43314
1.43315
1.43315
1.43315
1.43315
1.43316
1.43316
1.43315
1.43315
1.43315
1.43316
1.43316
1.43315
1.43316
1.43316
1.43317
1.37695
1.37695
1.37695
1.37695
1.37694
1.37694
1.37694
1.37696
1.37694
1.37695
1.37695
1.37695
1.37695
1.37695
1.37695
1.37694
1.37694
1.37693
1.37693
1.37694
1.37696
1.37695
1.37696
1.37696
1.37697
1.37696
1.37695
1.37695
1.37695
1.37695
1.37695
1.37694
1.37693
1.37693
1.37692
1.37691
1.37691
1.37691
1.37691
1.37691
1.37691
1.37692
1.37691
1.37691
1.3769
1.37689
1.37689
1.37688
1.37688
1.37687
1.37687
1.37687
1.37689
1.37689
1.37689
1.37689
1.3769
1.3769
1.3769
1.37691
1.37691
1.37691
1.37691
1.37691
1.37692
1.37692
1.37692
1.37691
1.37691
1.37691
1.37691
1.37691
1.3769
1.3769
1.3769
1.3769
1.3769
1.3769
1.37689
1.37689
1.37688
1.37688
1.37688
1.37689
1.37689
1.37689
1.3769
1.3769
1.3769
1.37689
1.37689
1.37689
1.37689
1.37688
1.37689
1.3769
1.3769
1.3769
1.3769
1.3769
