0
0
0
0
0
0
0
0
0
0
0
0
0
0
0
0
0
0
0
0
0
0
0
0
0
0
0
0
0
0
0
0
0
0
0
0
0
0
0
0
0
0
0
0
0
0
0
0
0
0
0
0
0
0
0
0
0
0
0
0
0
0
0
0
0
0
0
0
0
0
0
0
0
0
0
0
0.946357
0.946357
0.946357
0.946357
0.946357
0.946357
0.946357
0.946357
0.946357
0.946357
0.946357
1.14263
1.14263
1.14263
1.14263
1.14263
1.14263
1.14263
1.14263
1.14263
1.14263
1.14263
1.14263
1.14263
1.14263
2.77832
2.77832
2.77832
2.77832
2.77832
3.44007
4.00139
4.00139
4.00139
3.87322
3.87322
3.87322
2.93642
2.93642
2.93642
1.72885
1.72885
1.72885
1.72885
1.72885
1.72885
1.08046
0.8611
0.8611
0.8611
0.8611
0.8611
1.28546
1.28546
1.28546
1.28546
1.28546
1.28546
1.28546
1.60173
1.60173
1.60173
1.60173
1.60173
1.60173
1.60173
1.60173
1.60173
1.60173
1.60173
1.60173
1.60173
1.60173
1.60173
1.60173
1.60173
1.60173
1.63305
1.63305
1.74977
1.74977
1.74977
1.74977
1.74977
1.74977
1.74977
1.35147
1.35147
1.35147
1.35147
1.35147
2.81119
2.81119
3.90864
3.90864
1.73777
1.73777
1.73777
0.858842
0.858842
0.858842
0.858842
0.858842
0.858842
0.858842
0.858842
0.858842
0.858842
0.858842
0.858842
1.93911
1.93911
1.41464
1.41464
1.41464
1.41464
1.41464
1.41464
1.53615
1.53615
1.53615
1.53615
1.53615
1.53615
1.53615
1.53615
1.53615
1.53615
1.53615
1.53615
1.53615
1.53615
1.80168
1.80168
1.83374
1.83374
1.83374
1.83374
1.83374
1.23191
1.23191
1.23191
1.23191
1.23191
1.23191
1.23191
1.23191
1.23191
1.23191
1.11307
1.11307
1.11307
3.19027
3.53327
3.53327
3.53327
3.53935
3.88657
4.08612
4.08612
4.08612
3.55082
4.47796
4.47796
4.47796
6.0906
6.0906
6.0906
6.16228
3.76177
3.76177
3.76177
3.76177
1.95827
2.44796
2.70514
2.70514
2.70514
2.70514
2.70514
2.70514
2.70514
2.23348
2.23348
2.25058
2.18247
2.18589
2.18589
2.18589
3.15346
2.3001
2.3001
2.3001
2.3001
2.3001
2.93097
2.93097
3.05512
3.05512
2.63559
2.63559
2.63559
2.63559
2.21547
2.49936
1.98282
1.98282
1.67433
1.27176
1.27176
1.27176
1.27176
1.13362
1.13362
1.13362
1.13362
1.13362
0.970037
0.970037
0.970037
0.970037
0.970037
0.970037
0.970037
0.970037
0.970037
0.627334
0.627334
0.627334
0.627334
0.627334
0.627334
0.627334
0.627334
0.627334
0.627334
0.627334
0.627334
0.627334
0.627334
0.627334
0.627334
1.0427
1.85202
1.85202
1.85202
1.65717
1.65717
1.65717
1.65717
1.65717
1.65717
0.408457
0.408457
0.408457
0.408457
0.408457
0.408457
0.408457
0.408457
0.408457
0.96865
0.96865
1.38527
1.38527
1.38527
1.38527
1.38527
1.38527
1.38527
1.38527
1.38527
1.38527
1.38527
1.38527
1.38527
1.38527
1.38527
1.38527
1.38527
1.38527
1.88535
1.88535
1.88535
1.88535
1.88535
1.88535
1.88535
1.88535
1.57783
1.57783
1.57783
1.57783
1.57783
1.57783
1.57783
1.57783
0.939418
0.939418
0.939418
0.939418
0.939418
0.939418
0.939418
0.939418
0.939418
2.39971
3.33313
3.33313
3.33313
3.33313
3.33313
3.33313
3.33313
2.87746
2.04187
2.04187
3.43144
3.43144
3.43144
3.43144
3.34331
3.68234
3.68234
3.05426
1.67733
1.67733
1.67733
1.67733
1.67733
1.67733
1.67733
1.67733
1.67733
1.67733
1.67733
1.67733
1.67733
1.67733
1.08039
1.08039
1.08039
1.08039
1.08039
1.08039
1.08039
0.914419
0.914419
1.43347
1.43347
1.43347
1.43347
1.43347
1.43347
1.33247
1.33247
1.33247
1.33247
1.3863
1.3863
1.3863
1.3863
1.3863
1.3863
1.3863
1.3863
1.3863
0.780149
0.780149
0.780149
0.780149
0.780149
1.63023
1.63023
1.63023
1.63023
1.63023
1.63023
1.63023
1.63023
1.63023
1.63023
1.03098
1.03098
1.03098
1.03098
1.03098
1.03098
1.03098
1.03098
1.03098
1.76016
1.76016
1.76016
1.76016
1.76016
1.76016
1.76016
1.76016
0.680701
0.942435
0.942435
0.942435
1.25551
1.25551
1.25551
1.25551
1.25551
1.25551
1.25551
1.25551
1.25551
1.25355
1.25355
1.25355
1.25355
1.25355
1.25355
1.25355
0.824753
0.824753
0.824753
0.824753
0.824753
0.824753
0.824753
0.824753
0.824753
0.824753
0.824753
0.824753
1.29764
1.29764
1.29764
1.29764
1.29764
1.29764
1.29764
1.29764
1.86278
1.45955
1.45955
1.45955
1.64573
1.64573
1.64573
1.57362
1.57362
1.27483
1.27483
1.27483
2.35924
2.35924
1.51325
1.51325
1.51325
1.51325
1.51325
1.51325
1.51325
1.51325
1.51325
1.51325
1.51325
1.51325
1.51325
1.51325
1.50389
1.70487
1.70487
1.70487
1.70487
1.49307
1.49307
1.49307
1.49307
1.49307
1.49307
1.49307
1.49307
1.49307
1.49307
1.49307
1.49307
1.49307
1.49307
1.49307
1.49307
1.49307
1.49307
1.49307
1.49307
2.04418
2.04418
2.04418
2.04418
1.87883
1.87883
1.87883
0.436469
0.436469
0.436469
0.436469
0.436469
0.436469
0.436469
0.436469
0.436469
0.436469
0.436469
0.436469
0.436469
0.436469
0.436469
0.436469
0.436469
0.436469
0.436469
1.90453
1.90453
1.90453
3.14805
3.95207
2.05996
2.05996
2.05996
2.00804
2.00804
2.00804
2.00804
2.00804
2.00804
2.00804
2.00804
2.00804
2.00804
2.00804
3.6739
4.13434
5.61195
5.61195
2.79644
2.85033
2.85033
2.85033
2.85033
2.85033
2.85033
2.69225
1.84163
1.84163
1.84163
1.00469
1.00469
1.00469
1.00469
0.944809
0.944809
0.944809
0.944809
0.944809
0.944809
0.944809
0.944809
0.944809
0.944809
0.944809
1.07766
1.07766
1.07766
1.07766
1.07766
1.07766
1.07766
1.07766
1.07766
1.07766
1.07766
1.07766
1.07766
1.07766
1.07766
1.07766
1.07766
1.07766
1.07766
1.07766
0.757173
0.757173
0.757173
0.757173
0.757173
0.757173
0.757173
0.757173
0.757173
0.757173
0.757173
0.757173
0.757173
1.75184
1.75184
1.75184
1.75184
1.75184
1.75184
1.75184
1.75184
1.75184
1.60802
1.60802
1.49636
1.49636
1.49636
1.49636
1.49636
1.49636
1.49636
1.49636
1.49636
1.49636
1.49636
1.49636
1.49636
1.49636
1.49636
1.49636
1.49636
1.49636
1.49636
1.49636
1.49636
1.49636
1.49636
1.46381
1.00963
1.00963
1.00963
1.00963
1.00963
1.00963
1.00963
1.00963
1.00963
1.00963
1.00963
1.00963
1.00963
1.92351
1.21257
1.3882
1.3882
1.3882
1.3882
1.3882
2.11097
2.26293
2.05126
2.05126
1.69962
1.55671
1.20233
1.20233
2.35605
1.22233
1.22233
1.22233
2.82729
2.47646
2.47646
1.60197
1.60197
1.60197
1.60197
0.87755
0.87755
1.10795
1.10795
0.451115
0.451115
0.451115
0.451115
0.451115
1.51445
1.51445
1.51445
1.22025
1.22025
1.22025
1.22025
1.22025
0.631818
0.631818
0.631818
2.1649
2.1649
2.1649
2.1649
1.85401
1.85401
1.95976
1.97112
1.97112
1.97112
1.97112
1.97112
3.14352
3.14352
3.14352
3.14352
2.5087
3.32084
2.23507
2.23507
2.23507
2.23507
2.23507
0.685617
0.685617
0.685617
0.685617
0.685617
0.685617
0.685617
0.685617
0.685617
0.685617
0.685617
0.685617
0.685617
0.685617
0.685617
0.685617
0.685617
0.685617
1.91541
1.91541
1.67315
1.67315
1.67315
1.67315
1.67315
1.67315
1.67315
1.67315
1.67315
1.96732
1.96732
1.96732
1.96732
1.96732
1.96732
1.96732
1.96732
1.96732
1.96732
1.96732
2.31203
2.31203
2.31203
2.31203
2.31203
2.31203
2.31203
2.31203
2.31203
2.31203
2.31203
2.31203
2.31203
2.31203
2.05846
2.05846
2.05846
2.05846
2.05846
2.05846
2.05846
2.77411
2.77411
2.33996
1.04467
1.04467
1.04467
1.04467
1.04467
1.04467
1.04467
1.04467
1.04467
1.20731
1.20731
1.20731
1.04953
1.04953
1.04953
1.04953
1.04953
1.04953
2.04571
2.04571
2.04571
2.04571
1.65394
3.40038
4.91555
5.57024
5.57024
6.45468
5.70301
5.70301
5.70301
5.06038
5.06038
5.06038
5.06038
6.17552
6.17552
5.86413
4.90294
4.90294
4.8749
4.8749
4.17388
4.17388
4.17388
3.30515
3.30515
3.30515
2.90443
2.90443
2.85785
2.60778
2.60778
2.33637
2.33637
2.33637
2.33637
2.33637
2.33637
2.33637
2.33637
2.33637
2.33637
2.33637
2.33637
2.33637
2.33637
2.33637
2.33637
2.33637
2.33637
3.00104
3.00104
3.00104
3.00098
2.42644
2.7913
1.84687
1.84687
0.951377
0.951377
0.951377
0.951377
0.951377
0.951377
0.951377
0.951377
0.951377
0.951377
0.951377
1.73993
1.48293
1.48293
1.50257
1.40202
1.40202
1.40202
1.40202
1.40202
1.40202
1.40202
1.40202
1.69728
1.69728
1.69728
1.69728
1.7721
1.7721
1.7721
1.3978
1.3978
1.3978
0.882019
0.882019
0.882019
0.882019
0.882019
0.882019
0.882019
0.493453
0.493453
1.19467
1.19467
1.19467
1.19877
1.19877
1.19877
1.19877
1.19877
0.798027
0.798027
0.798027
0.798027
0.798027
0.798027
0.798027
0.798027
0.798027
0.798027
0.798027
0.798027
0.798027
0.798027
