3.85223
3.85223
3.85223
3.85223
3.34853
3.49959
2.91856
2.87169
2.87169
6.47172
6.20628
6.20628
6.20628
6.20628
6.53725
7.5141
8.35633
8.35633
8.55681
7.91217
7.91217
7.75296
7.75296
8.07497
8.07497
8.07497
8.07497
4.51814
5.52884
5.08851
4.08359
4.61628
4.61628
4.61628
4.61628
5.30726
6.13607
6.13607
6.13607
6.13607
4.81874
4.74325
4.74325
4.74325
4.74325
6.05566
3.49676
3.49676
3.49676
3.49676
4.73793
4.73793
4.73793
4.5791
2.41448
2.41448
2.41448
2.04781
3.63129
2.73017
2.27877
3.00523
1.72114
3.23123
3.23123
3.23123
3.23123
3.23123
3.23123
2.88303
6.09456
6.09456
6.72097
5.86457
5.86457
5.86457
3.63326
3.63326
4.74233
4.21909
4.57258
2.36574
2.36574
2.36574
2.36574
3.35713
2.11332
2.11332
3.87066
3.89874
6.11955
6.11955
6.16933
6.56049
6.56049
4.04654
3.40596
2.00899
2.00899
2.43448
3.69215
4.68914
4.46717
4.46717
4.92933
4.92933
4.92933
4.92933
4.92933
5.0905
5.0905
3.35272
3.28583
3.28583
2.39518
2.14632
2.14632
2.14632
2.37975
2.57942
3.20445
3.20445
2.35747
2.35747
2.35747
2.35747
2.35747
2.35747
2.35747
1.91495
2.03461
3.27937
2.96631
2.96631
2.96631
2.96631
2.96631
2.96631
2.96631
2.96631
2.71267
2.87268
3.70864
3.70864
3.70864
4.28022
4.71444
3.34565
3.34565
3.34565
3.89149
3.47426
3.50441
4.17432
4.17432
4.17432
5.85315
6.16194
6.16194
3.61212
5.10763
5.10763
4.3369
6.37941
4.32509
4.32509
4.32509
4.32509
3.68453
3.68453
5.50012
5.50012
4.02674
4.02674
4.02674
1.5388
1.5388
3.81738
5.67057
5.94521
5.94521
4.97447
3.98498
3.98498
3.98498
3.95032
3.95032
3.95032
3.40231
5.44609
5.44609
6.14938
6.14938
5.9227
5.9227
5.88294
4.13333
4.13333
4.13333
5.57181
3.76241
2.29636
2.29636
3.37154
3.98072
3.98072
6.43815
6.43815
5.92127
5.92127
6.96668
6.96668
6.96668
5.68448
3.75024
3.75024
6.95402
8.65719
8.65719
8.65719
7.7611
6.50284
7.29219
4.13628
5.56387
5.54101
5.96446
9.56966
9.24695
9.24695
8.38496
8.38496
8.38496
8.28753
8.76715
10.8991
10.9186
14.1559
12.2578
11.8052
10.8736
10.2676
10.9152
10.9152
11.3713
10.3162
9.41182
9.08609
9.08609
7.73005
7.73005
5.88483
5.88483
5.88483
8.61907
7.08033
6.21033
5.38956
5.38956
5.38956
5.57242
3.27321
4.8854
2.83565
1.6307
3.37634
3.37634
5.20826
5.20826
5.5062
5.5062
5.66845
11.1829
8.72505
8.72505
8.72505
8.72505
11.1462
11.7445
9.87862
9.87862
9.8971
9.3563
9.3563
9.3563
9.02842
7.03691
7.03691
7.03691
7.19016
6.23363
5.19046
5.76801
5.76801
5.76801
7.52637
11.1915
11.1915
11.7671
7.01439
7.01439
5.98357
5.98357
5.98357
7.48645
6.54959
6.54959
4.44158
5.94376
5.00718
5.00718
5.00718
5.00718
5.64565
5.55606
5.55606
3.96634
2.75442
2.75442
2.75442
2.75442
4.37938
6.42904
3.14704
3.14704
5.0965
5.0965
5.0965
6.69712
6.69712
6.74086
5.34106
7.03486
7.41329
6.33931
7.43009
6.58387
5.59918
3.70717
3.70717
5.20152
5.20152
9.23294
9.59048
9.06724
8.21045
7.67963
7.67963
8.0386
8.0386
5.64596
4.87976
4.43637
4.43637
4.43637
4.43637
4.43637
4.43637
4.43637
4.43637
4.43637
4.58463
4.58463
5.69174
6.61643
5.15066
6.40327
4.74393
4.42238
4.42238
5.39302
5.39302
5.17482
5.17482
5.17482
5.17482
2.30746
3.26676
3.26676
3.26676
4.74941
5.7885
5.7885
6.13251
5.55802
5.16475
5.16475
5.16475
5.16475
3.48247
3.56227
3.46976
3.46976
3.46976
4.27214
4.27214
4.27214
4.05014
4.05014
4.05014
5.28175
5.28175
5.28175
5.28175
4.88598
4.88598
7.03904
8.87337
7.80187
7.99148
7.44596
3.84677
6.17692
6.17692
7.08197
5.42716
4.79624
4.79624
4.36002
6.47461
6.47461
6.47461
6.47461
6.47461
4.71343
6.15329
5.35087
2.41116
1.89299
2.93063
4.62974
4.17945
4.22324
4.42216
5.90773
2.39394
2.39394
2.39394
2.39394
2.39394
5.01368
4.01322
2.4147
1.988
2.60184
5.62376
5.62376
5.60354
6.22323
6.22323
4.54906
2.72658
4.53687
4.56048
3.74128
3.48273
3.48273
3.48273
3.48273
3.48273
3.59946
3.59946
5.00171
7.66019
7.66019
8.60667
7.04854
5.13161
5.13161
4.37594
4.37594
7.75739
7.75739
4.3083
4.31835
3.96952
3.50803
3.50803
3.50803
3.50803
2.74165
2.74165
2.74165
4.33541
4.33541
4.33541
6.13704
7.2395
7.2395
7.2395
9.11087
9.11087
8.00449
8.00449
8.00449
5.69808
5.69808
6.94303
6.94303
6.94303
7.24147
5.00537
2.73399
2.82498
3.44215
3.44215
3.44215
3.61435
3.45115
2.93486
2.93486
2.93486
2.93486
2.41166
2.41166
2.06286
3.77178
3.77178
3.77178
4.8771
4.8771
5.1048
5.47461
4.80443
5.94786
5.68623
4.62794
4.62794
4.44462
4.44462
4.3955
2.86695
2.86695
2.83401
2.83401
3.40078
5.67677
3.85871
3.93686
6.04775
6.04775
6.04775
6.04775
5.5716
5.5716
5.24389
3.47865
3.47865
3.47865
1.41517
1.41517
1.95964
1.95964
1.95964
1.95964
3.24954
3.24954
3.24954
2.20442
2.56753
2.56753
3.83938
3.42421
3.42421
2.80304
3.89371
3.19395
3.19395
3.88138
3.88138
3.16929
3.68722
3.81217
4.55822
4.55822
4.55822
4.55822
5.15812
4.56362
4.56362
4.56362
4.56362
4.56362
6.3491
4.93123
4.93123
4.93123
4.93123
3.79035
4.34893
4.34893
4.34893
4.34893
4.34893
4.34893
4.14182
4.14182
4.14182
4.81062
4.81062
4.81062
4.73381
3.3908
3.3908
3.3908
4.18037
4.18037
7.11717
7.11717
6.31501
6.97042
4.83836
4.18327
4.18327
2.82111
2.82111
2.82111
3.39154
3.39154
3.39154
3.39154
3.4775
3.4775
3.4775
4.56416
5.04614
3.41608
2.67751
2.67751
2.67751
2.67751
2.67751
3.71765
4.8446
2.78445
3.30609
3.30609
2.94677
4.3741
1.69672
1.69672
3.51955
5.88314
4.67652
5.04944
5.04944
4.214
4.58359
4.58359
4.58359
4.58359
6.31149
5.72361
5.72361
5.72361
5.72361
5.72361
5.72361
7.01307
4.62047
4.59747
5.14785
5.14785
6.2603
7.90701
7.90701
9.06466
9.06466
10.5117
11.0759
11.0759
8.72095
8.49022
9.69783
9.69783
9.69783
9.69783
9.69783
6.636
7.31964
8.87101
8.87101
8.87101
8.87101
7.91878
7.91878
7.91878
8.01085
6.19031
6.19031
6.19031
8.05584
8.05584
7.65513
7.65513
6.78772
5.4997
5.4997
4.17028
3.33109
2.70842
2.70842
2.28455
2.28455
2.28455
2.28455
2.28455
2.28455
3.49457
3.29829
3.29829
3.76021
3.76021
3.76021
4.46261
3.22097
3.89806
3.89193
4.65829
5.13595
5.13595
5.13595
5.13595
5.10239
5.10239
5.10239
5.10239
5.51155
5.27138
5.27138
5.27138
5.27138
5.27138
3.44477
5.93684
5.93684
5.75938
7.90583
7.90583
7.90583
7.63153
7.63153
7.63153
7.63153
6.40823
6.40823
3.44073
4.0275
4.76194
4.88537
4.00734
4.00734
6.02296
6.02296
5.81095
5.81095
4.76128
2.90995
2.90995
1.93504
1.93504
1.93504
3.18659
3.18659
3.18659
3.18659
3.18659
3.18659
3.18659
3.18659
5.09787
5.09787
5.09787
5.28845
6.32386
6.32386
6.19361
6.19361
4.88894
4.34685
4.34685
6.29699
6.02371
6.02371
6.02371
6.10213
6.20059
6.20059
7.11081
8.66319
8.66319
9.77934
5.50938
5.50938
5.50938
5.50938
5.50938
4.28685
4.28685
4.28685
4.28685
2.10913
2.10913
3.86862
3.86862
3.86862
3.86862
3.86862
3.86862
3.05453
3.05453
5.38761
5.38761
8.71872
10.4426
8.80639
8.80639
9.64535
8.92087
8.92087
6.17576
6.16304
6.16304
6.16304
6.16304
6.16304
6.16304
5.42667
5.42667
5.11616
2.32146
2.32146
2.70585
3.57236
3.57236
3.57236
3.57236
2.36831
2.36831
2.36831
2.99766
3.50244
3.50244
3.64395
3.64395
3.05922
3.05922
3.05922
3.05922
3.05922
3.05922
4.98292
5.15508
5.15508
4.88894
6.95816
6.26889
9.06177
4.91682
4.59293
4.59293
5.15641
2.61963
2.61963
5.5052
5.5052
5.5052
5.5052
5.84422
5.84422
5.84422
5.84422
7.89592
9.03876
9.03876
9.03876
9.32488
9.32488
9.35698
8.75386
8.75386
8.80142
6.15473
5.90046
4.18441
4.64063
4.64063
5.07635
4.92111
4.92111
4.92111
4.25617
4.25617
4.25617
2.35156
3.90396
3.90396
3.90396
4.9522
2.03921
2.03921
2.03921
3.22266
3.25769
3.25769
3.41281
3.41281
3.41281
4.54976
3.8881
3.8881
3.82193
3.82193
4.52543
4.31944
7.1688
7.02786
5.39803
5.39803
2.06533
2.06533
2.06533
3.33631
3.33631
3.33631
3.33631
3.33631
3.33631
2.4511
2.27826
1.94708
3.40286
4.43183
2.97141
4.01303
4.01303
4.64791
4.64791
6.02715
6.02715
6.02715
6.02715
6.02715
6.02715
4.3482
4.70578
4.70578
4.36089
4.36089
4.36089
3.15433
2.89552
2.89552
4.31109
4.24223
4.24223
4.24223
5.09862
6.73742
6.71813
7.08522
7.87318
7.87318
6.85565
6.85565
5.41521
5.41521
5.41521
5.41521
6.35758
6.43958
5.58117
5.38897
5.0569
3.79399
2.91986
2.91986
2.56098
2.56098
2.56098
2.53761
2.53761
2.53761
2.53761
0.974413
3.80003
3.80003
3.10677
3.10677
3.64977
3.64977
3.86774
3.86774
3.86774
5.58893
7.14693
7.14693
5.90716
5.96899
6.22087
