===== BLOCK NUMBER 1 =====
1,	0,	0.0128248,	0,	
1,	0.0128248,	0.0256496,	0,	
1,	0.0256496,	0.0384745,	0,	
1,	0.0384745,	0.0512993,	0,	
1,	0.0512993,	0.0641241,	0,	
1,	0.0641241,	0.0769489,	0,	
1,	0.0769489,	0.0897737,	0,	
1,	0.0897737,	0.102599,	0,	
1,	0.102599,	0.115423,	0,	
1,	0.115423,	0.128248,	0,	
1,	0.128248,	0.141073,	0,	
1,	0.141073,	0.153898,	0,	
1,	0.153898,	0.166723,	0,	
1,	0.166723,	0.179547,	0,	
1,	0.179547,	0.192372,	0,	
1,	0.192372,	0.205197,	0,	
1,	0.205197,	0.218022,	0,	
1,	0.218022,	0.230847,	0,	
1,	0.230847,	0.243672,	0,	
1,	0.243672,	0.256496,	0,	
1,	0.256496,	0.269321,	0,	
1,	0.269321,	0.282146,	0,	
1,	0.282146,	0.294971,	0,	
1,	0.294971,	0.307796,	0,	
1,	0.307796,	0.32062,	0,	
1,	0.32062,	0.333445,	0,	
1,	0.333445,	0.34627,	0,	
1,	0.34627,	0.359095,	0,	
1,	0.359095,	0.37192,	0,	
1,	0.37192,	0.384745,	0,	
1,	0.384745,	0.397569,	0,	
1,	0.397569,	0.410394,	0,	
1,	0.410394,	0.423219,	0,	
1,	0.423219,	0.436044,	0,	
1,	0.436044,	0.448869,	0,	
1,	0.448869,	0.461694,	0,	
1,	0.461694,	0.474518,	0,	
1,	0.474518,	0.487343,	0,	
1,	0.487343,	0.500168,	0,	
1,	0.500168,	0.512993,	0,	
1,	0.512993,	0.525818,	0,	
1,	0.525818,	0.538642,	0,	
1,	0.538642,	0.551467,	0,	
1,	0.551467,	0.564292,	0,	
1,	0.564292,	0.577117,	0,	
1,	0.577117,	0.589942,	0,	
1,	0.589942,	0.602767,	0,	
1,	0.602767,	0.615591,	0,	
1,	0.615591,	0.628416,	0,	
1,	0.628416,	0.641241,	0,	
1,	0.641241,	0.654066,	0,	
1,	0.654066,	0.666891,	0,	
1,	0.666891,	0.679715,	0,	
1,	0.679715,	0.69254,	0,	
1,	0.69254,	0.705365,	0,	
1,	0.705365,	0.71819,	0,	
1,	0.71819,	0.731015,	0,	
1,	0.731015,	0.74384,	0,	
1,	0.74384,	0.756664,	0,	
1,	0.756664,	0.769489,	0,	
1,	0.769489,	0.782314,	0,	
1,	0.782314,	0.795139,	0,	
1,	0.795139,	0.807964,	0,	
1,	0.807964,	0.820788,	0,	
1,	0.820788,	0.833613,	0,	
1,	0.833613,	0.846438,	0,	
1,	0.846438,	0.859263,	0,	
1,	0.859263,	0.872088,	0,	
1,	0.872088,	0.884913,	0.000558043,	
1,	0.884913,	0.897737,	0.0030719,	
1,	0.897737,	0.910562,	0.0116781,	
1,	0.910562,	0.923387,	0.0393539,	
1,	0.923387,	0.936212,	0.0946515,	
1,	0.936212,	0.949037,	0.224902,	
1,	0.949037,	0.961861,	0.403527,	
1,	0.961861,	0.974686,	0.664776,	
1,	0.974686,	0.987511,	1.00702,	
1,	0.987511,	1.00034,	1.33716,	
1,	1.00034,	1.01316,	1.6822,	
1,	1.01316,	1.02599,	1.98085,	
1,	1.02599,	1.03881,	2.22927,	
1,	1.03881,	1.05164,	2.40775,	
1,	1.05164,	1.06446,	2.56704,	
1,	1.06446,	1.07728,	2.58172,	
1,	1.07728,	1.09011,	2.55093,	
1,	1.09011,	1.10293,	2.52748,	
1,	1.10293,	1.11576,	2.45649,	
1,	1.11576,	1.12858,	2.36652,	
1,	1.12858,	1.14141,	2.27551,	
1,	1.14141,	1.15423,	2.1551,	
1,	1.15423,	1.16706,	2.04337,	
1,	1.16706,	1.17988,	1.9427,	
1,	1.17988,	1.19271,	1.81952,	
1,	1.19271,	1.20553,	1.7233,	
1,	1.20553,	1.21836,	1.6557,	
1,	1.21836,	1.23118,	1.54115,	
1,	1.23118,	1.24401,	1.45698,	
1,	1.24401,	1.25683,	1.38474,	
1,	1.25683,	1.26966,	1.31646,	
1,	1.26966,	1.28248,	1.2252,	
1,	1.28248,	1.29531,	1.17903,	
1,	1.29531,	1.30813,	1.10999,	
1,	1.30813,	1.32096,	1.04184,	
1,	1.32096,	1.33378,	0.984687,	
1,	1.33378,	1.34661,	0.96725,	
1,	1.34661,	1.35943,	0.909555,	
1,	1.35943,	1.37226,	0.876202,	
1,	1.37226,	1.38508,	0.852424,	
1,	1.38508,	1.39791,	0.828479,	
1,	1.39791,	1.41073,	0.803298,	
1,	1.41073,	1.42355,	0.773563,	
1,	1.42355,	1.43638,	0.755221,	
1,	1.43638,	1.4492,	0.737717,	
1,	1.4492,	1.46203,	0.719015,	
1,	1.46203,	1.47485,	0.712104,	
1,	1.47485,	1.48768,	0.703817,	
1,	1.48768,	1.5005,	0.688089,	
1,	1.5005,	1.51333,	0.682053,	
1,	1.51333,	1.52615,	0.68153,	
1,	1.52615,	1.53898,	0.665129,	
1,	1.53898,	1.5518,	0.67295,	
1,	1.5518,	1.56463,	0.665171,	
1,	1.56463,	1.57745,	0.672997,	
1,	1.57745,	1.59028,	0.664918,	
1,	1.59028,	1.6031,	0.670469,	
1,	1.6031,	1.61593,	0.670439,	
1,	1.61593,	1.62875,	0.679817,	
1,	1.62875,	1.64158,	0.683639,	
1,	1.64158,	1.6544,	0.6834,	
1,	1.6544,	1.66723,	0.706535,	
1,	1.66723,	1.68005,	0.706255,	
1,	1.68005,	1.69288,	0.71158,	
1,	1.69288,	1.7057,	0.73255,	
1,	1.7057,	1.71853,	0.741108,	
1,	1.71853,	1.73135,	0.780477,	
1,	1.73135,	1.74418,	0.783071,	
1,	1.74418,	1.757,	0.80579,	
1,	1.757,	1.76983,	0.832107,	
1,	1.76983,	1.78265,	0.839883,	
1,	1.78265,	1.79547,	0.853428,	
1,	1.79547,	1.8083,	0.882754,	
1,	1.8083,	1.82112,	0.893578,	
1,	1.82112,	1.83395,	0.921335,	
1,	1.83395,	1.84677,	0.947153,	
1,	1.84677,	1.8596,	0.968994,	
1,	1.8596,	1.87242,	0.986188,	
1,	1.87242,	1.88525,	1.0072,	
1,	1.88525,	1.89807,	1.03062,	
1,	1.89807,	1.9109,	1.04239,	
1,	1.9109,	1.92372,	1.06167,	
1,	1.92372,	1.93655,	1.09167,	
1,	1.93655,	1.94937,	1.10665,	
1,	1.94937,	1.9622,	1.11982,	
1,	1.9622,	1.97502,	1.13986,	
1,	1.97502,	1.98785,	1.14834,	
1,	1.98785,	2.00067,	1.17235,	
1,	2.00067,	2.0135,	1.17213,	
1,	2.0135,	2.02632,	1.17417,	
1,	2.02632,	2.03915,	1.19383,	
1,	2.03915,	2.05197,	1.20419,	
1,	2.05197,	2.0648,	1.22427,	
1,	2.0648,	2.07762,	1.21964,	
1,	2.07762,	2.09045,	1.21674,	
1,	2.09045,	2.10327,	1.21224,	
1,	2.10327,	2.1161,	1.20177,	
1,	2.1161,	2.12892,	1.20351,	
1,	2.12892,	2.14174,	1.20917,	
1,	2.14174,	2.15457,	1.19268,	
1,	2.15457,	2.16739,	1.19183,	
1,	2.16739,	2.18022,	1.1751,	
1,	2.18022,	2.19304,	1.15004,	
1,	2.19304,	2.20587,	1.14785,	
1,	2.20587,	2.21869,	1.14314,	
1,	2.21869,	2.23152,	1.12975,	
1,	2.23152,	2.24434,	1.1126,	
1,	2.24434,	2.25717,	1.10882,	
1,	2.25717,	2.26999,	1.09381,	
1,	2.26999,	2.28282,	1.06055,	
1,	2.28282,	2.29564,	1.04492,	
1,	2.29564,	2.30847,	1.04353,	
1,	2.30847,	2.32129,	1.02735,	
1,	2.32129,	2.33412,	1.01337,	
1,	2.33412,	2.34694,	0.994994,	
1,	2.34694,	2.35977,	0.997374,	
1,	2.35977,	2.37259,	0.979796,	
1,	2.37259,	2.38542,	0.972077,	
1,	2.38542,	2.39824,	0.958945,	
1,	2.39824,	2.41107,	0.938701,	
1,	2.41107,	2.42389,	0.936554,	
1,	2.42389,	2.43672,	0.919392,	
1,	2.43672,	2.44954,	0.915754,	
1,	2.44954,	2.46237,	0.914712,	
1,	2.46237,	2.47519,	0.907294,	
1,	2.47519,	2.48802,	0.901531,	
1,	2.48802,	2.50084,	0.899344,	
1,	2.50084,	2.51366,	0.873108,	
1,	2.51366,	2.52649,	0.880463,	
1,	2.52649,	2.53931,	0.885667,	
1,	2.53931,	2.55214,	0.886801,	
1,	2.55214,	2.56496,	0.890631,	
===== BLOCK NUMBER 2 =====
2,	0,	0.0128248,	0,	
2,	0.0128248,	0.0256496,	0,	
2,	0.0256496,	0.0384745,	0,	
2,	0.0384745,	0.0512993,	0,	
2,	0.0512993,	0.0641241,	0,	
2,	0.0641241,	0.0769489,	0,	
2,	0.0769489,	0.0897737,	0,	
2,	0.0897737,	0.102599,	0,	
2,	0.102599,	0.115423,	0,	
2,	0.115423,	0.128248,	0,	
2,	0.128248,	0.141073,	0,	
2,	0.141073,	0.153898,	0,	
2,	0.153898,	0.166723,	0,	
2,	0.166723,	0.179547,	0,	
2,	0.179547,	0.192372,	0,	
2,	0.192372,	0.205197,	0,	
2,	0.205197,	0.218022,	0,	
2,	0.218022,	0.230847,	0,	
2,	0.230847,	0.243672,	0,	
2,	0.243672,	0.256496,	0,	
2,	0.256496,	0.269321,	0,	
2,	0.269321,	0.282146,	0,	
2,	0.282146,	0.294971,	0,	
2,	0.294971,	0.307796,	0,	
2,	0.307796,	0.32062,	0,	
2,	0.32062,	0.333445,	0,	
2,	0.333445,	0.34627,	0,	
2,	0.34627,	0.359095,	0,	
2,	0.359095,	0.37192,	0,	
2,	0.37192,	0.384745,	0,	
2,	0.384745,	0.397569,	0,	
2,	0.397569,	0.410394,	0,	
2,	0.410394,	0.423219,	0,	
2,	0.423219,	0.436044,	0,	
2,	0.436044,	0.448869,	0,	
2,	0.448869,	0.461694,	0,	
2,	0.461694,	0.474518,	0,	
2,	0.474518,	0.487343,	0,	
2,	0.487343,	0.500168,	0,	
2,	0.500168,	0.512993,	0,	
2,	0.512993,	0.525818,	0,	
2,	0.525818,	0.538642,	0,	
2,	0.538642,	0.551467,	0,	
2,	0.551467,	0.564292,	0,	
2,	0.564292,	0.577117,	0,	
2,	0.577117,	0.589942,	0,	
2,	0.589942,	0.602767,	0,	
2,	0.602767,	0.615591,	0,	
2,	0.615591,	0.628416,	0,	
2,	0.628416,	0.641241,	0,	
2,	0.641241,	0.654066,	0,	
2,	0.654066,	0.666891,	0,	
2,	0.666891,	0.679715,	0,	
2,	0.679715,	0.69254,	0,	
2,	0.69254,	0.705365,	0,	
2,	0.705365,	0.71819,	0,	
2,	0.71819,	0.731015,	0,	
2,	0.731015,	0.74384,	0,	
2,	0.74384,	0.756664,	0,	
2,	0.756664,	0.769489,	0,	
2,	0.769489,	0.782314,	0,	
2,	0.782314,	0.795139,	0,	
2,	0.795139,	0.807964,	0,	
2,	0.807964,	0.820788,	0,	
2,	0.820788,	0.833613,	0,	
2,	0.833613,	0.846438,	0,	
2,	0.846438,	0.859263,	0,	
2,	0.859263,	0.872088,	0,	
2,	0.872088,	0.884913,	0.000186107,	
2,	0.884913,	0.897737,	0.00271186,	
2,	0.897737,	0.910562,	0.0101026,	
2,	0.910562,	0.923387,	0.0348469,	
2,	0.923387,	0.936212,	0.0989353,	
2,	0.936212,	0.949037,	0.228652,	
2,	0.949037,	0.961861,	0.42025,	
2,	0.961861,	0.974686,	0.696207,	
2,	0.974686,	0.987511,	1.04274,	
2,	0.987511,	1.00034,	1.40151,	
2,	1.00034,	1.01316,	1.72648,	
2,	1.01316,	1.02599,	2.03317,	
2,	1.02599,	1.03881,	2.27465,	
2,	1.03881,	1.05164,	2.4695,	
2,	1.05164,	1.06446,	2.49846,	
2,	1.06446,	1.07728,	2.58489,	
2,	1.07728,	1.09011,	2.57629,	
2,	1.09011,	1.10293,	2.53006,	
2,	1.10293,	1.11576,	2.4555,	
2,	1.11576,	1.12858,	2.35208,	
2,	1.12858,	1.14141,	2.22536,	
2,	1.14141,	1.15423,	2.14506,	
2,	1.15423,	1.16706,	2.01848,	
2,	1.16706,	1.17988,	1.90493,	
2,	1.17988,	1.19271,	1.79951,	
2,	1.19271,	1.20553,	1.70643,	
2,	1.20553,	1.21836,	1.57023,	
2,	1.21836,	1.23118,	1.48347,	
2,	1.23118,	1.24401,	1.41016,	
2,	1.24401,	1.25683,	1.33541,	
2,	1.25683,	1.26966,	1.26068,	
2,	1.26966,	1.28248,	1.19282,	
2,	1.28248,	1.29531,	1.14716,	
2,	1.29531,	1.30813,	1.0852,	
2,	1.30813,	1.32096,	1.04036,	
2,	1.32096,	1.33378,	0.990396,	
2,	1.33378,	1.34661,	0.939425,	
2,	1.34661,	1.35943,	0.911383,	
2,	1.35943,	1.37226,	0.881337,	
2,	1.37226,	1.38508,	0.866754,	
2,	1.38508,	1.39791,	0.835421,	
2,	1.39791,	1.41073,	0.812803,	
2,	1.41073,	1.42355,	0.779635,	
2,	1.42355,	1.43638,	0.77344,	
2,	1.43638,	1.4492,	0.748056,	
2,	1.4492,	1.46203,	0.733577,	
2,	1.46203,	1.47485,	0.734841,	
2,	1.47485,	1.48768,	0.708981,	
2,	1.48768,	1.5005,	0.710567,	
2,	1.5005,	1.51333,	0.690459,	
2,	1.51333,	1.52615,	0.690795,	
2,	1.52615,	1.53898,	0.671974,	
2,	1.53898,	1.5518,	0.684473,	
2,	1.5518,	1.56463,	0.682126,	
2,	1.56463,	1.57745,	0.660589,	
2,	1.57745,	1.59028,	0.67089,	
2,	1.59028,	1.6031,	0.66917,	
2,	1.6031,	1.61593,	0.679285,	
2,	1.61593,	1.62875,	0.679775,	
2,	1.62875,	1.64158,	0.688573,	
2,	1.64158,	1.6544,	0.698392,	
2,	1.6544,	1.66723,	0.716053,	
2,	1.66723,	1.68005,	0.721812,	
2,	1.68005,	1.69288,	0.733273,	
2,	1.69288,	1.7057,	0.75336,	
2,	1.7057,	1.71853,	0.76615,	
2,	1.71853,	1.73135,	0.773723,	
2,	1.73135,	1.74418,	0.793879,	
2,	1.74418,	1.757,	0.820933,	
2,	1.757,	1.76983,	0.836911,	
2,	1.76983,	1.78265,	0.853664,	
2,	1.78265,	1.79547,	0.875821,	
2,	1.79547,	1.8083,	0.890185,	
2,	1.8083,	1.82112,	0.907589,	
2,	1.82112,	1.83395,	0.91285,	
2,	1.83395,	1.84677,	0.951952,	
2,	1.84677,	1.8596,	0.970816,	
2,	1.8596,	1.87242,	0.983443,	
2,	1.87242,	1.88525,	1.01157,	
2,	1.88525,	1.89807,	1.03137,	
2,	1.89807,	1.9109,	1.03992,	
2,	1.9109,	1.92372,	1.06085,	
2,	1.92372,	1.93655,	1.07707,	
2,	1.93655,	1.94937,	1.11099,	
2,	1.94937,	1.9622,	1.12502,	
2,	1.9622,	1.97502,	1.12833,	
2,	1.97502,	1.98785,	1.15383,	
2,	1.98785,	2.00067,	1.16244,	
2,	2.00067,	2.0135,	1.17546,	
2,	2.0135,	2.02632,	1.19334,	
2,	2.02632,	2.03915,	1.18229,	
2,	2.03915,	2.05197,	1.20764,	
2,	2.05197,	2.0648,	1.20996,	
2,	2.0648,	2.07762,	1.21582,	
2,	2.07762,	2.09045,	1.19758,	
2,	2.09045,	2.10327,	1.18681,	
2,	2.10327,	2.1161,	1.205,	
2,	2.1161,	2.12892,	1.2126,	
2,	2.12892,	2.14174,	1.19609,	
2,	2.14174,	2.15457,	1.1898,	
2,	2.15457,	2.16739,	1.18592,	
2,	2.16739,	2.18022,	1.17268,	
2,	2.18022,	2.19304,	1.16173,	
2,	2.19304,	2.20587,	1.14271,	
2,	2.20587,	2.21869,	1.12209,	
2,	2.21869,	2.23152,	1.1278,	
2,	2.23152,	2.24434,	1.09795,	
2,	2.24434,	2.25717,	1.092,	
2,	2.25717,	2.26999,	1.0739,	
2,	2.26999,	2.28282,	1.06046,	
2,	2.28282,	2.29564,	1.03667,	
2,	2.29564,	2.30847,	1.02723,	
2,	2.30847,	2.32129,	1.01916,	
2,	2.32129,	2.33412,	0.994032,	
2,	2.33412,	2.34694,	0.996423,	
2,	2.34694,	2.35977,	0.976878,	
2,	2.35977,	2.37259,	0.967754,	
2,	2.37259,	2.38542,	0.961967,	
2,	2.38542,	2.39824,	0.946231,	
2,	2.39824,	2.41107,	0.950658,	
2,	2.41107,	2.42389,	0.934602,	
2,	2.42389,	2.43672,	0.93071,	
2,	2.43672,	2.44954,	0.919905,	
2,	2.44954,	2.46237,	0.917991,	
2,	2.46237,	2.47519,	0.910788,	
2,	2.47519,	2.48802,	0.895859,	
2,	2.48802,	2.50084,	0.910228,	
2,	2.50084,	2.51366,	0.889847,	
2,	2.51366,	2.52649,	0.889396,	
2,	2.52649,	2.53931,	0.888495,	
2,	2.53931,	2.55214,	0.884917,	
2,	2.55214,	2.56496,	0.886194,	
===== BLOCK NUMBER 3 =====
3,	0,	0.0128248,	0,	
3,	0.0128248,	0.0256496,	0,	
3,	0.0256496,	0.0384745,	0,	
3,	0.0384745,	0.0512993,	0,	
3,	0.0512993,	0.0641241,	0,	
3,	0.0641241,	0.0769489,	0,	
3,	0.0769489,	0.0897737,	0,	
3,	0.0897737,	0.102599,	0,	
3,	0.102599,	0.115423,	0,	
3,	0.115423,	0.128248,	0,	
3,	0.128248,	0.141073,	0,	
3,	0.141073,	0.153898,	0,	
3,	0.153898,	0.166723,	0,	
3,	0.166723,	0.179547,	0,	
3,	0.179547,	0.192372,	0,	
3,	0.192372,	0.205197,	0,	
3,	0.205197,	0.218022,	0,	
3,	0.218022,	0.230847,	0,	
3,	0.230847,	0.243672,	0,	
3,	0.243672,	0.256496,	0,	
3,	0.256496,	0.269321,	0,	
3,	0.269321,	0.282146,	0,	
3,	0.282146,	0.294971,	0,	
3,	0.294971,	0.307796,	0,	
3,	0.307796,	0.32062,	0,	
3,	0.32062,	0.333445,	0,	
3,	0.333445,	0.34627,	0,	
3,	0.34627,	0.359095,	0,	
3,	0.359095,	0.37192,	0,	
3,	0.37192,	0.384745,	0,	
3,	0.384745,	0.397569,	0,	
3,	0.397569,	0.410394,	0,	
3,	0.410394,	0.423219,	0,	
3,	0.423219,	0.436044,	0,	
3,	0.436044,	0.448869,	0,	
3,	0.448869,	0.461694,	0,	
3,	0.461694,	0.474518,	0,	
3,	0.474518,	0.487343,	0,	
3,	0.487343,	0.500168,	0,	
3,	0.500168,	0.512993,	0,	
3,	0.512993,	0.525818,	0,	
3,	0.525818,	0.538642,	0,	
3,	0.538642,	0.551467,	0,	
3,	0.551467,	0.564292,	0,	
3,	0.564292,	0.577117,	0,	
3,	0.577117,	0.589942,	0,	
3,	0.589942,	0.602767,	0,	
3,	0.602767,	0.615591,	0,	
3,	0.615591,	0.628416,	0,	
3,	0.628416,	0.641241,	0,	
3,	0.641241,	0.654066,	0,	
3,	0.654066,	0.666891,	0,	
3,	0.666891,	0.679715,	0,	
3,	0.679715,	0.69254,	0,	
3,	0.69254,	0.705365,	0,	
3,	0.705365,	0.71819,	0,	
3,	0.71819,	0.731015,	0,	
3,	0.731015,	0.74384,	0,	
3,	0.74384,	0.756664,	0,	
3,	0.756664,	0.769489,	0,	
3,	0.769489,	0.782314,	0,	
3,	0.782314,	0.795139,	0,	
3,	0.795139,	0.807964,	0,	
3,	0.807964,	0.820788,	0,	
3,	0.820788,	0.833613,	0,	
3,	0.833613,	0.846438,	0,	
3,	0.846438,	0.859263,	0,	
3,	0.859263,	0.872088,	0.000287494,	
3,	0.872088,	0.884913,	0.000372215,	
3,	0.884913,	0.897737,	0.00235028,	
3,	0.897737,	0.910562,	0.0127381,	
3,	0.910562,	0.923387,	0.034249,	
3,	0.923387,	0.936212,	0.108904,	
3,	0.936212,	0.949037,	0.226631,	
3,	0.949037,	0.961861,	0.443536,	
3,	0.961861,	0.974686,	0.705093,	
3,	0.974686,	0.987511,	1.04214,	
3,	0.987511,	1.00034,	1.42834,	
3,	1.00034,	1.01316,	1.73888,	
3,	1.01316,	1.02599,	2.0731,	
3,	1.02599,	1.03881,	2.27573,	
3,	1.03881,	1.05164,	2.44031,	
3,	1.05164,	1.06446,	2.54567,	
3,	1.06446,	1.07728,	2.57687,	
3,	1.07728,	1.09011,	2.54346,	
3,	1.09011,	1.10293,	2.51316,	
3,	1.10293,	1.11576,	2.46624,	
3,	1.11576,	1.12858,	2.31815,	
3,	1.12858,	1.14141,	2.23991,	
3,	1.14141,	1.15423,	2.14517,	
3,	1.15423,	1.16706,	2.0156,	
3,	1.16706,	1.17988,	1.90733,	
3,	1.17988,	1.19271,	1.78236,	
3,	1.19271,	1.20553,	1.69455,	
3,	1.20553,	1.21836,	1.58299,	
3,	1.21836,	1.23118,	1.48327,	
3,	1.23118,	1.24401,	1.40294,	
3,	1.24401,	1.25683,	1.3208,	
3,	1.25683,	1.26966,	1.27886,	
3,	1.26966,	1.28248,	1.20023,	
3,	1.28248,	1.29531,	1.13501,	
3,	1.29531,	1.30813,	1.09555,	
3,	1.30813,	1.32096,	1.03583,	
3,	1.32096,	1.33378,	0.980573,	
3,	1.33378,	1.34661,	0.946422,	
3,	1.34661,	1.35943,	0.91868,	
3,	1.35943,	1.37226,	0.88049,	
3,	1.37226,	1.38508,	0.836036,	
3,	1.38508,	1.39791,	0.823886,	
3,	1.39791,	1.41073,	0.808069,	
3,	1.41073,	1.42355,	0.774951,	
3,	1.42355,	1.43638,	0.750506,	
3,	1.43638,	1.4492,	0.751678,	
3,	1.4492,	1.46203,	0.712054,	
3,	1.46203,	1.47485,	0.728579,	
3,	1.47485,	1.48768,	0.699718,	
3,	1.48768,	1.5005,	0.708347,	
3,	1.5005,	1.51333,	0.691186,	
3,	1.51333,	1.52615,	0.673569,	
3,	1.52615,	1.53898,	0.689005,	
3,	1.53898,	1.5518,	0.685977,	
3,	1.5518,	1.56463,	0.676595,	
3,	1.56463,	1.57745,	0.693381,	
3,	1.57745,	1.59028,	0.677331,	
3,	1.59028,	1.6031,	0.68548,	
3,	1.6031,	1.61593,	0.675515,	
3,	1.61593,	1.62875,	0.699448,	
3,	1.62875,	1.64158,	0.704689,	
3,	1.64158,	1.6544,	0.711296,	
3,	1.6544,	1.66723,	0.719516,	
3,	1.66723,	1.68005,	0.733375,	
3,	1.68005,	1.69288,	0.746731,	
3,	1.69288,	1.7057,	0.75627,	
3,	1.7057,	1.71853,	0.772961,	
3,	1.71853,	1.73135,	0.784464,	
3,	1.73135,	1.74418,	0.804581,	
3,	1.74418,	1.757,	0.81627,	
3,	1.757,	1.76983,	0.838898,	
3,	1.76983,	1.78265,	0.862109,	
3,	1.78265,	1.79547,	0.870885,	
3,	1.79547,	1.8083,	0.903279,	
3,	1.8083,	1.82112,	0.910598,	
3,	1.82112,	1.83395,	0.907625,	
3,	1.83395,	1.84677,	0.947457,	
3,	1.84677,	1.8596,	0.969353,	
3,	1.8596,	1.87242,	0.991776,	
3,	1.87242,	1.88525,	1.01323,	
3,	1.88525,	1.89807,	1.02535,	
3,	1.89807,	1.9109,	1.04891,	
3,	1.9109,	1.92372,	1.06509,	
3,	1.92372,	1.93655,	1.09075,	
3,	1.93655,	1.94937,	1.09482,	
3,	1.94937,	1.9622,	1.11774,	
3,	1.9622,	1.97502,	1.12905,	
3,	1.97502,	1.98785,	1.15782,	
3,	1.98785,	2.00067,	1.15722,	
3,	2.00067,	2.0135,	1.18482,	
3,	2.0135,	2.02632,	1.18396,	
3,	2.02632,	2.03915,	1.19489,	
3,	2.03915,	2.05197,	1.20004,	
3,	2.05197,	2.0648,	1.19262,	
3,	2.0648,	2.07762,	1.19874,	
3,	2.07762,	2.09045,	1.21715,	
3,	2.09045,	2.10327,	1.19679,	
3,	2.10327,	2.1161,	1.18856,	
3,	2.1161,	2.12892,	1.1963,	
3,	2.12892,	2.14174,	1.19048,	
3,	2.14174,	2.15457,	1.18549,	
3,	2.15457,	2.16739,	1.18175,	
3,	2.16739,	2.18022,	1.15812,	
3,	2.18022,	2.19304,	1.15338,	
3,	2.19304,	2.20587,	1.13539,	
3,	2.20587,	2.21869,	1.11577,	
3,	2.21869,	2.23152,	1.11002,	
3,	2.23152,	2.24434,	1.09402,	
3,	2.24434,	2.25717,	1.08328,	
3,	2.25717,	2.26999,	1.07072,	
3,	2.26999,	2.28282,	1.05245,	
3,	2.28282,	2.29564,	1.03448,	
3,	2.29564,	2.30847,	1.02394,	
3,	2.30847,	2.32129,	1.00733,	
3,	2.32129,	2.33412,	0.99773,	
3,	2.33412,	2.34694,	0.980049,	
3,	2.34694,	2.35977,	0.976632,	
3,	2.35977,	2.37259,	0.969281,	
3,	2.37259,	2.38542,	0.949291,	
3,	2.38542,	2.39824,	0.952834,	
3,	2.39824,	2.41107,	0.952571,	
3,	2.41107,	2.42389,	0.933324,	
3,	2.42389,	2.43672,	0.931014,	
3,	2.43672,	2.44954,	0.921939,	
3,	2.44954,	2.46237,	0.927111,	
3,	2.46237,	2.47519,	0.913027,	
3,	2.47519,	2.48802,	0.911206,	
3,	2.48802,	2.50084,	0.909582,	
3,	2.50084,	2.51366,	0.888236,	
3,	2.51366,	2.52649,	0.903328,	
3,	2.52649,	2.53931,	0.890039,	
3,	2.53931,	2.55214,	0.892475,	
3,	2.55214,	2.56496,	0.90197,	
===== BLOCK NUMBER 4 =====
4,	0,	0.0128248,	0,	
4,	0.0128248,	0.0256496,	0,	
4,	0.0256496,	0.0384745,	0,	
4,	0.0384745,	0.0512993,	0,	
4,	0.0512993,	0.0641241,	0,	
4,	0.0641241,	0.0769489,	0,	
4,	0.0769489,	0.0897737,	0,	
4,	0.0897737,	0.102599,	0,	
4,	0.102599,	0.115423,	0,	
4,	0.115423,	0.128248,	0,	
4,	0.128248,	0.141073,	0,	
4,	0.141073,	0.153898,	0,	
4,	0.153898,	0.166723,	0,	
4,	0.166723,	0.179547,	0,	
4,	0.179547,	0.192372,	0,	
4,	0.192372,	0.205197,	0,	
4,	0.205197,	0.218022,	0,	
4,	0.218022,	0.230847,	0,	
4,	0.230847,	0.243672,	0,	
4,	0.243672,	0.256496,	0,	
4,	0.256496,	0.269321,	0,	
4,	0.269321,	0.282146,	0,	
4,	0.282146,	0.294971,	0,	
4,	0.294971,	0.307796,	0,	
4,	0.307796,	0.32062,	0,	
4,	0.32062,	0.333445,	0,	
4,	0.333445,	0.34627,	0,	
4,	0.34627,	0.359095,	0,	
4,	0.359095,	0.37192,	0,	
4,	0.37192,	0.384745,	0,	
4,	0.384745,	0.397569,	0,	
4,	0.397569,	0.410394,	0,	
4,	0.410394,	0.423219,	0,	
4,	0.423219,	0.436044,	0,	
4,	0.436044,	0.448869,	0,	
4,	0.448869,	0.461694,	0,	
4,	0.461694,	0.474518,	0,	
4,	0.474518,	0.487343,	0,	
4,	0.487343,	0.500168,	0,	
4,	0.500168,	0.512993,	0,	
4,	0.512993,	0.525818,	0,	
4,	0.525818,	0.538642,	0,	
4,	0.538642,	0.551467,	0,	
4,	0.551467,	0.564292,	0,	
4,	0.564292,	0.577117,	0,	
4,	0.577117,	0.589942,	0,	
4,	0.589942,	0.602767,	0,	
4,	0.602767,	0.615591,	0,	
4,	0.615591,	0.628416,	0,	
4,	0.628416,	0.641241,	0,	
4,	0.641241,	0.654066,	0,	
4,	0.654066,	0.666891,	0,	
4,	0.666891,	0.679715,	0,	
4,	0.679715,	0.69254,	0,	
4,	0.69254,	0.705365,	0,	
4,	0.705365,	0.71819,	0,	
4,	0.71819,	0.731015,	0,	
4,	0.731015,	0.74384,	0,	
4,	0.74384,	0.756664,	0,	
4,	0.756664,	0.769489,	0,	
4,	0.769489,	0.782314,	0,	
4,	0.782314,	0.795139,	0,	
4,	0.795139,	0.807964,	0,	
4,	0.807964,	0.820788,	0,	
4,	0.820788,	0.833613,	0,	
4,	0.833613,	0.846438,	0,	
4,	0.846438,	0.859263,	0,	
4,	0.859263,	0.872088,	0,	
4,	0.872088,	0.884913,	9.30537e-05,	
4,	0.884913,	0.897737,	0.00271186,	
4,	0.897737,	0.910562,	0.0103662,	
4,	0.910562,	0.923387,	0.0381778,	
4,	0.923387,	0.936212,	0.0934528,	
4,	0.936212,	0.949037,	0.223156,	
4,	0.949037,	0.961861,	0.400032,	
4,	0.961861,	0.974686,	0.690692,	
4,	0.974686,	0.987511,	1.03468,	
4,	0.987511,	1.00034,	1.37316,	
4,	1.00034,	1.01316,	1.70381,	
4,	1.01316,	1.02599,	2.01486,	
4,	1.02599,	1.03881,	2.2324,	
4,	1.03881,	1.05164,	2.42414,	
4,	1.05164,	1.06446,	2.53605,	
4,	1.06446,	1.07728,	2.57343,	
4,	1.07728,	1.09011,	2.53288,	
4,	1.09011,	1.10293,	2.53305,	
4,	1.10293,	1.11576,	2.45352,	
4,	1.11576,	1.12858,	2.36805,	
4,	1.12858,	1.14141,	2.29047,	
4,	1.14141,	1.15423,	2.13988,	
4,	1.15423,	1.16706,	2.03048,	
4,	1.16706,	1.17988,	1.92198,	
4,	1.17988,	1.19271,	1.81956,	
4,	1.19271,	1.20553,	1.69155,	
4,	1.20553,	1.21836,	1.60939,	
4,	1.21836,	1.23118,	1.53053,	
4,	1.23118,	1.24401,	1.41748,	
4,	1.24401,	1.25683,	1.35617,	
4,	1.25683,	1.26966,	1.26644,	
4,	1.26966,	1.28248,	1.21845,	
4,	1.28248,	1.29531,	1.14984,	
4,	1.29531,	1.30813,	1.10818,	
4,	1.30813,	1.32096,	1.04231,	
4,	1.32096,	1.33378,	1.00462,	
4,	1.33378,	1.34661,	0.973012,	
4,	1.34661,	1.35943,	0.928801,	
4,	1.35943,	1.37226,	0.894195,	
4,	1.37226,	1.38508,	0.866868,	
4,	1.38508,	1.39791,	0.842283,	
4,	1.39791,	1.41073,	0.800531,	
4,	1.41073,	1.42355,	0.779635,	
4,	1.42355,	1.43638,	0.76912,	
4,	1.43638,	1.4492,	0.744813,	
4,	1.4492,	1.46203,	0.728459,	
4,	1.46203,	1.47485,	0.713492,	
4,	1.47485,	1.48768,	0.710224,	
4,	1.48768,	1.5005,	0.695028,	
4,	1.5005,	1.51333,	0.685177,	
4,	1.51333,	1.52615,	0.684452,	
4,	1.52615,	1.53898,	0.669467,	
4,	1.53898,	1.5518,	0.665258,	
4,	1.5518,	1.56463,	0.666538,	
4,	1.56463,	1.57745,	0.666379,	
4,	1.57745,	1.59028,	0.652654,	
4,	1.59028,	1.6031,	0.668184,	
4,	1.6031,	1.61593,	0.673325,	
4,	1.61593,	1.62875,	0.672272,	
4,	1.62875,	1.64158,	0.684974,	
4,	1.64158,	1.6544,	0.679828,	
4,	1.6544,	1.66723,	0.700171,	
4,	1.66723,	1.68005,	0.713326,	
4,	1.68005,	1.69288,	0.728425,	
4,	1.69288,	1.7057,	0.739084,	
4,	1.7057,	1.71853,	0.744541,	
4,	1.71853,	1.73135,	0.765854,	
4,	1.73135,	1.74418,	0.790336,	
4,	1.74418,	1.757,	0.791382,	
4,	1.757,	1.76983,	0.818643,	
4,	1.76983,	1.78265,	0.837708,	
4,	1.78265,	1.79547,	0.859464,	
4,	1.79547,	1.8083,	0.890008,	
4,	1.8083,	1.82112,	0.896053,	
4,	1.82112,	1.83395,	0.947125,	
4,	1.83395,	1.84677,	0.956702,	
4,	1.84677,	1.8596,	0.96837,	
4,	1.8596,	1.87242,	0.991858,	
4,	1.87242,	1.88525,	1.02682,	
4,	1.88525,	1.89807,	1.03737,	
4,	1.89807,	1.9109,	1.05846,	
4,	1.9109,	1.92372,	1.07822,	
4,	1.92372,	1.93655,	1.08148,	
4,	1.93655,	1.94937,	1.11222,	
4,	1.94937,	1.9622,	1.13593,	
4,	1.9622,	1.97502,	1.16174,	
4,	1.97502,	1.98785,	1.15877,	
4,	1.98785,	2.00067,	1.1844,	
4,	2.00067,	2.0135,	1.18405,	
4,	2.0135,	2.02632,	1.19153,	
4,	2.02632,	2.03915,	1.20989,	
4,	2.03915,	2.05197,	1.21137,	
4,	2.05197,	2.0648,	1.20889,	
4,	2.0648,	2.07762,	1.22188,	
4,	2.07762,	2.09045,	1.22509,	
4,	2.09045,	2.10327,	1.219,	
4,	2.10327,	2.1161,	1.21896,	
4,	2.1161,	2.12892,	1.20337,	
4,	2.12892,	2.14174,	1.18888,	
4,	2.14174,	2.15457,	1.1924,	
4,	2.15457,	2.16739,	1.17365,	
4,	2.16739,	2.18022,	1.16935,	
4,	2.18022,	2.19304,	1.15486,	
4,	2.19304,	2.20587,	1.13738,	
4,	2.20587,	2.21869,	1.13622,	
4,	2.21869,	2.23152,	1.10576,	
4,	2.23152,	2.24434,	1.10775,	
4,	2.24434,	2.25717,	1.09272,	
4,	2.25717,	2.26999,	1.06479,	
4,	2.26999,	2.28282,	1.05565,	
4,	2.28282,	2.29564,	1.04543,	
4,	2.29564,	2.30847,	1.03597,	
4,	2.30847,	2.32129,	1.01218,	
4,	2.32129,	2.33412,	1.00074,	
4,	2.33412,	2.34694,	0.988963,	
4,	2.34694,	2.35977,	0.973805,	
4,	2.35977,	2.37259,	0.959917,	
4,	2.37259,	2.38542,	0.964213,	
4,	2.38542,	2.39824,	0.93325,	
4,	2.39824,	2.41107,	0.937344,	
4,	2.41107,	2.42389,	0.931468,	
4,	2.42389,	2.43672,	0.927901,	
4,	2.43672,	2.44954,	0.918041,	
4,	2.44954,	2.46237,	0.906323,	
4,	2.46237,	2.47519,	0.909067,	
4,	2.47519,	2.48802,	0.896617,	
4,	2.48802,	2.50084,	0.896805,	
4,	2.50084,	2.51366,	0.882067,	
4,	2.51366,	2.52649,	0.874481,	
4,	2.52649,	2.53931,	0.882875,	
4,	2.53931,	2.55214,	0.878656,	
4,	2.55214,	2.56496,	0.882278,	
