1,	0.0487631,	0
2,	0.0488518,	8.86499e-05
3,	0.0488697,	5.42472e-05
4,	0.0488877,	4.23533e-05
5,	0.0489045,	3.68578e-05
6,	0.0489332,	4.16076e-05
7,	0.0489434,	3.66013e-05
8,	0.0489539,	3.33868e-05
9,	0.0489633,	3.09308e-05
10,	0.0489675,	2.79768e-05
11,	0.0489846,	3.05146e-05
12,	0.0490091,	3.70959e-05
13,	0.049013,	3.43472e-05
14,	0.0490122,	3.18093e-05
15,	0.0489881,	3.81445e-05
16,	0.0489925,	3.59518e-05
17,	0.0489896,	3.38956e-05
18,	0.0489991,	3.33415e-05
19,	0.04899,	3.2838e-05
20,	0.0489887,	3.11784e-05
21,	0.048974,	3.31344e-05
22,	0.0489638,	3.31974e-05
23,	0.0489556,	3.2763e-05
24,	0.0489549,	3.13749e-05
25,	0.0489518,	3.02583e-05
26,	0.0489644,	3.1712e-05
27,	0.0489631,	3.05422e-05
28,	0.0489634,	2.94321e-05
29,	0.04897,	2.91555e-05
30,	0.0489789,	2.95391e-05
31,	0.0489816,	2.87038e-05
32,	0.0489831,	2.78309e-05
33,	0.0489866,	2.72056e-05
34,	0.048994,	2.74037e-05
35,	0.0489959,	2.66774e-05
36,	0.0489899,	2.66149e-05
37,	0.0490027,	2.88883e-05
38,	0.0490063,	2.83427e-05
39,	0.049013,	2.84161e-05
40,	0.0490096,	2.79002e-05
41,	0.0490084,	2.72408e-05
42,	0.0490168,	2.78999e-05
43,	0.0490334,	3.19044e-05
44,	0.0490345,	3.11885e-05
45,	0.0490333,	3.05102e-05
46,	0.0490382,	3.02441e-05
47,	0.0490479,	3.11205e-05
48,	0.0490449,	3.06102e-05
49,	0.0490432,	3.0025e-05
50,	0.0490351,	3.05184e-05
