-0.0140319 -0.280332 -0.431574
0.465271 -0.287821 -0.319865
0.460512 -0.370279 -0.321239
0.225545 -0.0974707 0.351957
0.33172 0.183523 0.0812486
-0.097161 -0.39389 -0.0931921
-0.245026 0.487096 -0.233978
-0.390634 0.251355 -0.0804357
0.242238 0.360711 0.140472
0.419037 -0.355177 -0.14221
0.451158 -0.323101 -0.433585
-0.0349941 -0.427334 -0.378244
0.381507 -0.221849 -0.288693
-0.34732 0.0726301 -0.46666
-0.0307759 -0.183791 -0.156746
-0.237457 -0.0984097 -0.136084
-0.254042 0.389812 -0.279164
-0.0260352 -0.454208 0.193553
0.451408 0.421253 0.474972
0.228187 0.261214 0.105501
-0.472153 0.148881 -0.168245
0.0201807 -0.336573 -0.395062
0.0549374 0.178348 0.00553391
-0.184636 -0.288713 -0.335637
0.445886 -0.478089 0.435236
-0.42639 0.377292 0.202221
-0.111996 -0.229922 -0.429276
0.00542551 -0.206381 0.092857
-0.396907 0.400366 -0.243609
0.349708 -0.0595277 0.420269
-0.424725 0.301457 -0.149984
0.0220607 -0.316512 0.106925
-0.175818 0.450529 -0.332519
-0.159817 0.348788 -0.367769
-0.155245 0.0305532 0.213936
0.148874 0.0649426 0.110812
0.35446 0.132361 0.486051
0.242444 -0.338164 0.352685
-0.299022 0.00600248 0.438148
-0.450632 -0.0595313 -0.280158
0.0956015 0.382204 -0.222249
0.08062 -0.0621467 0.142461
0.231765 -0.270793 0.185581
-0.34676 -0.0370352 -0.146898
0.0205969 -0.0497314 0.216935
-0.403039 0.48568 -0.255836
0.111133 -0.0423356 0.221772
0.229651 0.225077 0.432221
-0.159129 0.33418 0.220473
-0.256065 0.16098 -0.0338036
0.302539 -0.361523 0.438909
0.40677 0.461509 0.241067
0.489893 -0.427593 0.0852054
-0.301264 0.000880207 0.26898
-0.428478 -0.291818 0.0697547
0.32963 -0.040687 -0.112007
0.368794 0.0242188 0.0730216
0.363821 -0.214317 -0.398852
-0.251386 -0.382448 0.0826084
0.253115 -0.341555 0.237755
0.384308 0.418712 -0.404227
-0.0811213 0.0826025 -0.258673
-0.02943 0.138148 0.0618441
0.104465 -0.0600302 -0.0555767
-0.120527 0.0982936 0.00631826
0.000560927 0.2075 -0.314209
-0.0108239 -0.139208 0.229059
-0.197159 -0.320879 0.334424
-0.474648 -0.363046 -0.0817449
-0.470728 -0.102199 -0.191951
0.231125 -0.338314 -0.21568
-0.499755 0.399902 0.319259
-0.389056 0.332514 0.258619
0.170427 -0.00893926 0.310506
0.433126 -0.384372 0.483006
-0.403791 0.391693 0.369891
-0.302094 -0.0723735 0.382056
0.415849 -0.0782099 0.0350678
-0.30212 0.218747 0.00629831
-0.288057 -0.365975 0.366782
-0.175745 0.149944 0.214348
-0.452852 -0.141964 -0.289756
0.0196808 0.0543799 -0.355787
0.356023 0.15583 -0.0924964
-0.341214 -0.144604 -0.139538
0.319912 0.0282661 -0.378476
0.17896 -0.347252 -0.409208
-0.0713935 -0.315963 0.111337
-0.190521 -0.210279 -0.38628
0.0618137 -0.0763227 0.433166
-0.0420312 0.0709825 -0.445693
-0.375143 0.0497662 0.106028
-0.43759 0.261875 0.0590774
0.24565 -0.301009 -0.103873
0.284354 0.319861 -0.0655621
-0.238222 -0.340506 0.499171
-0.225555 -0.176651 0.367007
-0.351479 0.336757 0.169041
0.381435 0.284653 0.188106
-0.361702 -0.167711 -0.36379
0.0571138 0.111271 -0.427271
0.318099 0.286587 0.0212644
-0.384226 0.493888 0.290514
-0.376493 0.364632 0.0133012
0.207026 0.0561482 0.0251701
0.442292 0.441427 0.155922
0.295623 -0.147171 -0.2262
0.264413 0.223098 -0.0761101
