1.2
1.20001
1.20002
1.20003
1.20005
1.20007
1.20009
1.20012
1.20015
1.20019
1.20023
1.20028
1.20033
1.20038
1.20044
1.20051
1.20057
1.20065
1.20073
1.20081
1.2009
1.20099
1.20109
1.20119
1.2013
1.20142
1.20154
1.20167
1.2018
1.20194
1.20209
1.20224
1.2024
1.20257
1.20274
1.20292
1.20311
1.20331
1.20351
1.20373
1.20395
1.20418
1.20442
1.20467
1.20493
1.20521
1.20549
1.20578
1.20609
1.20641
1.20674
1.20709
1.20745
1.20782
1.20821
1.20862
1.20905
1.20949
1.20995
1.21044
1.21094
1.21147
1.21202
1.2126
1.21321
1.21384
1.2145
1.2152
1.21592
1.21669
1.21749
1.21833
1.21922
1.22014
1.22112
1.22215
1.22322
1.22435
1.22554
1.22678
1.22808
1.22943
1.23082
1.23227
1.23374
1.23522
1.23669
1.2381
1.23942
1.24056
1.24145
1.24198
1.24207
1.24161
1.2406
1.23916
1.23757
1.23635
1.2361
1.23739
1.20276
1.20743
1.21313
1.21919
1.22503
1.23025
1.23463
1.23805
1.24044
1.24177
1.24197
1.24102
1.23896
1.23597
1.23243
1.22888
1.22594
1.22411
1.22366
1.22468
1.22714
1.23101
1.23622
1.24256
1.24957
1.25666
1.26323
1.26882
1.27322
1.27642
1.27864
1.28015
1.28122
1.28204
1.28261
1.28285
1.28263
1.28187
1.28065
1.27919
1.2778
1.27678
1.2763
1.27636
1.27685
1.27759
1.27842
1.27932
1.28038
1.28179
1.28375
1.28645
1.29
1.29441
1.29959
1.30538
1.31157
1.31791
1.32414
1.33003
1.33538
1.34001
1.34383
1.34676
1.34878
1.34991
1.35018
1.34964
1.34836
1.34636
1.34367
1.34023
1.33596
1.33076
1.32461
1.31761
1.31
1.30209
1.29424
1.28698
1.28146
1.27947
1.28251
1.29055
1.30171
1.31346
1.3239
1.33226
1.33855
1.34319
1.34663
1.34924
1.3513
1.35295
1.35432
1.35548
1.35649
1.35745
1.35839
1.35936
1.20079
1.20172
1.20254
1.2031
1.20326
1.20289
1.2019
1.2003
1.19822
1.19588
1.19358
1.19165
1.19036
1.18984
1.1901
1.19105
1.1925
1.19427
1.19612
1.19788
1.19938
1.20055
1.20134
1.20179
1.202
1.20207
1.20209
1.20211
1.20213
1.2021
1.20193
1.20148
1.20064
1.19929
1.19738
1.19492
1.19203
1.18891
1.18583
1.18305
1.18076
1.179
1.17773
1.17687
1.17639
1.17634
1.17674
1.1776
1.17876
1.18001
1.1811
1.1818
1.182
1.18168
1.18092
1.17979
1.17839
1.17677
1.17496
1.17303
1.17113
1.16962
1.16906
1.17008
1.17313
1.1782
1.18472
1.19182
1.19866
1.20468
1.20959
1.21337
1.21613
1.21803
1.21922
1.21984
1.21998
1.2197
1.21901
1.21791
1.21638
1.21436
1.21184
1.20876
1.20513
1.20096
1.19632
1.19133
1.18615
1.18093
1.17585
1.17107
1.1668
1.16328
1.16082
1.15976
1.16029
1.16239
1.16575
1.1699
1.20385
1.20825
1.21225
1.21568
1.21834
1.22008
1.22068
1.21998
1.21791
1.21459
1.21051
1.2065
1.20366
1.20292
1.20463
1.20836
1.2132
1.21821
1.22268
1.2263
1.22901
1.2309
1.23211
1.23279
1.23305
1.23296
1.23257
1.2319
1.23093
1.22965
1.22799
1.2259
1.2233
1.22014
1.21636
1.21194
1.20696
1.20158
1.19607
1.19087
1.18645
1.18333
1.1819
1.18234
1.18459
1.1884
1.19332
1.19886
1.20455
1.20998
1.21487
1.21904
1.22242
1.22502
1.22688
1.22807
1.22867
1.22876
1.22838
1.22759
1.22645
1.22501
1.22331
1.22142
1.21942
1.21736
1.21529
1.21322
1.2111
1.20885
1.20641
1.2038
1.20121
1.19905
1.19785
1.19805
1.19973
1.20256
1.20586
1.2089
1.21114
1.21237
1.21271
1.21253
1.21232
1.21253
1.21341
1.21494
1.21688
1.21892
1.22074
1.22219
1.2232
1.22383
1.22417
1.22432
1.22435
1.22431
1.22424
1.22418
1.20004
1.20027
1.20081
1.20175
1.20309
1.20477
1.20662
1.20842
1.20995
1.21098
1.21135
1.21097
1.20983
1.20801
1.20568
1.20311
1.20061
1.19847
1.19693
1.1961
1.19596
1.1964
1.19726
1.19842
1.19982
1.20145
1.20336
1.20562
1.20825
1.21125
1.21456
1.21806
1.22163
1.22516
1.22855
1.23173
1.23465
1.23729
1.23964
1.24171
1.24349
1.245
1.24622
1.24715
1.24781
1.24817
1.24824
1.24802
1.24751
1.24671
1.24563
1.24429
1.24272
1.24092
1.23893
1.23676
1.23447
1.23209
1.2297
1.22739
1.22526
1.22342
1.22192
1.22079
1.21999
1.21943
1.21899
1.21853
1.21791
1.217
1.21568
1.21388
1.21157
1.20882
1.20577
1.20273
1.20005
1.19817
1.19744
1.19813
1.2003
1.20382
1.2084
1.21365
1.21917
1.22461
1.22969
1.23421
1.23805
1.24114
1.24348
1.24507
1.24594
1.24615
1.24575
1.24478
1.24333
1.24146
1.23925
1.23681
1.19784
1.19531
1.19289
1.19067
1.18873
1.18714
1.18591
1.18507
1.18462
1.18453
1.18478
1.1853
1.18606
1.18696
1.18794
1.18889
1.18973
1.19032
1.19054
1.19025
1.18933
1.1877
1.1854
1.18265
1.17983
1.17748
1.17607
1.17586
1.17679
1.17851
1.18062
1.18283
1.18502
1.18726
1.18969
1.19243
1.19552
1.19886
1.20225
1.20535
1.20779
1.20922
1.2093
1.20777
1.20452
1.19964
1.19356
1.18709
1.18138
1.17765
1.17675
1.17883
1.18318
1.18859
1.19387
1.19815
1.20106
1.2026
1.20303
1.20268
1.20184
1.20077
1.19961
1.19849
1.19749
1.19672
1.19626
1.19623
1.1967
1.19768
1.19914
1.20098
1.20303
1.20509
1.20697
1.20852
1.20965
1.21038
1.21076
1.21092
1.21102
1.2112
1.21158
1.21221
1.21312
1.21426
1.21559
1.21703
1.21851
1.21999
1.22142
1.22276
1.22399
1.22507
1.226
1.22674
1.2273
1.22764
1.22775
1.2276
1.19957
1.19873
1.1975
1.19584
1.19376
1.19136
1.18887
1.18667
1.18523
1.18501
1.18628
1.18897
1.19268
1.19681
1.20077
1.20412
1.20666
1.20837
1.20939
1.20993
1.2102
1.21036
1.21052
1.21071
1.21097
1.21131
1.21173
1.21225
1.21287
1.2136
1.21439
1.21522
1.21605
1.21684
1.21752
1.218
1.21813
1.21773
1.21663
1.21468
1.21191
1.20851
1.20493
1.20178
1.19968
1.19904
1.19994
1.20214
1.20525
1.20884
1.2126
1.21634
1.21997
1.22345
1.22678
1.22994
1.23292
1.23566
1.23811
1.24023
1.24197
1.2433
1.24424
1.24478
1.24496
1.24481
1.24437
1.24372
1.24289
1.24193
1.24087
1.23974
1.23855
1.23732
1.23613
1.23503
1.23411
1.2334
1.23288
1.23248
1.23204
1.2314
1.23041
1.22901
1.22718
1.225
1.22258
1.22009
1.2177
1.21561
1.214
1.21297
1.21254
1.21256
1.21282
1.21307
1.21313
1.21294
1.21256
1.21214
1.19973
1.19959
1.19968
1.19998
1.20045
1.20109
1.20189
1.20283
1.20382
1.20472
1.2053
1.20532
1.20458
1.20299
1.20056
1.19745
1.19397
1.19053
1.1876
1.18556
1.18461
1.18469
1.18551
1.18669
1.18785
1.18871
1.18911
1.18901
1.18846
1.18752
1.18633
1.18501
1.18369
1.18248
1.18148
1.18075
1.18031
1.18014
1.18019
1.18039
1.18067
1.18095
1.18117
1.18127
1.18123
1.18101
1.18062
1.18005
1.1793
1.17839
1.17733
1.17615
1.1749
1.17362
1.17236
1.17119
1.17019
1.16941
1.16891
1.16871
1.16881
1.16921
1.16985
1.17068
1.17161
1.17256
1.17345
1.17418
1.17466
1.17478
1.17447
1.17364
1.17225
1.17033
1.16802
1.16562
1.1635
1.16212
1.16182
1.16269
1.16455
1.167
1.16956
1.17181
1.17345
1.17429
1.17429
1.17342
1.17171
1.16925
1.16613
1.16254
1.15875
1.15512
1.1521
1.15009
1.14931
1.1498
1.15134
1.15357
1.20218
1.20458
1.20658
1.20805
1.20902
1.2097
1.21039
1.21143
1.21308
1.21541
1.21825
1.22133
1.22432
1.22698
1.22914
1.23076
1.23184
1.23246
1.2327
1.23262
1.23231
1.23183
1.23121
1.23049
1.2297
1.22885
1.22792
1.22693
1.22586
1.22471
1.22349
1.22221
1.22096
1.2198
1.21885
1.21822
1.218
1.21824
1.21892
1.21998
1.22131
1.22282
1.2244
1.22598
1.22751
1.22894
1.23022
1.23125
1.23195
1.23219
1.23186
1.23085
1.22912
1.22674
1.22389
1.2209
1.21819
1.21616
1.21507
1.21498
1.2157
1.21691
1.21827
1.21948
1.22034
1.22078
1.22081
1.22058
1.22029
1.22016
1.22046
1.22135
1.22291
1.2251
1.22775
1.23069
1.23377
1.2369
1.24004
1.24317
1.24627
1.24926
1.25208
1.25463
1.25683
1.25866
1.26009
1.26113
1.26181
1.26213
1.26213
1.26179
1.26111
1.26002
1.25846
1.25631
1.25343
1.24966
1.24488
1.23908
1.19434
1.18751
1.1813
1.17668
1.17442
1.17483
1.17764
1.18227
1.18805
1.1944
1.20089
1.20719
1.21302
1.2182
1.22257
1.22606
1.22861
1.23025
1.23101
1.23097
1.2302
1.22885
1.22705
1.22497
1.22276
1.22058
1.21851
1.21659
1.21478
1.21302
1.21122
1.20933
1.20734
1.20531
1.20336
1.20166
1.2004
1.19976
1.19981
1.20058
1.20195
1.20374
1.20572
1.20766
1.20936
1.21069
1.21155
1.21188
1.21168
1.21098
1.20983
1.20833
1.2066
1.20476
1.20293
1.20122
1.19967
1.19828
1.19701
1.19578
1.19455
1.19327
1.19196
1.19064
1.1894
1.18829
1.18736
1.18662
1.18606
1.18561
1.1852
1.18479
1.1843
1.18372
1.18304
1.18228
1.18147
1.18067
1.1799
1.17918
1.17848
1.17776
1.17691
1.17583
1.17443
1.17269
1.17065
1.16849
1.16645
1.16482
1.16381
1.16351
1.16384
1.16468
1.16589
1.16738
1.16916
1.17124
1.17357
1.17609
