-0.0318391
-0.0318469
-0.0318605
-0.0318802
-0.0319058
-0.0319375
-0.0319752
-0.0320189
-0.0320688
-0.0321248
-0.0321871
-0.032258
-0.0323354
-0.0324337
-0.0325317
-0.0326438
-0.0327678
-0.0328872
-0.0330352
-0.0331814
-0.0333377
-0.0334994
-0.0336714
-0.0338564
-0.034045
-0.0342492
-0.034448
-0.034658
-0.034889
-0.0351176
-0.0353582
-0.0356039
-0.0358717
-0.03615
-0.0364297
-0.0367134
-0.0370062
-0.0373298
-0.0376635
-0.037998
-0.0383245
-0.038679
-0.0390501
-0.0394431
-0.0398418
-0.0402542
-0.0406831
-0.041139
-0.0416105
-0.0420963
-0.042597
-0.0431303
-0.043671
-0.0442369
-0.0448242
-0.0454387
-0.0460795
-0.0467502
-0.0474452
-0.0481732
-0.0489358
-0.0497231
-0.0505606
-0.0514386
-0.0523473
-0.0532985
-0.0542995
-0.0553412
-0.0564287
-0.0575793
-0.0587914
-0.0600612
-0.061385
-0.0627878
-0.0642612
-0.0658112
-0.0674195
-0.06912
-0.0708981
-0.0727597
-0.0747019
-0.0767314
-0.0788277
-0.0809938
-0.0832117
-0.085445
-0.0876517
-0.0897784
-0.0917533
-0.0934687
-0.0948072
-0.0956064
-0.0957301
-0.0950502
-0.0935464
-0.0913782
-0.089007
-0.0871737
-0.0868085
-0.08874
-0.0937581
-0.100771
-0.109318
-0.118408
-0.12717
-0.135
-0.141566
-0.146697
-0.15029
-0.152278
-0.152594
-0.151163
-0.148067
-0.143592
-0.138285
-0.132959
-0.128545
-0.125805
-0.125142
-0.126666
-0.130358
-0.136173
-0.144002
-0.153513
-0.164029
-0.174668
-0.184521
-0.192923
-0.199511
-0.20432
-0.207637
-0.209891
-0.2115
-0.212725
-0.21357
-0.213941
-0.213611
-0.212471
-0.21065
-0.208462
-0.206379
-0.204845
-0.204122
-0.204226
-0.20497
-0.206067
-0.207308
-0.208666
-0.210262
-0.212366
-0.215306
-0.219357
-0.224689
-0.231292
-0.23906
-0.247749
-0.257038
-0.266548
-0.2759
-0.284742
-0.292751
-0.299694
-0.305408
-0.309807
-0.312849
-0.314545
-0.31496
-0.314164
-0.312229
-0.309242
-0.305207
-0.300051
-0.293652
-0.285857
-0.276625
-0.266117
-0.2547
-0.242848
-0.231066
-0.220178
-0.211911
-0.208915
-0.213483
-0.225537
-0.242277
-0.259906
-0.275573
-0.288112
-0.297567
-0.304522
-0.309674
-0.313594
-0.316669
-0.31916
-0.321209
-0.322951
-0.324481
-0.325904
-0.32733
-0.328783
-0.33034
-0.331728
-0.332953
-0.333803
-0.334043
-0.33348
-0.33201
-0.329621
-0.326497
-0.322975
-0.319527
-0.316641
-0.314695
-0.313914
-0.314316
-0.315732
-0.317918
-0.320563
-0.323354
-0.325985
-0.328244
-0.329983
-0.331169
-0.331861
-0.332178
-0.332276
-0.332286
-0.332314
-0.332349
-0.332307
-0.332045
-0.331367
-0.330094
-0.328074
-0.325205
-0.321513
-0.317185
-0.312505
-0.307878
-0.303719
-0.300277
-0.297639
-0.295733
-0.294447
-0.293747
-0.293668
-0.294273
-0.295548
-0.2973
-0.299173
-0.300796
-0.301845
-0.302144
-0.301665
-0.300525
-0.298841
-0.296751
-0.294327
-0.291607
-0.288702
-0.28586
-0.283593
-0.282749
-0.284283
-0.288857
-0.296456
-0.306235
-0.316888
-0.327163
-0.336177
-0.343545
-0.349217
-0.353351
-0.356201
-0.357988
-0.358922
-0.359133
-0.358715
-0.357671
-0.356025
-0.353722
-0.350701
-0.346908
-0.342296
-0.336838
-0.330586
-0.323639
-0.316154
-0.308375
-0.300543
-0.292916
-0.285768
-0.279344
-0.274054
-0.270359
-0.268762
-0.269564
-0.272714
-0.277749
-0.283985
-0.291432
-0.298033
-0.304034
-0.30917
-0.313175
-0.315774
-0.316684
-0.315632
-0.312531
-0.307566
-0.301441
-0.295422
-0.291162
-0.290041
-0.292606
-0.298208
-0.305491
-0.313005
-0.319718
-0.325151
-0.329211
-0.332046
-0.333875
-0.334902
-0.335293
-0.335155
-0.334577
-0.333568
-0.332124
-0.3302
-0.327716
-0.324587
-0.320696
-0.31595
-0.310274
-0.303657
-0.296182
-0.288106
-0.279858
-0.272042
-0.265416
-0.260742
-0.258591
-0.259257
-0.262644
-0.268356
-0.27574
-0.28406
-0.292601
-0.300762
-0.308098
-0.314351
-0.319429
-0.32332
-0.326112
-0.327903
-0.328809
-0.328928
-0.328347
-0.327169
-0.325459
-0.323288
-0.320724
-0.317903
-0.314896
-0.311816
-0.308713
-0.305605
-0.302418
-0.299045
-0.295387
-0.291472
-0.287598
-0.284371
-0.282562
-0.282849
-0.285375
-0.289615
-0.294566
-0.299125
-0.302495
-0.304338
-0.304855
-0.304582
-0.304272
-0.304587
-0.305905
-0.308209
-0.311128
-0.31418
-0.316907
-0.319068
-0.320587
-0.321541
-0.322047
-0.322263
-0.322308
-0.322256
-0.322155
-0.322067
-0.32211
-0.322452
-0.32327
-0.324672
-0.326683
-0.329188
-0.331958
-0.334663
-0.336961
-0.338501
-0.339063
-0.338496
-0.336781
-0.334056
-0.330563
-0.326703
-0.322945
-0.31975
-0.317434
-0.316195
-0.315983
-0.316641
-0.317937
-0.319678
-0.321763
-0.324206
-0.327071
-0.330452
-0.334403
-0.338909
-0.343859
-0.3491
-0.354458
-0.35976
-0.364849
-0.369624
-0.373998
-0.377957
-0.381485
-0.384583
-0.387262
-0.389515
-0.391348
-0.392754
-0.393725
-0.394272
-0.394373
-0.394041
-0.393266
-0.392069
-0.390455
-0.388464
-0.3861
-0.383404
-0.380406
-0.377171
-0.373726
-0.370153
-0.366577
-0.363115
-0.359932
-0.357159
-0.354912
-0.353214
-0.352012
-0.351166
-0.350518
-0.349829
-0.348901
-0.347539
-0.345566
-0.342866
-0.339414
-0.335271
-0.330709
-0.326135
-0.322127
-0.319291
-0.318201
-0.319249
-0.3225
-0.327779
-0.334649
-0.342525
-0.350812
-0.358977
-0.366595
-0.373379
-0.379131
-0.383775
-0.387272
-0.389653
-0.390972
-0.391284
-0.390675
-0.389223
-0.387033
-0.384224
-0.380907
-0.377243
-0.373045
-0.369251
-0.36562
-0.362298
-0.359398
-0.357003
-0.355162
-0.353905
-0.353226
-0.353097
-0.353458
-0.354251
-0.355376
-0.356731
-0.358194
-0.359632
-0.360894
-0.361786
-0.362113
-0.361673
-0.360285
-0.357839
-0.354396
-0.350264
-0.346032
-0.342491
-0.340371
-0.340063
-0.341456
-0.344046
-0.347212
-0.350522
-0.353797
-0.357148
-0.360785
-0.364891
-0.369523
-0.374543
-0.379612
-0.384263
-0.387929
-0.390068
-0.390182
-0.387888
-0.383006
-0.375687
-0.366562
-0.35686
-0.348296
-0.342693
-0.341369
-0.344479
-0.351
-0.359132
-0.367046
-0.373469
-0.377829
-0.380149
-0.380786
-0.380259
-0.379011
-0.377394
-0.375661
-0.373968
-0.372473
-0.371313
-0.370643
-0.37059
-0.371277
-0.372737
-0.37494
-0.377702
-0.380775
-0.383864
-0.386675
-0.388998
-0.390712
-0.391803
-0.39237
-0.392614
-0.392772
-0.393041
-0.3936
-0.394544
-0.395909
-0.397622
-0.399604
-0.401757
-0.403984
-0.406188
-0.408328
-0.410341
-0.412175
-0.413804
-0.415194
-0.41631
-0.417136
-0.417654
-0.417822
-0.417592
-0.416816
-0.415571
-0.413724
-0.411225
-0.408097
-0.404503
-0.400774
-0.397471
-0.395296
-0.394971
-0.396877
-0.400923
-0.406493
-0.412684
-0.41862
-0.423643
-0.427451
-0.430017
-0.431553
-0.432369
-0.432772
-0.433009
-0.433235
-0.43353
-0.433922
-0.434427
-0.435058
-0.435849
-0.436784
-0.437872
-0.439067
-0.440321
-0.441582
-0.442768
-0.443783
-0.444502
-0.444696
-0.444104
-0.442446
-0.439533
-0.435364
-0.43026
-0.42488
-0.420143
-0.417
-0.416033
-0.417383
-0.420685
-0.42534
-0.430736
-0.436377
-0.441982
-0.447427
-0.45265
-0.457644
-0.462392
-0.466849
-0.470955
-0.474632
-0.477794
-0.480398
-0.482409
-0.483813
-0.484625
-0.484886
-0.484663
-0.484016
-0.483029
-0.481781
-0.480344
-0.478762
-0.477057
-0.475264
-0.473432
-0.471636
-0.469981
-0.468584
-0.467512
-0.466742
-0.466144
-0.465481
-0.464518
-0.463052
-0.46094
-0.458192
-0.454915
-0.451279
-0.447546
-0.443972
-0.440841
-0.438414
-0.436883
-0.436229
-0.436268
-0.436654
-0.43703
-0.437119
-0.436836
-0.436273
-0.435648
-0.435095
-0.434902
-0.435039
-0.435487
-0.436198
-0.437156
-0.438344
-0.439766
-0.441264
-0.442613
-0.443476
-0.443502
-0.442394
-0.44
-0.436352
-0.431693
-0.426467
-0.421312
-0.416916
-0.413852
-0.412431
-0.41255
-0.413781
-0.41555
-0.417294
-0.418582
-0.419185
-0.419036
-0.418202
-0.416801
-0.415025
-0.413043
-0.411063
-0.409256
-0.407763
-0.406663
-0.405997
-0.405738
-0.40581
-0.406112
-0.406541
-0.406965
-0.407289
-0.40744
-0.407368
-0.407051
-0.406457
-0.405595
-0.40447
-0.403099
-0.401516
-0.399755
-0.39787
-0.395937
-0.394053
-0.392308
-0.390796
-0.389624
-0.388865
-0.388564
-0.388732
-0.389328
-0.390289
-0.391522
-0.392915
-0.394343
-0.395679
-0.396776
-0.397496
-0.397691
-0.397212
-0.395965
-0.393868
-0.390988
-0.387533
-0.383924
-0.380756
-0.378684
-0.37822
-0.379517
-0.38231
-0.385988
-0.389838
-0.393212
-0.395664
-0.396939
-0.396934
-0.395632
-0.393086
-0.389396
-0.384717
-0.37933
-0.373638
-0.368199
-0.363667
-0.360648
-0.359481
-0.360214
-0.362521
-0.365862
-0.370046
-0.373652
-0.376649
-0.378856
-0.38031
-0.381324
-0.382363
-0.383926
-0.386413
-0.389895
-0.394162
-0.398778
-0.40327
-0.407247
-0.410492
-0.412913
-0.414542
-0.41547
-0.415823
-0.415712
-0.415247
-0.41452
-0.413596
-0.412516
-0.411339
-0.410054
-0.408672
-0.40719
-0.405585
-0.403853
-0.402009
-0.400094
-0.398211
-0.396473
-0.395052
-0.394115
-0.393794
-0.394155
-0.395174
-0.396746
-0.398747
-0.400996
-0.403364
-0.405741
-0.408046
-0.410195
-0.412107
-0.413655
-0.414697
-0.415061
-0.414564
-0.413063
-0.410485
-0.40692
-0.40265
-0.39817
-0.394101
-0.391047
-0.389421
-0.389273
-0.39036
-0.392186
-0.394231
-0.396042
-0.397338
-0.397993
-0.398046
-0.397702
-0.397255
-0.397066
-0.397513
-0.398858
-0.401202
-0.404476
-0.408458
-0.412878
-0.417496
-0.42219
-0.426914
-0.43161
-0.436248
-0.440749
-0.444975
-0.448798
-0.45211
-0.454845
-0.45699
-0.458554
-0.459565
-0.46004
-0.460033
-0.459542
-0.458512
-0.456887
-0.454537
-0.451312
-0.446993
-0.441336
-0.434166
-0.425448
-0.41456
-0.404308
-0.394995
-0.388065
-0.384688
-0.385297
-0.389524
-0.396457
-0.405135
-0.414658
-0.42439
-0.433832
-0.442589
-0.450352
-0.456911
-0.462139
-0.465979
-0.468442
-0.469584
-0.469504
-0.468348
-0.466328
-0.463621
-0.460495
-0.457179
-0.453914
-0.450814
-0.447926
-0.445222
-0.442577
-0.439882
-0.437058
-0.434085
-0.431039
-0.428119
-0.425581
-0.423696
-0.422723
-0.422807
-0.423958
-0.426014
-0.428688
-0.431663
-0.434572
-0.437146
-0.439146
-0.44044
-0.440946
-0.440648
-0.439598
-0.437874
-0.435625
-0.433008
-0.430247
-0.427503
-0.424938
-0.422604
-0.420517
-0.418604
-0.416768
-0.414915
-0.412997
-0.411022
-0.40905
-0.407181
-0.405514
-0.404123
-0.403023
-0.402172
-0.401499
-0.400897
-0.400268
-0.399547
-0.398674
-0.397651
-0.396515
-0.395306
-0.394104
-0.392957
-0.391872
-0.39084
-0.389753
-0.388478
-0.386851
-0.384756
-0.382137
-0.379078
-0.375836
-0.37278
-0.370342
-0.36883
-0.368373
-0.368873
-0.370143
-0.371943
-0.374177
-0.37684
-0.379955
-0.38346
-0.387227
