1.8
1.80001
1.80002
1.80004
1.80007
1.8001
1.80014
1.80018
1.80023
1.80029
1.80035
1.80042
1.80049
1.80058
1.80066
1.80076
1.80086
1.80097
1.80109
1.80121
1.80135
1.80149
1.80164
1.80179
1.80196
1.80213
1.80231
1.8025
1.8027
1.80291
1.80313
1.80336
1.8036
1.80385
1.80411
1.80438
1.80467
1.80496
1.80527
1.80559
1.80592
1.80627
1.80663
1.80701
1.8074
1.80781
1.80823
1.80867
1.80913
1.80961
1.81011
1.81063
1.81117
1.81173
1.81232
1.81293
1.81357
1.81424
1.81493
1.81566
1.81642
1.81721
1.81804
1.8189
1.81981
1.82076
1.82175
1.82279
1.82389
1.82503
1.82623
1.8275
1.82882
1.83022
1.83168
1.83322
1.83483
1.83653
1.83831
1.84017
1.84211
1.84414
1.84624
1.8484
1.8506
1.85283
1.85503
1.85715
1.85912
1.86084
1.86217
1.86298
1.8631
1.86242
1.86091
1.85874
1.85636
1.85452
1.85415
1.85609
1.80413
1.81115
1.8197
1.82879
1.83755
1.84538
1.85194
1.85707
1.86067
1.86266
1.86296
1.86153
1.85844
1.85395
1.84864
1.84332
1.83891
1.83616
1.8355
1.83702
1.8407
1.84651
1.85433
1.86384
1.87436
1.88499
1.89484
1.90323
1.90983
1.91464
1.91796
1.92022
1.92184
1.92306
1.92392
1.92428
1.92394
1.9228
1.92097
1.91879
1.91671
1.91517
1.91445
1.91455
1.91528
1.91638
1.91763
1.91898
1.92057
1.92268
1.92562
1.92968
1.935
1.94162
1.94939
1.95808
1.96736
1.97686
1.98621
1.99505
2.00307
2.01002
2.01574
2.02013
2.02317
2.02486
2.02527
2.02447
2.02254
2.01954
2.0155
2.01034
2.00394
1.99614
1.98692
1.97641
1.96499
1.95314
1.94136
1.93047
1.92219
1.9192
1.92377
1.93583
1.95257
1.97018
1.98585
1.99838
2.00783
2.01479
2.01994
2.02386
2.02694
2.02943
2.03148
2.03321
2.03474
2.03617
2.03759
2.03904
1.80119
1.80258
1.80381
1.80465
1.80489
1.80433
1.80285
1.80046
1.79733
1.79381
1.79037
1.78748
1.78554
1.78476
1.78516
1.78657
1.78876
1.7914
1.79418
1.79682
1.79908
1.80082
1.802
1.80269
1.80301
1.80311
1.80313
1.80316
1.8032
1.80316
1.80289
1.80222
1.80095
1.79893
1.79606
1.79238
1.78804
1.78336
1.77874
1.77458
1.77114
1.76851
1.7666
1.7653
1.76459
1.7645
1.76512
1.76639
1.76814
1.77002
1.77165
1.7727
1.773
1.77252
1.77138
1.76969
1.76759
1.76516
1.76244
1.75954
1.75669
1.75443
1.75358
1.75512
1.7597
1.7673
1.77707
1.78773
1.798
1.80701
1.81438
1.82005
1.82419
1.82704
1.82883
1.82976
1.82997
1.82955
1.82851
1.82687
1.82456
1.82155
1.81776
1.81314
1.80769
1.80143
1.79448
1.787
1.77922
1.77139
1.76377
1.75661
1.7502
1.74491
1.74123
1.73963
1.74044
1.74358
1.74862
1.75485
1.80578
1.81237
1.81838
1.82351
1.82752
1.83012
1.83102
1.82997
1.82686
1.82189
1.81576
1.80975
1.80549
1.80438
1.80694
1.81254
1.81981
1.82731
1.83402
1.83945
1.84351
1.84635
1.84817
1.84919
1.84957
1.84944
1.84886
1.84785
1.8464
1.84447
1.84198
1.83885
1.83496
1.83021
1.82453
1.81791
1.81044
1.80237
1.79411
1.7863
1.77968
1.775
1.77285
1.7735
1.77689
1.7826
1.78997
1.79829
1.80682
1.81497
1.82231
1.82856
1.83364
1.83753
1.84032
1.84211
1.84301
1.84313
1.84257
1.84139
1.83968
1.83751
1.83496
1.83213
1.82913
1.82604
1.82294
1.81983
1.81664
1.81327
1.80961
1.8057
1.80182
1.79858
1.79678
1.79707
1.7996
1.80384
1.80879
1.81335
1.81672
1.81856
1.81907
1.81879
1.81848
1.81879
1.82011
1.82241
1.82533
1.82838
1.83112
1.83328
1.83481
1.83575
1.83626
1.83648
1.83652
1.83646
1.83635
1.83626
1.80006
1.80041
1.80122
1.80262
1.80463
1.80715
1.80993
1.81264
1.81492
1.81647
1.81703
1.81646
1.81475
1.81201
1.80853
1.80467
1.80091
1.79771
1.7954
1.79416
1.79395
1.7946
1.79589
1.79763
1.79972
1.80217
1.80504
1.80842
1.81238
1.81688
1.82184
1.82709
1.83245
1.83774
1.84282
1.84759
1.85197
1.85593
1.85947
1.86257
1.86524
1.86749
1.86932
1.87073
1.87171
1.87226
1.87237
1.87203
1.87126
1.87006
1.86844
1.86644
1.86408
1.86138
1.85839
1.85515
1.8517
1.84813
1.84454
1.84108
1.83789
1.83512
1.83288
1.83119
1.82999
1.82915
1.82849
1.8278
1.82687
1.8255
1.82352
1.82082
1.81736
1.81322
1.80866
1.80409
1.80008
1.79725
1.79616
1.79719
1.80045
1.80573
1.81259
1.82047
1.82876
1.83692
1.84454
1.85131
1.85707
1.86171
1.86521
1.8676
1.86892
1.86923
1.86862
1.86718
1.86499
1.86218
1.85888
1.85521
1.79677
1.79297
1.78934
1.78601
1.7831
1.7807
1.77886
1.77761
1.77693
1.7768
1.77716
1.77795
1.77908
1.78044
1.78191
1.78334
1.78459
1.78548
1.78581
1.78538
1.78399
1.78155
1.7781
1.77397
1.76975
1.76621
1.7641
1.76379
1.76518
1.76777
1.77094
1.77425
1.77754
1.78089
1.78453
1.78864
1.79328
1.7983
1.80337
1.80802
1.81169
1.81383
1.81395
1.81166
1.80678
1.79946
1.79034
1.78064
1.77207
1.76647
1.76513
1.76824
1.77476
1.78289
1.7908
1.79723
1.80159
1.80391
1.80455
1.80402
1.80277
1.80115
1.79942
1.79774
1.79624
1.79507
1.7944
1.79435
1.79504
1.79652
1.79871
1.80147
1.80454
1.80763
1.81045
1.81277
1.81448
1.81557
1.81614
1.81639
1.81653
1.8168
1.81737
1.81832
1.81968
1.8214
1.82338
1.82554
1.82777
1.82998
1.83213
1.83414
1.83598
1.83761
1.83899
1.84012
1.84095
1.84146
1.84163
1.8414
1.79935
1.7981
1.79625
1.79376
1.79064
1.78704
1.78331
1.78
1.77784
1.77751
1.77941
1.78345
1.78902
1.79522
1.80116
1.80618
1.80998
1.81255
1.81409
1.8149
1.8153
1.81554
1.81577
1.81607
1.81646
1.81696
1.81759
1.81837
1.81931
1.82039
1.82158
1.82283
1.82408
1.82526
1.82628
1.82699
1.82719
1.8266
1.82494
1.82203
1.81786
1.81276
1.80739
1.80267
1.79952
1.79856
1.79991
1.80322
1.80787
1.81326
1.8189
1.82451
1.82995
1.83518
1.84017
1.84492
1.84938
1.85349
1.85717
1.86034
1.86295
1.86496
1.86636
1.86717
1.86744
1.86721
1.86656
1.86558
1.86433
1.8629
1.86131
1.85961
1.85782
1.85599
1.8542
1.85255
1.85116
1.8501
1.84933
1.84872
1.84806
1.84709
1.84562
1.84351
1.84077
1.83749
1.83387
1.83013
1.82655
1.82342
1.821
1.81946
1.8188
1.81884
1.81923
1.81961
1.81969
1.81941
1.81884
1.81821
1.79959
1.79939
1.79952
1.79997
1.80068
1.80163
1.80283
1.80424
1.80574
1.80708
1.80795
1.80798
1.80687
1.80448
1.80084
1.79617
1.79095
1.78579
1.7814
1.77834
1.77692
1.77703
1.77827
1.78004
1.78177
1.78306
1.78367
1.78352
1.78268
1.78128
1.77949
1.77751
1.77553
1.77372
1.77222
1.77113
1.77046
1.77021
1.77028
1.77059
1.77101
1.77143
1.77175
1.77191
1.77184
1.77152
1.77093
1.77007
1.76895
1.76758
1.76599
1.76423
1.76235
1.76042
1.75854
1.75679
1.75529
1.75412
1.75336
1.75306
1.75322
1.75382
1.75478
1.75602
1.75741
1.75884
1.76017
1.76127
1.76198
1.76218
1.76171
1.76046
1.75837
1.75549
1.75204
1.74842
1.74525
1.74318
1.74272
1.74403
1.74682
1.7505
1.75434
1.75772
1.76017
1.76144
1.76143
1.76012
1.75757
1.75387
1.7492
1.74381
1.73812
1.73269
1.72816
1.72513
1.72397
1.7247
1.72701
1.73035
1.80326
1.80687
1.80987
1.81207
1.81354
1.81455
1.81558
1.81715
1.81963
1.82311
1.82737
1.83199
1.83649
1.84047
1.84371
1.84613
1.84776
1.84869
1.84904
1.84893
1.84847
1.84774
1.84681
1.84574
1.84455
1.84327
1.84189
1.8404
1.8388
1.83707
1.83523
1.83332
1.83143
1.8297
1.82827
1.82733
1.82701
1.82737
1.82839
1.82997
1.83197
1.83422
1.83659
1.83897
1.84127
1.84342
1.84532
1.84687
1.84792
1.84828
1.84778
1.84627
1.84369
1.84011
1.83584
1.83136
1.82729
1.82424
1.82261
1.82247
1.82355
1.82537
1.82741
1.82922
1.83052
1.83117
1.83122
1.83088
1.83043
1.83025
1.83069
1.83203
1.83437
1.83764
1.84162
1.84604
1.85066
1.85535
1.86006
1.86476
1.8694
1.87389
1.87812
1.88194
1.88525
1.88799
1.89014
1.8917
1.89271
1.8932
1.8932
1.89269
1.89166
1.89004
1.8877
1.88447
1.88015
1.87449
1.86732
1.85861
1.79151
1.78126
1.77195
1.76501
1.76163
1.76224
1.76647
1.77341
1.78208
1.7916
1.80134
1.81078
1.81954
1.8273
1.83386
1.83908
1.84292
1.84538
1.84652
1.84645
1.84531
1.84328
1.84058
1.83745
1.83415
1.83087
1.82777
1.82488
1.82217
1.81953
1.81683
1.814
1.81102
1.80797
1.80504
1.80249
1.80061
1.79963
1.79972
1.80087
1.80293
1.80561
1.80857
1.81148
1.81405
1.81604
1.81733
1.81782
1.81752
1.81647
1.81475
1.8125
1.80989
1.80713
1.8044
1.80183
1.7995
1.79742
1.79551
1.79367
1.79183
1.78991
1.78793
1.78597
1.7841
1.78243
1.78104
1.77994
1.77908
1.77841
1.77781
1.77718
1.77645
1.77558
1.77456
1.77342
1.77221
1.771
1.76985
1.76876
1.76772
1.76663
1.76536
1.76374
1.76165
1.75903
1.75598
1.75273
1.74968
1.74724
1.74572
1.74526
1.74577
1.74702
1.74883
1.75107
1.75374
1.75685
1.76036
1.76413
