1,	-0.414468,	0
2,	-0.412684,	0.00178401
3,	-0.414028,	0.0016939
4,	-0.414562,	0.0013113
5,	-0.415171,	0.00118438
6,	-0.415405,	0.00099481
7,	-0.415531,	0.000850211
8,	-0.41523,	0.000795329
9,	-0.414488,	0.00102147
10,	-0.414038,	0.00101847
11,	-0.413902,	0.000931141
12,	-0.414121,	0.000877789
13,	-0.414329,	0.000833651
14,	-0.414601,	0.000818402
15,	-0.414866,	0.000806745
16,	-0.414823,	0.000755903
17,	-0.414615,	0.000739756
18,	-0.414611,	0.000697459
19,	-0.414348,	0.000710187
20,	-0.414089,	0.000721754
21,	-0.414126,	0.000687487
22,	-0.414441,	0.00072717
23,	-0.414358,	0.0006997
24,	-0.414365,	0.000669945
25,	-0.414245,	0.000653593
26,	-0.414297,	0.000630033
27,	-0.414274,	0.000606678
28,	-0.414311,	0.000585767
29,	-0.414393,	0.000571222
30,	-0.414448,	0.000554573
31,	-0.414279,	0.00056237
32,	-0.414222,	0.000547541
33,	-0.414152,	0.000535269
34,	-0.414247,	0.000528027
35,	-0.414348,	0.000522574
36,	-0.414393,	0.000509845
37,	-0.414445,	0.000498576
38,	-0.414575,	0.0005022
39,	-0.414539,	0.000490456
40,	-0.414573,	0.000479279
41,	-0.414633,	0.000471277
42,	-0.414565,	0.000464923
43,	-0.414593,	0.000454813
44,	-0.414588,	0.000444385
45,	-0.414583,	0.000434426
46,	-0.414551,	0.00042605
47,	-0.41459,	0.000418679
48,	-0.414598,	0.000409952
49,	-0.414617,	0.000401934
50,	-0.414554,	0.000398885
