r_min,	r_max,	g(r),	error
0,	0.0128248,	0,	0
0.0128248,	0.0256496,	0,	0
0.0256496,	0.0384745,	0,	0
0.0384745,	0.0512993,	0,	0
0.0512993,	0.0641241,	0,	0
0.0641241,	0.0769489,	0,	0
0.0769489,	0.0897737,	0,	0
0.0897737,	0.102599,	0,	0
0.102599,	0.115423,	0,	0
0.115423,	0.128248,	0,	0
0.128248,	0.141073,	0,	0
0.141073,	0.153898,	0,	0
0.153898,	0.166723,	0,	0
0.166723,	0.179547,	0,	0
0.179547,	0.192372,	0,	0
0.192372,	0.205197,	0,	0
0.205197,	0.218022,	0,	0
0.218022,	0.230847,	0,	0
0.230847,	0.243672,	0,	0
0.243672,	0.256496,	0,	0
0.256496,	0.269321,	0,	0
0.269321,	0.282146,	0,	0
0.282146,	0.294971,	0,	0
0.294971,	0.307796,	0,	0
0.307796,	0.32062,	0,	0
0.32062,	0.333445,	0,	0
0.333445,	0.34627,	0,	0
0.34627,	0.359095,	0,	0
0.359095,	0.37192,	0,	0
0.37192,	0.384745,	0,	0
0.384745,	0.397569,	0,	0
0.397569,	0.410394,	0,	0
0.410394,	0.423219,	0,	0
0.423219,	0.436044,	0,	0
0.436044,	0.448869,	0,	0
0.448869,	0.461694,	0,	0
0.461694,	0.474518,	0,	0
0.474518,	0.487343,	0,	0
0.487343,	0.500168,	0,	0
0.500168,	0.512993,	0,	0
0.512993,	0.525818,	0,	0
0.525818,	0.538642,	0,	0
0.538642,	0.551467,	0,	0
0.551467,	0.564292,	0,	0
0.564292,	0.577117,	0,	0
0.577117,	0.589942,	0,	0
0.589942,	0.602767,	0,	0
0.602767,	0.615591,	0,	0
0.615591,	0.628416,	0,	0
0.628416,	0.641241,	0,	0
0.641241,	0.654066,	0,	0
0.654066,	0.666891,	0,	0
0.666891,	0.679715,	0,	0
0.679715,	0.69254,	0,	0
0.69254,	0.705365,	0,	0
0.705365,	0.71819,	0,	0
0.71819,	0.731015,	0,	0
0.731015,	0.74384,	0,	0
0.74384,	0.756664,	0,	0
0.756664,	0.769489,	0,	0
0.769489,	0.782314,	0,	0
0.782314,	0.795139,	0,	0
0.795139,	0.807964,	0,	0
0.807964,	0.820788,	0,	0
0.820788,	0.833613,	0,	0
0.833613,	0.846438,	0,	0
0.846438,	0.859263,	0,	0
0.859263,	0.872088,	2.10829e-05,	1.56017e-05
0.872088,	0.884913,	0.000325685,	3.26145e-05
0.884913,	0.897737,	0.00203387,	8.20322e-05
0.897737,	0.910562,	0.0106788,	0.000268059
0.910562,	0.923387,	0.0374549,	0.000302274
0.923387,	0.936212,	0.102772,	0.000713628
0.936212,	0.949037,	0.22504,	0.000976902
0.949037,	0.961861,	0.425828,	0.00173074
0.961861,	0.974686,	0.695704,	0.00267251
0.974686,	0.987511,	1.02188,	0.00185956
0.987511,	1.00034,	1.37456,	0.00297041
1.00034,	1.01316,	1.71079,	0.00332404
1.01316,	1.02599,	2.00734,	0.00220689
1.02599,	1.03881,	2.24616,	0.0028427
1.03881,	1.05164,	2.42345,	0.00288707
1.05164,	1.06446,	2.53122,	0.00274622
1.06446,	1.07728,	2.57634,	0.0034307
1.07728,	1.09011,	2.57038,	0.00308009
1.09011,	1.10293,	2.52593,	0.00335879
1.10293,	1.11576,	2.45568,	0.00257527
1.11576,	1.12858,	2.36057,	0.0020902
1.12858,	1.14141,	2.25766,	0.00295108
1.14141,	1.15423,	2.14512,	0.00216101
1.15423,	1.16706,	2.03149,	0.00309567
1.16706,	1.17988,	1.9178,	0.00214444
1.17988,	1.19271,	1.809,	0.00222133
1.19271,	1.20553,	1.70567,	0.00232908
1.20553,	1.21836,	1.60549,	0.00204996
1.21836,	1.23118,	1.51824,	0.00251597
1.23118,	1.24401,	1.43299,	0.0028622
1.24401,	1.25683,	1.35229,	0.00239435
1.25683,	1.26966,	1.27997,	0.00197169
1.26966,	1.28248,	1.21546,	0.00188353
1.28248,	1.29531,	1.15449,	0.00218143
1.29531,	1.30813,	1.09642,	0.00179093
1.30813,	1.32096,	1.04926,	0.00193968
1.32096,	1.33378,	0.999575,	0.00130042
1.33378,	1.34661,	0.959873,	0.00176815
1.34661,	1.35943,	0.923874,	0.00100997
1.35943,	1.37226,	0.888021,	0.00160107
1.37226,	1.38508,	0.858825,	0.00118115
1.38508,	1.39791,	0.829462,	0.00120744
1.39791,	1.41073,	0.803979,	0.00116165
1.41073,	1.42355,	0.784019,	0.00104661
1.42355,	1.43638,	0.763679,	0.00108076
1.43638,	1.4492,	0.744967,	0.00108897
1.4492,	1.46203,	0.729107,	0.000942261
1.46203,	1.47485,	0.716333,	0.00131391
1.47485,	1.48768,	0.705781,	0.00114863
1.48768,	1.5005,	0.695973,	0.00127233
1.5005,	1.51333,	0.685442,	0.00140985
1.51333,	1.52615,	0.679132,	0.00130449
1.52615,	1.53898,	0.674719,	0.00114441
1.53898,	1.5518,	0.671159,	0.00134052
1.5518,	1.56463,	0.668856,	0.00174938
1.56463,	1.57745,	0.668137,	0.00122717
1.57745,	1.59028,	0.669053,	0.00165062
1.59028,	1.6031,	0.671635,	0.00117601
1.6031,	1.61593,	0.67546,	0.00150942
1.61593,	1.62875,	0.679976,	0.00122506
1.62875,	1.64158,	0.68761,	0.00156841
1.64158,	1.6544,	0.695408,	0.00127385
1.6544,	1.66723,	0.704696,	0.00139551
1.66723,	1.68005,	0.716366,	0.00120343
1.68005,	1.69288,	0.727238,	0.0013408
1.69288,	1.7057,	0.742923,	0.00148369
1.7057,	1.71853,	0.755423,	0.00101616
1.71853,	1.73135,	0.770006,	0.0012006
1.73135,	1.74418,	0.787585,	0.00137372
1.74418,	1.757,	0.806384,	0.0013423
1.757,	1.76983,	0.823705,	0.000992862
1.76983,	1.78265,	0.844895,	0.00108848
1.78265,	1.79547,	0.863099,	0.00127123
1.79547,	1.8083,	0.882902,	0.000934379
1.8083,	1.82112,	0.905475,	0.00160907
1.82112,	1.83395,	0.926189,	0.00143753
1.83395,	1.84677,	0.94697,	0.0012925
1.84677,	1.8596,	0.967883,	0.00136755
1.8596,	1.87242,	0.987939,	0.00138934
1.87242,	1.88525,	1.00817,	0.00132832
1.88525,	1.89807,	1.02987,	0.00159153
1.89807,	1.9109,	1.04785,	0.00106354
1.9109,	1.92372,	1.06785,	0.00122151
1.92372,	1.93655,	1.08622,	0.00116714
1.93655,	1.94937,	1.10476,	0.00115998
1.94937,	1.9622,	1.12216,	0.00135165
1.9622,	1.97502,	1.14022,	0.00134453
1.97502,	1.98785,	1.15507,	0.00113812
1.98785,	2.00067,	1.16898,	0.00116474
2.00067,	2.0135,	1.18075,	0.00138086
2.0135,	2.02632,	1.19179,	0.00179319
2.02632,	2.03915,	1.20268,	0.001268
2.03915,	2.05197,	1.208,	0.00141016
2.05197,	2.0648,	1.21221,	0.000862747
2.0648,	2.07762,	1.21526,	0.00133067
2.07762,	2.09045,	1.21597,	0.00125688
2.09045,	2.10327,	1.21207,	0.00107202
2.10327,	2.1161,	1.21013,	0.00112866
2.1161,	2.12892,	1.2071,	0.000942422
2.12892,	2.14174,	1.19928,	0.00108596
2.14174,	2.15457,	1.1917,	0.00108334
2.15457,	2.16739,	1.18027,	0.00110223
2.16739,	2.18022,	1.16909,	0.00104022
2.18022,	2.19304,	1.15957,	0.00113469
2.19304,	2.20587,	1.14386,	0.000962671
2.20587,	2.21869,	1.13073,	0.00100747
2.21869,	2.23152,	1.11758,	0.00105912
2.23152,	2.24434,	1.10333,	0.00125863
2.24434,	2.25717,	1.09005,	0.000922746
2.25717,	2.26999,	1.07558,	0.000904594
2.26999,	2.28282,	1.06075,	0.000899534
2.28282,	2.29564,	1.04692,	0.00105382
2.29564,	2.30847,	1.03482,	0.000872797
2.30847,	2.32129,	1.01983,	0.00111087
2.32129,	2.33412,	1.00736,	0.00106335
2.33412,	2.34694,	0.99453,	0.000900962
2.34694,	2.35977,	0.983458,	0.000872757
2.35977,	2.37259,	0.971643,	0.00120039
2.37259,	2.38542,	0.962022,	0.000821055
2.38542,	2.39824,	0.951961,	0.000816121
2.39824,	2.41107,	0.943343,	0.000892144
2.41107,	2.42389,	0.936535,	0.000908649
2.42389,	2.43672,	0.927396,	0.000886627
2.43672,	2.44954,	0.919504,	0.000941681
2.44954,	2.46237,	0.914921,	0.000734305
2.46237,	2.47519,	0.909723,	0.000867019
2.47519,	2.48802,	0.906344,	0.000963682
2.48802,	2.50084,	0.900726,	0.000863373
2.50084,	2.51366,	0.887186,	0.00118519
2.51366,	2.52649,	0.884212,	0.000933994
2.52649,	2.53931,	0.884679,	0.00101086
2.53931,	2.55214,	0.885275,	0.00102013
2.55214,	2.56496,	0.884569,	0.000946316
