0.452163 -0.455983 -0.489767
-0.257926 -0.219651 0.46795
-0.431095 -0.208386 -0.38913
-0.13921 -0.366806 0.351402
-0.0721434 -0.352191 -0.458876
0.199331 -0.138092 -0.452241
-0.145741 0.42371 -0.476306
0.0480685 0.462971 -0.383055
0.2442 -0.333362 -0.429366
0.137288 -0.275868 0.358738
0.375294 -0.109526 0.436031
0.441237 0.374648 -0.328952
-0.449786 0.0609266 -0.44489
-0.253142 -0.0488295 -0.378407
-0.429946 -0.0718774 -0.233043
-0.300187 -0.240052 -0.188267
-0.117336 -0.178382 0.248014
0.178648 0.112714 -0.200564
-0.215963 0.187765 0.48751
-0.119841 -0.221128 -0.300255
0.418417 -0.108543 0.137503
0.299462 0.232686 -0.302473
-0.00301749 -0.0850627 -0.194607
0.329356 0.0417627 -0.356926
-0.369674 0.24427 -0.390855
-0.445407 -0.419814 -0.210084
-0.34726 0.427153 -0.306911
-0.0445656 0.101087 -0.32438
-0.250688 0.405626 0.36376
0.0106122 0.314076 0.35639
-0.0233377 0.242981 -0.457187
-0.0127101 -0.0689197 -0.493117
0.0682101 0.294663 -0.255705
0.433004 0.23756 -0.476985
0.362721 -0.416435 -0.237068
0.386811 0.014013 -0.160905
0.347986 -0.40486 0.0252037
0.451685 0.444178 -0.0991415
0.353091 -0.187984 -0.0189266
-0.459744 -0.377585 -0.0104037
-0.333742 -0.408181 -0.495688
0.0814617 -0.325959 -0.311696
-0.197199 -0.375337 0.113934
0.072337 0.439739 -0.127315
0.253469 0.405595 -0.00926186
0.387242 -0.206289 -0.297553
0.206503 -0.26077 -0.139605
-0.493187 0.338658 0.0682173
-0.482972 -0.221243 -0.141163
-0.304997 -0.0719986 -0.0464029
-0.489495 -0.035023 -0.0157927
-0.347401 -0.221867 0.0581547
-0.243744 -0.381672 -0.0727206
-0.217047 -0.391872 -0.317726
-0.0868059 -0.0416046 0.0128829
-0.0512619 -0.294761 -0.137237
0.195119 -0.0814851 -0.240115
0.290113 0.117416 0.166098
0.117632 -0.0890333 -0.0393081
0.190627 -0.255813 0.106385
0.48999 0.149304 -0.267122
-0.360246 0.213004 -0.158102
0.367418 0.230897 -0.0610998
-0.365895 0.109776 0.0539073
-0.195343 0.0409843 -0.165111
-0.125602 0.306748 -0.232962
-0.166702 0.205318 0.0550788
-0.0297427 0.139607 -0.11419
0.166045 0.236013 -0.061741
0.274838 0.397327 -0.200947
-0.0417381 0.329786 0.00162823
0.262494 0.0451593 -0.017883
0.389453 0.0773118 0.385236
0.492895 0.313863 0.297521
-0.44972 -0.44122 0.334071
-0.404809 0.401199 0.467865
0.0973767 0.420454 0.19041
-0.0133185 -0.430275 0.00330295
-0.361033 0.478495 0.171013
0.0880535 -0.476909 0.39046
0.238072 -0.433635 0.212808
0.431275 0.487576 0.188728
0.240804 -0.0822978 0.291094
0.336058 -0.373875 0.373834
-0.429587 -0.0600439 0.408878
-0.388666 -0.0719559 0.214279
-0.41627 0.13621 0.372439
0.490638 -0.298604 0.185995
-0.31396 -0.276305 0.281462
-0.201845 0.0217654 0.166679
-0.213578 -0.0436607 0.359598
0.0366025 -0.381063 0.236458
-0.0454318 -0.24449 0.0692718
0.185687 0.281556 -0.458696
-0.0049009 0.0712004 0.279326
0.147043 0.0727735 -0.437849
0.475014 0.162722 0.172891
-0.309277 0.380467 -0.063497
-0.298603 0.274281 0.185452
-0.130149 0.214063 0.270867
0.101786 0.110232 0.0785982
-0.130115 0.483923 -0.155016
-0.117513 0.436942 0.187939
0.181295 0.23103 0.313959
0.0540335 -0.0743857 0.165333
0.305205 0.319922 0.168007
0.288515 0.424737 0.389677
0.266325 0.449973 -0.409984
