30.453
27.6257
29.2064
27.7677
29.1596
27.1019
27.1019
24.2723
22.9972
20.7165
18.9647
16.44
16.44
18.3408
18.3408
19.0906
16.3153
16.4625
14.6772
14.6772
14.6772
15.0726
15.0726
14.0695
12.4968
11.1129
11.0727
10.9478
10.9478
8.22384
8.78342
8.78342
9.66872
9.74861
9.53673
6.81115
6.81115
6.81115
5.27891
5.62052
5.62052
5.62052
4.51988
4.51988
4.51988
3.84919
2.66412
2.66412
2.91691
2.91691
2.91691
4.34371
4.34371
4.34371
3.17306
3.17306
2.54934
2.54934
4.14672
4.14672
4.14672
3.62905
3.62905
3.62905
5.65068
3.04586
3.04586
3.04586
5.27141
3.0297
2.96488
2.96488
3.62814
3.62814
1.84523
2.49964
2.49964
2.49964
3.14818
5.45644
5.45644
5.45644
4.50728
4.50728
4.50728
4.50728
4.50728
5.25536
3.68917
3.68917
3.68917
3.68917
2.70998
3.80392
3.80392
3.80392
3.80392
3.80392
3.30654
3.30654
2.75657
2.75657
2.75657
3.34846
3.34846
3.34846
2.72686
2.72686
2.72686
2.72686
1.57826
1.57826
1.57826
1.57826
1.57826
4.64655
4.64655
4.77751
4.77751
5.23515
5.95768
5.95768
5.2013
5.2013
5.2013
1.73227
1.73227
1.99027
1.99027
1.99027
1.99027
1.99027
1.99027
1.99027
4.72421
4.26122
4.26122
4.26122
4.26122
3.97101
3.97101
3.01881
3.01881
5.24268
2.84812
2.84812
2.84812
2.84812
2.84812
5.69636
5.69636
6.87256
6.38771
6.09637
6.01183
7.38661
7.38661
8.44545
8.44545
8.44648
5.80462
5.43544
6.24693
6.24693
6.24693
5.95542
5.66899
4.89354
4.89354
4.89354
4.89354
4.89354
3.71884
3.71884
3.71884
3.71884
3.71884
4.341
4.341
4.25271
4.25271
4.25271
3.98922
3.98922
3.98922
4.17443
4.17443
4.17443
4.17443
4.17443
4.17443
4.17443
4.17443
4.17443
4.17443
4.17443
4.17443
4.17443
1.72133
2.89379
3.53764
1.36625
4.87448
4.90812
6.15741
6.15741
6.15741
5.12148
5.47144
5.47144
5.40102
5.52445
5.52445
5.66747
4.48774
2.33068
2.33068
2.33068
4.57622
7.16101
7.16101
5.51282
5.78069
5.78069
4.62593
4.62593
4.08799
4.08799
4.08799
4.01332
4.01332
6.86328
6.86328
4.62023
3.87131
3.87131
3.87131
3.87131
7.91007
7.91007
7.74502
9.31652
6.97625
6.97625
4.33802
7.22385
9.54504
10.5504
8.09381
6.94083
5.75041
5.75041
5.75041
7.25658
7.31972
7.31972
7.69217
7.98761
6.78994
6.78994
6.78994
7.00625
7.00625
8.20576
9.16322
8.72449
9.14346
9.14346
9.29858
9.93313
12.3363
8.8898
6.82369
6.82369
6.82369
7.582
7.29795
7.29795
8.7316
7.27481
5.36897
5.36897
5.36897
5.36897
3.11873
5.40283
4.81856
4.94966
4.94966
4.66233
3.24577
3.24577
3.24577
3.24577
3.24577
3.24577
3.24577
3.24577
3.24577
3.24577
3.24577
3.24577
3.24577
2.83182
5.09822
3.6704
5.19923
5.19923
5.91585
6.64979
6.64979
6.64979
6.64979
6.64979
5.93987
5.93987
7.08168
5.92646
5.59284
5.59284
5.59284
5.59284
5.59284
5.59284
6.51088
6.51088
6.51088
6.51088
6.51088
6.51088
7.10373
3.73315
5.12286
4.2548
4.2548
4.2548
3.42162
4.41319
4.51945
4.16639
4.16639
3.9555
3.9555
3.9555
3.9555
3.9555
3.9555
3.9555
3.9555
3.45807
3.45807
4.22047
5.55472
6.21058
4.22923
4.22923
4.22923
4.61416
4.15528
4.35217
4.35217
4.35217
4.35217
2.91389
2.91389
2.91389
5.47726
5.47726
5.53349
5.53349
5.53349
4.00621
5.55033
5.55033
4.74954
4.0745
4.0745
4.0745
5.22699
5.22699
5.36185
5.75443
5.15106
7.57113
7.53048
7.72255
9.42132
7.95682
7.95682
7.95682
7.95682
7.95682
7.95682
8.26418
8.26418
8.21547
7.62584
4.76552
4.70738
4.70738
2.6232
2.6232
2.70154
2.90296
2.90296
2.90296
2.90296
2.90296
2.90296
2.90296
2.90296
2.00862
2.00862
2.00862
2.35461
2.35461
5.05129
5.05129
4.67809
2.31879
2.31879
2.31879
2.31879
3.50068
3.50068
5.72221
6.68942
7.6975
7.6975
6.46355
7.09555
7.79341
8.17147
8.10441
8.36523
8.19905
6.97293
6.95511
4.49851
4.49851
4.49851
4.49851
8.02982
10.6782
11.3519
11.3519
11.8605
11.0663
10.8394
10.8394
11.599
11.7964
11.9307
12.029
12.029
10.8796
13.114
11.589
11.589
11.589
11.589
11.3097
11.3097
11.3097
8.9253
8.88566
8.61054
8.61054
8.61054
9.19579
8.40765
8.27826
8.27826
9.45434
9.61156
9.61156
9.61156
9.61156
8.80397
9.0419
6.81962
6.3606
6.3606
6.3606
6.3606
6.35385
6.35791
4.73438
4.95849
6.43079
6.44606
6.44606
6.44606
6.44606
6.44606
8.79581
7.03131
5.55049
6.39522
5.64226
7.1336
5.41901
5.41901
3.34829
3.34829
4.33752
4.33752
3.51327
3.40279
3.40279
3.40279
3.40279
3.40279
3.40279
3.40279
4.15869
3.61857
3.61857
3.61857
1.97264
1.97264
1.97264
1.97264
1.97264
1.79815
1.79815
2.25591
4.00657
4.00657
3.82146
3.82146
3.82146
2.04172
2.04172
2.04172
1.86137
4.38807
5.08058
4.02641
1.78402
1.78402
3.59975
4.81999
4.81999
7.20633
7.20633
7.20633
4.21021
0.863981
0.863981
0.863981
0.863981
0.863981
0.863981
3.11263
3.11263
1.75836
1.75836
1.75836
1.75836
1.75836
1.75836
1.75836
1.75836
2.67381
2.77769
2.77769
3.31776
3.31776
1.45233
4.46172
4.46172
4.22514
4.22514
4.22514
4.22514
4.58092
4.58092
5.72601
5.72601
5.51119
6.59555
9.21936
8.36596
7.12481
8.21608
6.01534
4.63453
6.29751
6.29751
7.07845
7.07845
7.07845
5.0685
5.94597
6.24088
5.98956
6.47004
6.47004
5.89721
5.89721
5.04397
5.04397
7.16327
8.20514
8.20514
8.20514
8.49264
5.61968
4.42544
4.42544
2.96671
2.96671
2.96671
2.96671
2.96671
2.57905
5.31354
6.64716
6.64716
6.64716
4.37597
6.27546
7.02173
7.02173
7.02173
8.14636
8.32388
9.50066
9.50066
9.50066
9.50066
8.73767
6.9896
6.9896
6.9896
6.31874
6.31874
4.86956
4.86956
4.86956
4.86956
4.86956
6.11278
4.78156
4.78156
6.28198
6.28198
5.15074
5.15074
5.15074
6.59173
6.59173
6.59173
3.99728
3.99728
3.99728
3.99728
3.99728
5.52764
3.71542
0.828508
3.53135
5.96928
5.96928
4.74039
4.74039
4.74039
4.74039
4.74039
4.74039
4.74039
2.51673
4.93752
4.93752
4.93752
4.70137
4.70137
2.6257
2.6257
2.12197
2.12197
2.04385
5.71674
8.11854
8.11854
8.11854
6.89644
6.89644
8.25998
7.0966
7.0966
7.0966
5.92674
6.20441
2.99538
2.99538
2.99538
2.99538
3.73668
5.78653
5.78653
5.78653
6.30173
5.83641
5.83641
5.83641
7.04816
7.51118
6.19594
6.44083
6.44083
6.14928
4.54467
4.7731
4.7731
5.15887
5.94147
5.06539
2.61119
2.61119
2.17563
2.17563
2.07904
2.07904
2.07904
2.07904
2.07904
4.89114
4.89114
4.89114
5.42765
5.42765
5.7555
5.7555
6.45728
6.84426
6.84426
6.84426
6.84426
6.39347
6.39347
4.88648
4.88648
4.88648
6.53714
6.53714
6.53714
7.55349
7.55349
7.55349
7.73538
7.19037
7.19037
7.19037
8.30581
8.30581
8.30581
7.36115
6.19839
6.19839
6.2716
6.2716
6.2716
6.65377
5.50075
4.38354
3.43223
3.43223
1.98556
1.98556
1.98556
1.98556
1.98556
1.98556
1.98556
3.94036
2.53542
2.53542
5.16477
4.54583
4.54583
4.54583
4.54583
2.01246
2.01246
2.01246
3.43937
3.43937
3.43937
3.43937
3.43937
3.43937
5.34139
5.34139
4.87786
4.04017
5.6943
6.31852
3.85642
3.85642
3.85642
3.85642
3.85642
1.45823
3.25506
4.7056
6.56976
5.8626
5.8626
5.8626
6.13326
6.99991
8.277
8.277
9.88067
9.88067
9.149
9.16598
9.16598
8.55745
9.33804
7.11344
7.11344
7.11344
9.40267
9.06455
6.33248
2.99931
2.99931
4.39293
4.39293
5.7009
5.1868
5.1868
5.1868
5.1868
5.1868
4.71455
4.71455
6.02786
6.02786
6.02786
6.02786
6.28207
8.51966
8.7598
8.39931
8.39931
7.53181
7.53181
7.53181
6.60778
6.02137
3.19644
3.19644
3.19644
4.40552
4.11526
1.36249
1.36249
1.36249
1.36249
1.36249
1.36249
1.36249
1.36249
1.36249
1.36249
1.36249
1.36249
1.36249
1.36249
1.36249
1.36249
2.09322
2.15877
1.55868
1.39307
4.25503
5.67957
5.67957
5.67957
5.67957
3.50553
3.50553
3.50553
3.50553
3.50553
4.66389
4.66389
4.66389
4.66389
4.66389
6.16789
6.16789
6.16789
7.02572
7.5864
9.56203
9.56203
11.6298
14.1201
16.1796
16.1796
16.1796
16.1796
15.7399
15.7399
14.5355
14.5355
13.4849
15.0434
14.3595
13.2507
13.2507
13.2507
13.2507
11.6623
9.41913
8.96037
8.7125
8.61212
8.46826
9.88347
10.354
11.4729
11.4729
9.59799
9.41197
9.41197
7.11665
7.85268
5.5301
4.65387
4.65387
2.61934
2.61934
3.35156
3.35156
3.35156
3.35156
3.35156
3.35156
5.21184
5.21184
6.67338
5.59238
5.59238
8.50936
9.86066
9.86066
8.77354
8.77354
9.36017
7.64795
7.90217
9.15859
7.0664
5.21665
7.16011
7.66643
7.66643
7.27197
6.48901
6.48901
6.48901
6.48901
8.07585
9.46702
7.16163
6.41467
5.9433
5.9433
5.9433
5.17335
5.2587
5.2587
3.2035
5.71249
5.71249
8.58329
10.1218
8.79006
8.38503
8.38503
8.38503
8.88159
10.1363
10.1363
10.1363
10.5185
9.1555
9.1555
6.7472
8.0505
8.0505
6.50076
6.50076
5.92538
