19.2218
19.2218
19.3691
19.3691
19.6051
19.2361
19.2361
20.2668
20.0943
18.9524
18.9524
18.4315
18.4315
17.9539
18.7874
18.7874
17.7616
18.8044
19.1801
19.1801
18.5569
18.0757
18.0757
18.0757
18.0757
17.7987
16.5893
16.8052
15.8519
14.8264
14.1765
14.1765
14.3169
14.3169
13.3284
12.5368
12.2386
12.2496
11.0214
10.1573
10.1573
9.15903
8.95909
8.95909
8.95909
8.95909
8.95909
8.95909
9.94759
9.94759
9.94759
9.59879
8.85075
8.24654
7.28961
7.00542
6.99963
6.61463
6.23979
6.99141
7.05242
7.05242
7.05242
6.53148
6.53148
6.56769
6.88554
7.58818
7.58818
8.80341
8.80341
8.09602
6.6099
5.66525
5.66948
5.66948
6.07654
6.07654
5.1632
3.90035
4.33662
3.57789
3.57789
3.57789
3.53294
2.74207
2.74207
1.87895
1.87895
1.07456
0.876366
0.876366
0.876366
0.876366
0.687634
0.687634
0.823633
0.86431
0.86431
0.86431
0.546332
0.546332
0.546332
0.546332
0.546332
1.15347
1.38642
1.38642
1.64243
1.64243
1.64243
0.980013
1.25496
1.46953
1.52204
1.52204
1.14656
1.14656
1.14656
1.14656
1.14656
1.14656
2.18586
2.26904
2.26904
2.26904
1.6048
1.34441
2.0554
1.56346
1.56346
1.56346
2.19893
2.37013
1.10786
1.35681
1.35681
1.31625
1.31625
1.31625
1.31625
1.31625
1.36291
1.40984
2.49807
2.50775
1.67357
1.67357
1.67357
1.67357
0.753335
1.27164
1.17963
1.06799
1.7176
1.7176
1.7176
1.37694
1.28703
0.69178
0.69178
0.69178
0.69178
0.778034
0.778034
0.778034
1.33513
1.33513
1.33513
1.27818
1.87542
1.76655
0.970958
0.970958
1.29507
0.695792
0.695792
0.695792
0.695792
0.695792
0.695792
0.974733
0.974733
1.48912
1.75255
1.98785
1.35796
1.35796
1.35796
1.35796
1.89956
1.3896
2.36058
1.57057
1.94414
1.94414
1.28321
1.24456
1.34025
1.34025
1.34025
1.34025
1.34025
1.7797
1.3364
1.3364
1.3364
1.62874
1.67289
1.50956
1.62184
1.59251
1.46261
1.46261
1.46261
0.956113
0.823365
0.823365
0.823365
0.177895
0.177895
0.177895
0.177895
0.177895
0.177895
0.177895
1.18938
1.12769
1.12769
1.12769
1.12769
0.849692
0.752047
0.752047
0.961752
1.15682
0.754576
0.754576
1.8348
1.8348
2.75689
2.75689
2.75689
2.95778
3.8232
3.64618
5.06351
4.20954
4.20954
4.10055
3.71859
3.20367
2.64545
2.64545
2.64545
2.43114
2.43114
2.38863
2.18765
2.13169
1.04626
0.696443
0.696443
0.696443
0.696443
0.696443
0.372592
0.372592
1.52642
1.76612
1.53505
1.35567
0.79212
0.844152
0.844152
0.844152
0.844152
0.844152
1.08876
1.24748
1.30163
0.510898
0.510898
0.510898
0.510898
0.510898
0.510898
0.89275
0.89275
1.13793
1.13793
0.74335
0.74335
0.74335
1.38475
1.38475
1.64683
1.66034
1.66034
1.75782
0.753778
0.753778
0.980517
1.28159
1.33159
1.33159
1.37283
0.6995
0.6995
0.6995
0.80117
1.90611
1.90611
2.14438
2.14438
2.14438
2.69811
1.77835
1.4476
1.4476
1.4476
1.4476
1.4476
0.948415
0.948415
1.73378
1.73378
2.19806
1.97131
1.97131
1.3598
0.726417
0.726417
0.726417
0.726417
1.01396
1.01396
1.01396
1.01396
0.940442
0.600708
0.600708
1.10592
1.87092
1.87092
1.87092
1.87092
1.87092
1.87092
1.87092
1.87092
1.36092
1.02655
1.02655
1.02655
1.02655
0.547206
0.547206
0.547206
0.547206
0.547206
0.300535
0.300535
0.300535
0.300535
0.827528
1.29821
1.29821
0.819358
0.401111
0.401111
0.698022
0.698022
0.698022
1.84965
1.70797
1.79326
1.79326
1.79326
1.79326
1.96435
2.42496
2.42496
2.39552
2.39552
2.89487
2.06215
2.06616
2.26158
1.91352
2.39634
2.70887
2.44632
1.7084
1.7084
1.7084
1.7084
1.7084
0.58027
0.58027
0.58027
0.58027
0.58027
0.58027
0.58027
1.71424
1.71424
1.23262
0.394725
0.394725
0.394725
0.394725
0.394725
0.394725
0.435538
0.435538
1.14501
1.14501
2.38318
2.91138
3.14652
3.14652
2.64399
2.81933
2.02124
2.02124
2.02124
1.35218
1.35218
1.35218
1.35218
2.60093
2.60093
2.60093
2.8225
2.8225
2.8225
2.79528
1.87806
1.35452
1.35344
1.46223
1.48842
1.29018
1.29018
1.29018
1.29018
1.24702
1.24702
1.88504
1.36053
0.903077
0.903077
0.814512
0.814512
1.16568
1.05333
1.05333
1.05333
1.33378
0.472441
0.472441
0.472441
0.472441
0.472441
0.557624
0.648973
0.648973
0.648973
0.788474
0.788474
0.788474
1.19181
1.91003
1.98451
1.53083
0.518369
0.518369
0.518369
0.518369
0.518369
0.518369
0.518369
0.518369
0.518369
0.518369
1.46281
1.83388
0.859671
1.36802
1.13801
1.13801
1.13801
1.13801
1.13801
1.13801
1.13801
1.13801
1.13801
1.13801
1.84193
1.84193
1.21702
1.21702
1.21702
1.27624
1.27624
1.30462
0.831257
0.409317
0.409317
0.409317
0.409317
0.409317
1.20103
1.20103
1.20103
1.20103
1.20103
1.20103
1.50506
1.50506
1.47416
1.83292
1.21722
1.22889
1.5108
1.5108
0.871089
0.871089
0.871089
1.06917
1.06917
1.06917
1.06917
1.06917
0.757385
0.757385
0.757385
0.611443
0.611443
0.611443
0.611443
0.611443
0.611443
0.611443
0.611443
0.611443
0.611443
0.611443
0.611443
1.04013
1.12744
0.996584
0.996584
0.996584
0.33382
0.33382
0.33382
0.33382
0.33382
0.562466
0.562466
0.847182
1.33634
1.33634
0.99835
0.771265
1.26267
1.56759
1.56759
1.56759
0.451614
0.74739
0.677135
0.836762
0.977832
0.977832
0.719193
1.24744
1.24744
1.14469
0.367238
1.43646
1.43646
1.80593
1.54244
1.54244
1.2924
1.60052
1.26181
1.26181
1.88433
1.88433
1.88433
2.03803
1.94227
1.49149
1.52651
1.52651
1.52651
2.13488
1.93198
1.93198
1.69751
1.69751
1.82131
1.74135
0.701552
0.701552
0.813022
0.813022
0.813022
0.566562
0.566562
0.566562
0.566562
2.27086
2.27086
2.42788
2.42788
2.06541
1.94135
2.67627
2.67627
2.67627
2.67627
3.36966
2.62642
3.04056
2.62527
2.69939
2.43422
1.84555
1.51164
1.13176
1.75046
0.785375
1.49071
1.25879
1.25879
1.25879
1.25879
1.26775
2.37262
1.17443
1.17443
1.17443
1.17443
0.364875
0.364875
0.573461
0.573461
0.573461
0.573461
0.573461
0.573461
0.573461
0.573461
0.573461
0.652566
0.652566
1.11352
2.35295
2.3469
2.3469
2.25789
2.19655
3.05729
2.23531
3.24008
3.24008
3.24008
3.69214
3.09372
3.09372
3.09372
3.49136
3.49136
3.82073
3.82073
3.82073
2.89649
2.12618
2.12618
2.29106
1.9054
1.9054
1.9054
1.26537
0.781027
0.49338
0.49338
0.49338
0.49338
1.37877
1.94173
1.94173
3.12539
3.14449
3.14449
3.19383
3.91883
3.92782
3.51044
2.26377
2.26377
3.08314
2.00345
1.09527
1.09527
1.09527
1.09527
1.09527
0.742126
0.742126
0.538547
0.538547
1.0642
0.943444
0.76185
0.76185
1.15163
1.15163
1.15163
1.41523
1.18996
1.18996
1.18996
1.73874
1.81465
1.11613
1.11613
1.09209
1.09209
1.57134
2.34128
2.34128
2.34128
3.49032
2.49711
1.13988
1.13988
1.13988
2.40641
2.40641
2.15763
2.54529
2.54529
2.54529
1.65017
1.65017
1.65017
1.34838
1.63312
1.63312
1.63312
2.16623
2.16623
2.33306
2.48918
2.48918
2.48918
2.28896
2.28896
1.76424
1.76424
1.88361
2.83728
2.36421
2.25392
2.25392
2.25392
2.25392
2.36574
2.36574
2.50314
2.6862
2.42521
3.05301
3.20665
3.20665
2.85849
2.39041
2.39041
2.39041
2.39041
2.39041
1.97191
1.86379
1.76127
1.76127
1.26389
1.26389
0.899016
0.899016
0.899016
0.899016
0.854684
0.770921
0.770921
0.770921
0.770921
0.770921
0.697313
1.09942
1.09942
1.30295
1.29359
1.2033
1.2033
1.2033
2.2682
2.25561
2.25561
2.25561
2.2481
1.60999
1.00516
0.409806
0.409806
0.297997
0.297997
0.297997
1.48254
1.48254
1.80116
1.80116
2.35025
2.35025
1.89291
1.89291
2.06542
2.09793
2.70456
2.70456
2.70456
2.79016
2.57912
2.5658
2.5658
2.33794
2.33794
2.33794
3.00237
3.41344
3.41344
1.99093
1.30263
2.32527
1.87934
2.25557
2.25557
1.61158
1.52481
1.1404
0.710129
0.730916
1.47253
1.47253
1.47253
0.501039
1.45644
1.45644
2.31569
2.31569
2.43695
2.07807
1.93692
1.93692
1.93692
2.38792
1.79055
1.40106
1.40106
1.29524
1.29524
0.453493
1.10456
1.52449
1.51162
2.3929
2.3929
2.05494
2.21579
2.16216
1.35614
0.654829
0.654829
0.654829
0.832613
1.09205
1.09205
1.09205
0.950292
0.470011
0.71714
0.71714
0.71714
0.973274
0.973274
0.513488
0.513488
0.513488
0.513488
0.513488
0.513488
0.513488
0.532074
0.532074
0.532074
1.15377
1.96966
1.96966
1.51593
1.51593
1.51593
2.37503
2.37503
2.43552
2.25623
2.25623
2.38555
2.06491
2.06491
2.08677
2.08677
2.08677
1.21356
1.21356
1.57835
0.783239
0.769468
0.792957
0.792957
1.1982
1.1982
1.1982
1.1982
1.1982
1.1982
1.36173
1.3351
1.3351
1.3351
1.3351
1.59087
1.59087
1.25959
1.25959
1.25959
1.40591
2.09279
2.09279
1.52237
1.87717
2.09343
2.09343
2.70783
2.70783
2.70783
2.70783
2.70783
2.97028
3.20669
3.4282
3.4282
3.4282
3.13394
3.13394
2.54892
2.72724
2.69415
2.69415
2.03314
2.03635
2.03635
2.03635
0.848623
0.848623
0.848623
0.618798
0.618798
0.618798
2.05364
2.05364
2.05364
2.06804
2.49772
2.21862
2.21862
3.41415
2.56539
2.56539
2.28881
2.32091
1.72564
1.72564
1.16769
1.39334
