r_min,	r_max,	g(r),	error
0,	0.0128248,	0,	0
0.0128248,	0.0256496,	0,	0
0.0256496,	0.0384745,	0,	0
0.0384745,	0.0512993,	0,	0
0.0512993,	0.0641241,	0,	0
0.0641241,	0.0769489,	0,	0
0.0769489,	0.0897737,	0,	0
0.0897737,	0.102599,	0,	0
0.102599,	0.115423,	0,	0
0.115423,	0.128248,	0,	0
0.128248,	0.141073,	0,	0
0.141073,	0.153898,	0,	0
0.153898,	0.166723,	0,	0
0.166723,	0.179547,	0,	0
0.179547,	0.192372,	0,	0
0.192372,	0.205197,	0,	0
0.205197,	0.218022,	0,	0
0.218022,	0.230847,	0,	0
0.230847,	0.243672,	0,	0
0.243672,	0.256496,	0,	0
0.256496,	0.269321,	0,	0
0.269321,	0.282146,	0,	0
0.282146,	0.294971,	0,	0
0.294971,	0.307796,	0,	0
0.307796,	0.32062,	0,	0
0.32062,	0.333445,	0,	0
0.333445,	0.34627,	0,	0
0.34627,	0.359095,	0,	0
0.359095,	0.37192,	0,	0
0.37192,	0.384745,	0,	0
0.384745,	0.397569,	0,	0
0.397569,	0.410394,	0,	0
0.410394,	0.423219,	0,	0
0.423219,	0.436044,	0,	0
0.436044,	0.448869,	0,	0
0.448869,	0.461694,	0,	0
0.461694,	0.474518,	0,	0
0.474518,	0.487343,	0,	0
0.487343,	0.500168,	0,	0
0.500168,	0.512993,	0,	0
0.512993,	0.525818,	0,	0
0.525818,	0.538642,	0,	0
0.538642,	0.551467,	0,	0
0.551467,	0.564292,	0,	0
0.564292,	0.577117,	0,	0
0.577117,	0.589942,	0,	0
0.589942,	0.602767,	0,	0
0.602767,	0.615591,	0,	0
0.615591,	0.628416,	0,	0
0.628416,	0.641241,	0,	0
0.641241,	0.654066,	0,	0
0.654066,	0.666891,	0,	0
0.666891,	0.679715,	0,	0
0.679715,	0.69254,	0,	0
0.69254,	0.705365,	0,	0
0.705365,	0.71819,	0,	0
0.71819,	0.731015,	0,	0
0.731015,	0.74384,	0,	0
0.74384,	0.756664,	0,	0
0.756664,	0.769489,	0,	0
0.769489,	0.782314,	0,	0
0.782314,	0.795139,	0,	0
0.795139,	0.807964,	0,	0
0.807964,	0.820788,	0,	0
0.820788,	0.833613,	0,	0
0.833613,	0.846438,	0,	0
0.846438,	0.859263,	0,	0
0.859263,	0.872088,	1.91662e-05,	1.91662e-05
0.872088,	0.884913,	0.000297772,	8.24697e-05
0.884913,	0.897737,	0.00207909,	0.000233223
0.897737,	0.910562,	0.0107703,	0.000602796
0.910562,	0.923387,	0.0375116,	0.000980499
0.923387,	0.936212,	0.108023,	0.00189073
0.936212,	0.949037,	0.23161,	0.00223976
0.949037,	0.961861,	0.438564,	0.00313088
0.961861,	0.974686,	0.721791,	0.00468155
0.974686,	0.987511,	1.05192,	0.00508041
0.987511,	1.00034,	1.40372,	0.0059141
1.00034,	1.01316,	1.72227,	0.00724301
1.01316,	1.02599,	2.01211,	0.0071043
1.02599,	1.03881,	2.25533,	0.00807482
1.03881,	1.05164,	2.44039,	0.00888232
1.05164,	1.06446,	2.52577,	0.00791783
1.06446,	1.07728,	2.58921,	0.00881084
1.07728,	1.09011,	2.56938,	0.00781278
1.09011,	1.10293,	2.51686,	0.00716653
1.10293,	1.11576,	2.45025,	0.00801381
1.11576,	1.12858,	2.3564,	0.00770444
1.12858,	1.14141,	2.25825,	0.00716465
1.14141,	1.15423,	2.13734,	0.00656964
1.15423,	1.16706,	2.01802,	0.00712074
1.16706,	1.17988,	1.89053,	0.00660672
1.17988,	1.19271,	1.79357,	0.00646475
1.19271,	1.20553,	1.68662,	0.00641041
1.20553,	1.21836,	1.59293,	0.00625325
1.21836,	1.23118,	1.50767,	0.00606937
1.23118,	1.24401,	1.41101,	0.00533381
1.24401,	1.25683,	1.3402,	0.00537558
1.25683,	1.26966,	1.27437,	0.00538475
1.26966,	1.28248,	1.20459,	0.00463726
1.28248,	1.29531,	1.14614,	0.00491641
1.29531,	1.30813,	1.08922,	0.00508004
1.30813,	1.32096,	1.03828,	0.00511034
1.32096,	1.33378,	0.990755,	0.00541647
1.33378,	1.34661,	0.957202,	0.00477666
1.34661,	1.35943,	0.915298,	0.00456159
1.35943,	1.37226,	0.885825,	0.00453936
1.37226,	1.38508,	0.854951,	0.00462334
1.38508,	1.39791,	0.826757,	0.00413101
1.39791,	1.41073,	0.804559,	0.00361253
1.41073,	1.42355,	0.780021,	0.00320397
1.42355,	1.43638,	0.760726,	0.00331042
1.43638,	1.4492,	0.745979,	0.00354458
1.4492,	1.46203,	0.72896,	0.00325371
1.46203,	1.47485,	0.716976,	0.00345406
1.47485,	1.48768,	0.703888,	0.00351985
1.48768,	1.5005,	0.694545,	0.00333759
1.5005,	1.51333,	0.688454,	0.00360843
1.51333,	1.52615,	0.679582,	0.00345752
1.52615,	1.53898,	0.677649,	0.00347687
1.53898,	1.5518,	0.675067,	0.00329992
1.5518,	1.56463,	0.672105,	0.00309795
1.56463,	1.57745,	0.66997,	0.00328734
1.57745,	1.59028,	0.672831,	0.00302971
1.59028,	1.6031,	0.672134,	0.00361112
1.6031,	1.61593,	0.680078,	0.00320674
1.61593,	1.62875,	0.684376,	0.00313302
1.62875,	1.64158,	0.695697,	0.00318629
1.64158,	1.6544,	0.705849,	0.00345387
1.6544,	1.66723,	0.708945,	0.00329895
1.66723,	1.68005,	0.721038,	0.00320273
1.68005,	1.69288,	0.734631,	0.00329994
1.69288,	1.7057,	0.751345,	0.00326232
1.7057,	1.71853,	0.765856,	0.0035967
1.71853,	1.73135,	0.779356,	0.00338342
1.73135,	1.74418,	0.802574,	0.00319268
1.74418,	1.757,	0.816931,	0.00362584
1.757,	1.76983,	0.835239,	0.00330142
1.76983,	1.78265,	0.854634,	0.00360503
1.78265,	1.79547,	0.873129,	0.0034617
1.79547,	1.8083,	0.884009,	0.00380597
1.8083,	1.82112,	0.90724,	0.00380853
1.82112,	1.83395,	0.928577,	0.00362261
1.83395,	1.84677,	0.946443,	0.00346674
1.84677,	1.8596,	0.972213,	0.00379704
1.8596,	1.87242,	0.98968,	0.00344409
1.87242,	1.88525,	1.00978,	0.00328073
1.88525,	1.89807,	1.02846,	0.00345305
1.89807,	1.9109,	1.04677,	0.00325339
1.9109,	1.92372,	1.06403,	0.00294039
1.92372,	1.93655,	1.08461,	0.00333198
1.93655,	1.94937,	1.10666,	0.00341697
1.94937,	1.9622,	1.12648,	0.00355338
1.9622,	1.97502,	1.13885,	0.00336962
1.97502,	1.98785,	1.1559,	0.00324995
1.98785,	2.00067,	1.16539,	0.00337637
2.00067,	2.0135,	1.18168,	0.00330551
2.0135,	2.02632,	1.19034,	0.00370998
2.02632,	2.03915,	1.19975,	0.00337376
2.03915,	2.05197,	1.20709,	0.00349809
2.05197,	2.0648,	1.21161,	0.00298721
2.0648,	2.07762,	1.21518,	0.00346123
2.07762,	2.09045,	1.21151,	0.00335748
2.09045,	2.10327,	1.21346,	0.00303544
2.10327,	2.1161,	1.21027,	0.00321418
2.1161,	2.12892,	1.20359,	0.00309887
2.12892,	2.14174,	1.198,	0.00290298
2.14174,	2.15457,	1.19097,	0.00333573
2.15457,	2.16739,	1.17565,	0.0029922
2.16739,	2.18022,	1.16364,	0.00336404
2.18022,	2.19304,	1.1515,	0.00309831
2.19304,	2.20587,	1.13906,	0.00281287
2.20587,	2.21869,	1.12706,	0.00320748
2.21869,	2.23152,	1.11251,	0.00347194
2.23152,	2.24434,	1.09707,	0.0029825
2.24434,	2.25717,	1.07945,	0.00348712
2.25717,	2.26999,	1.06265,	0.00315286
2.26999,	2.28282,	1.05227,	0.00320523
2.28282,	2.29564,	1.0419,	0.00316644
2.29564,	2.30847,	1.02386,	0.00316592
2.30847,	2.32129,	1.01176,	0.00314661
2.32129,	2.33412,	1.00012,	0.00326752
2.33412,	2.34694,	0.987823,	0.00307308
2.34694,	2.35977,	0.97818,	0.003075
2.35977,	2.37259,	0.971007,	0.00268331
2.37259,	2.38542,	0.962084,	0.00228506
2.38542,	2.39824,	0.950004,	0.00265376
2.39824,	2.41107,	0.941473,	0.00257738
2.41107,	2.42389,	0.93426,	0.00238415
2.42389,	2.43672,	0.922354,	0.00212927
2.43672,	2.44954,	0.915264,	0.00197374
2.44954,	2.46237,	0.910973,	0.00220559
2.46237,	2.47519,	0.905276,	0.00254477
2.47519,	2.48802,	0.90047,	0.00247281
2.48802,	2.50084,	0.897349,	0.00243935
2.50084,	2.51366,	0.893194,	0.00225905
2.51366,	2.52649,	0.890584,	0.00249336
2.52649,	2.53931,	0.889952,	0.0025558
2.53931,	2.55214,	0.88777,	0.00236787
2.55214,	2.56496,	0.892081,	0.00225407
