1.80689
1.81278
1.81652
1.8185
1.81953
1.82029
1.82119
1.82233
1.82359
1.82476
1.8256
1.82588
1.82542
1.82401
1.82153
1.81801
1.81375
1.80937
1.80552
1.80238
1.79944
1.79589
1.79139
1.78684
1.78457
1.78756
1.79695
1.80953
1.81921
1.82144
1.81608
1.80794
1.80418
1.80787
1.81526
1.82041
1.81965
1.81241
1.80147
1.79299
1.79263
1.79993
1.80968
1.81738
1.82102
1.82032
1.81627
1.81088
1.80643
1.80411
1.80346
1.80304
1.80171
1.79927
1.79637
1.79406
1.79328
1.79446
1.79732
1.80111
1.80492
1.80801
1.80981
1.80966
1.80647
1.79878
1.78584
1.77068
1.76182
1.76597
1.7791
1.79238
1.80133
1.80583
1.80726
1.80708
1.80631
1.8056
1.80508
1.80447
1.80321
1.80068
1.79662
1.7914
1.78608
1.78199
1.77998
1.77999
1.78184
1.78612
1.79383
1.80455
1.81595
1.82497
1.82855
1.82331
1.8065
1.78228
1.76783
1.77585
1.79639
1.81619
1.83111
1.84117
1.84678
1.84778
1.84359
1.83419
1.82147
1.80943
1.80214
1.80124
1.80598
1.81433
1.82369
1.83159
1.83665
1.83903
1.83992
1.84054
1.84148
1.84277
1.84361
1.84195
1.83549
1.8238
1.80984
1.79886
1.79432
1.79509
1.79797
1.80075
1.80222
1.80152
1.79855
1.79437
1.79063
1.78843
1.78786
1.78825
1.78864
1.78827
1.78701
1.78533
1.78385
1.78288
1.78243
1.78248
1.78301
1.78388
1.78467
1.78476
1.78378
1.78223
1.78167
1.78383
1.789
1.79546
1.80073
1.80266
1.79968
1.79091
1.77753
1.76463
1.75935
1.76382
1.77285
1.77924
1.77806
1.76933
1.76068
1.76161
1.77008
1.77674
1.78083
1.78829
1.79939
1.80878
1.81325
1.81333
1.81134
1.80988
1.8107
1.81408
1.81935
1.82563
1.83183
1.83602
1.8355
1.8282
1.81522
1.80245
1.79628
1.7972
1.80157
1.8055
1.80458
1.79414
1.77603
1.76854
1.78538
1.80945
1.82308
1.82446
1.8179
1.80906
1.80348
1.80306
1.80511
1.80628
1.80562
1.80434
1.80417
1.80601
1.80949
1.81357
1.8173
1.82015
1.82185
1.8223
1.82151
1.81965
1.81733
1.81566
1.81599
1.81904
1.8243
1.83044
1.83614
1.84069
1.84392
1.84608
1.84758
1.84889
1.85034
1.85213
1.85437
1.85717
1.86056
1.86437
1.86823
1.87176
1.8747
1.87705
1.87902
1.88093
1.88291
1.88487
1.8867
1.88852
1.89062
1.89284
1.89435
1.89415
1.89206
1.88925
1.88737
1.88721
1.88802
1.88833
1.88718
1.88467
1.88146
1.87839
1.87615
1.87531
1.87626
1.87908
1.88343
1.88864
1.89393
1.89853
1.90179
1.9032
1.9025
1.8996
1.89464
1.88801
1.8803
1.8724
1.86528
1.85979
1.8563
1.85448
1.85369
1.85357
1.8543
1.85612
1.8586
1.8607
1.86157
1.861
1.85937
1.85734
1.85543
1.85382
1.8523
1.85046
1.8479
1.8444
1.83991
1.83458
1.82875
1.82309
1.8186
1.81634
1.81689
1.81989
1.82422
1.82851
1.8316
1.83269
1.83123
1.82705
1.82051
1.81274
1.80539
1.79986
1.7965
1.79461
1.79301
1.79019
1.78439
1.77585
1.76936
1.77084
1.78005
1.79125
1.80007
1.80613
1.81082
1.81428
1.81463
1.80959
1.79818
1.78159
1.76427
1.75366
1.75515
1.76613
1.77867
1.7867
1.78847
1.78467
1.77667
1.76657
1.75815
1.75604
1.76156
1.77118
1.78042
1.78714
1.7912
1.79303
1.79282
1.7903
1.78482
1.77608
1.76539
1.75605
1.75051
1.74761
1.74626
1.74842
1.75407
1.75889
1.76004
1.75857
1.75587
1.7518
1.74801
1.74974
1.75983
1.77415
1.78694
1.79587
1.80127
1.80415
1.80535
1.80548
1.8049
1.80365
1.80124
1.79699
1.79095
1.78483
1.78105
1.77976
1.77827
1.77463
1.77062
1.77075
1.77779
1.78948
1.80078
1.808
1.81007
1.80805
1.80449
1.80232
1.80319
1.80666
1.81113
1.81521
1.8184
1.82104
1.82385
1.82724
1.83058
1.83196
1.82871
1.81838
1.80127
1.78444
1.77863
1.78456
1.79289
1.798
1.80056
1.80268
1.80524
1.80781
1.80944
1.809
1.80522
1.79709
1.78567
1.77574
1.77272
1.77656
1.78315
1.78972
1.79532
1.7994
1.80225
1.8059
1.8124
1.82131
1.83014
1.83683
1.84069
1.84177
1.83995
1.83468
1.82528
1.81292
1.80317
1.80324
1.81306
1.82543
1.83502
1.84102
1.84434
1.84559
1.84465
1.84125
1.83571
1.82813
1.81674
1.8017
1.79533
1.81075
1.83631
1.85409
1.85947
1.85513
1.84584
1.83794
1.83671
1.84169
1.84769
1.85059
1.85004
1.84779
1.84523
1.84248
1.83884
1.83359
1.82746
1.82327
1.82371
1.82793
1.83209
1.83274
1.82853
1.82072
1.81316
1.81026
1.81377
1.8216
1.82989
1.83554
1.83737
1.83567
1.83137
1.82579
1.82081
1.81835
1.81856
1.81952
1.81989
1.82028
1.82107
1.82056
1.81689
1.81138
1.80871
1.81252
1.82126
1.83034
1.83682
1.8406
1.84296
1.84489
1.84635
1.84633
1.8437
1.83821
1.83091
1.82366
1.81793
1.81394
1.81091
1.80827
1.80679
1.80872
1.81624
1.82961
1.84657
1.86347
1.87695
1.88477
1.88572
1.87943
1.86653
1.8489
1.82961
1.81301
1.80482
1.80919
1.82349
1.83933
1.8491
1.85059
1.8477
1.84762
1.85437
1.8652
1.87486
1.87999
1.87931
1.87227
1.8593
1.84412
1.83487
1.83655
1.84381
1.84839
1.84756
1.84336
1.83922
1.83736
1.83763
1.83829
1.83745
1.83426
1.829
1.82253
1.81566
1.80893
1.80302
1.79907
1.79814
1.8001
1.80327
1.80561
1.80594
1.8042
1.80101
1.79711
1.79295
1.78862
1.78401
1.77926
1.77496
1.77213
1.77161
1.77351
1.77713
1.78146
1.78553
1.78833
1.78864
1.78495
1.77591
1.76168
1.74588
1.73558
1.73565
1.74357
1.75301
1.76023
1.76558
1.77097
1.77699
1.78202
1.78359
1.78044
1.77344
1.76496
1.75719
1.75063
1.74455
1.73864
1.73546
1.74059
1.75438
1.76849
1.77592
1.77573
1.77019
1.76261
1.75644
1.75327
1.75076
1.74441
1.73435
1.73013
1.74021
1.75816
1.7729
1.78086
1.78357
1.78328
1.78138
1.77834
1.77405
1.76828
1.76126
1.7541
1.74858
1.74615
1.74669
1.74827
1.74827
1.74516
1.74011
1.73647
1.73657
1.7394
1.74267
1.74551
1.74859
1.75282
1.75834
1.76428
1.76939
1.77265
1.77349
1.77146
1.76613
1.7575
1.74634
1.73383
1.72222
1.71654
1.72114
1.73371
1.74806
1.75987
1.76789
1.7725
1.77448
1.77439
1.77264
1.76965
1.76631
1.76393
1.76372
1.76599
1.77022
1.77562
1.78141
1.78658
1.78985
1.79017
1.78726
1.78204
1.7766
1.77332
1.77346
1.77653
1.7809
1.78503
1.78823
1.79051
1.79206
1.79278
1.79216
1.7895
1.78414
1.77606
1.76684
1.75996
1.75862
1.76242
1.76807
1.7732
1.77767
1.78226
1.78736
1.79243
1.79644
1.7985
1.79836
1.79652
1.79404
1.79217
1.79186
1.79338
1.79619
1.79925
1.80144
1.80194
1.80041
1.79716
1.793
1.78893
1.78537
1.78157
1.77599
1.76729
1.75544
1.7424
1.73219
1.72935
1.73584
1.74931
1.76506
1.77924
1.79003
1.79721
1.80127
1.80296
1.80297
1.80189
1.80014
1.79799
1.79561
1.79309
1.7905
1.78792
1.78544
1.78315
1.78113
1.77927
1.77715
1.77373
1.76732
1.75663
1.74396
1.73753
1.74353
1.75656
1.76758
1.77329
1.77487
1.7744
1.77346
1.77291
1.77303
1.77379
1.77499
1.7763
1.77721
1.7771
1.77534
1.77154
1.76583
1.75915
1.7535
1.75134
1.75368
1.759
1.76532
1.77211
1.77925
1.7857
1.79014
1.79184
1.7908
1.78751
1.78306
1.77915
1.77761
1.77933
1.78374
1.78899
1.79264
1.79247
1.78753
1.77915
1.77061
1.76522
1.76619
1.77603
1.79244
1.80907
1.82149
1.82897
1.83257
1.83363
1.8332
1.83193
1.83018
1.82806
1.82562
1.82299
1.82043
1.81822
1.81657
1.81544
1.8143
1.81207
1.80776
1.80164
1.79589
1.79385
1.79815
1.80916
1.82465
1.84102
1.85532
1.86603
1.87264
1.87474
1.87147
1.86122
1.84214
1.81375
1.77958
1.74857
1.73205
1.73637
1.75655
1.78074
1.80085
1.81509
1.82452
1.83032
1.83324
1.8338
1.8325
1.82979
1.82599
1.82131
1.81579
1.80939
1.80195
1.79332
1.78377
1.77463
1.76829
1.76629
1.76787
1.77123
1.77502
1.77817
1.77961
1.77872
1.77562
1.77113
1.7667
1.76385
1.76315
1.7641
1.76608
1.76889
1.77261
1.77732
1.78299
1.78939
1.7961
1.80264
1.80852
1.8132
1.81608
1.81648
1.81379
1.80777
1.79878
1.78791
1.77682
1.76716
1.76005
1.75673
1.75933
1.76884
1.78284
1.79771
1.81138
1.82293
1.83155
1.83647
1.83705
1.83266
1.82229
1.80469
1.78014
1.75377
1.73367
1.72018
1.70816
1.70485
1.72469
1.76181
1.79748
1.82283
1.83837
1.84715
1.85172
1.85353
1.85302
1.84984
1.84303
1.83147
1.81487
1.79569
1.78007
1.77471
1.78093
1.79324
1.80458
1.81125
1.81334
1.81253
1.81022
1.80724
1.80429
1.80239
1.80249
1.80491
1.8087
1.81168
1.81115
1.80527
1.79459
1.78322
1.77731
1.78021
1.78961
1.80048
1.80919
1.8144
1.81593
1.81372
1.80775
1.79918
1.79206
1.79164
1.79849
1.80765
1.81396
1.81384
1.80187
1.76831
1.71557
1.69275
1.71941
1.74541
1.75523
1.75817
1.76361
1.77495
1.7879
1.79691
1.80009
1.79847
1.79396
1.78827
1.78255
1.77711
1.77153
1.76532
1.75926
1.75593
1.7579
1.76509
1.77482
1.7841
1.79116
1.79549
1.7972
1.79665
1.79439
1.7911
1.78756
1.78429
1.78131
1.7784
1.77572
1.7742
1.77521
1.77957
1.78676
1.79505
1.80243
1.8073
1.80866
1.80601
1.79963
1.79104
1.78325
1.77937
1.7803
1.78437
1.78911
1.79248
1.7929
1.78944
1.78243
1.77391
1.76722
1.76535
1.76931
1.77778
1.78809
1.79761
1.80461
1.80838
1.80875
1.80582
1.79983
1.79175
1.78403
1.78018
1.78191
1.78722
1.7925
1.79537
1.79516
1.79206
1.78662
1.77975
1.7727
1.76653
1.76203
1.76035
1.76287
1.7696
1.77845
1.78683
1.79304
1.79614
1.79501
1.78813
1.77526
1.76137
1.75691
1.7663
1.7817
1.79457
1.80244
1.80612
1.80689
1.80564
1.8029
1.79893
1.79382
1.78751
1.77981
1.77065
1.76075
1.7527
1.75062
1.7571
1.77006
1.78425
1.79509
1.80029
1.79969
1.79558
1.7925
1.79389
1.79798
1.80009
1.79841
1.79633
1.79917
1.80789
1.81821
1.82585
1.82918
1.8285
1.82521
1.8215
1.81925
1.81821
1.81591
1.80987
1.79995
1.78882
1.77981
1.77387
1.7696
1.76705
1.76979
1.77924
1.79066
1.79868
1.80214
1.80309
1.80405
1.80625
1.80937
1.8125
1.8151
1.81714
1.81884
1.82035
1.82168
1.82276
1.8235
1.82386
1.82374
1.82303
1.82144
1.81858
1.81399
1.80729
1.79848
1.78816
1.77743
1.76733
1.75823
1.74984
1.74223
1.73728
1.73902
1.75006
1.76756
1.78536
1.79908
1.80751
1.81112
1.81073
1.80688
1.80031
1.7929
1.78771
1.78625
1.7859
1.78238
1.77397
1.76279
1.75264
1.74597
1.74335
1.74508
1.75138
1.76067
1.76965
1.77565
1.77821
1.77864
1.7786
1.77858
1.77735
1.7722
1.75973
1.73794
1.71211
1.69847
1.70781
1.72979
1.75
1.76394
1.7729
1.77858
1.78161
1.78199
1.77974
1.77527
1.76979
1.7652
1.76338
1.76504
1.76931
1.77454
1.77939
1.78327
1.78617
1.7883
1.7898
1.79062
1.79043
1.78875
1.78506
1.77902
1.77087
1.76175
1.7542
1.75185
1.75701
1.76783
1.77952
1.78814
1.79192
1.78989
1.78019
1.75967
1.72746
1.69494
1.68703
1.71304
1.75169
1.78209
1.80009
1.80918
1.81282
1.81257
1.80796
1.79662
1.77627
1.75269
1.74478
1.75952
1.77898
1.79006
1.79263
1.79024
1.78614
1.78307
1.78299
1.78647
1.79254
1.79955
1.80617
1.81174
1.81598
1.81861
1.81933
1.81811
1.81568
1.81367
1.81381
1.81646
1.81991
1.82131
1.81797
1.80823
1.79236
1.77431
1.76176
1.76126
1.77399
1.79643
1.82113
1.84198
1.8579
1.86909
1.87451
1.87287
1.8638
1.84852
1.83068
1.81658
1.81275
1.82097
1.83601
1.85041
1.85975
1.86343
1.8631
1.86113
1.85947
1.85883
1.85867
1.85764
1.85448
1.84885
1.84202
1.83627
1.83319
1.83253
1.8327
1.8315
1.82661
1.81793
1.81016
1.80998
1.8185
1.8307
1.84149
1.84886
1.85291
1.85423
1.85286
1.84803
1.83857
1.82409
1.80686
1.79227
1.78508
1.78405
1.78353
1.78062
1.77855
1.78164
1.78827
1.79319
1.79377
1.79099
1.78718
1.78439
1.78355
1.78449
1.78636
1.78817
1.78908
1.78848
1.78592
1.78127
1.77508
1.7688
1.76457
1.76383
1.76619
1.76965
1.77209
1.77244
1.7707
1.76743
1.76337
1.75953
1.75744
1.75862
1.7632
1.76955
1.77565
1.7804
1.78367
1.78572
1.78687
1.7876
1.78837
1.78905
1.78855
1.78534
1.77831
1.76747
1.75406
1.74061
1.73109
1.7299
1.73875
1.7542
1.76971
1.78069
1.7862
1.78724
1.78514
1.78093
1.77531
1.76901
1.76298
1.7585
1.75681
1.75828
1.76202
1.76643
1.7702
1.77261
1.7735
1.77294
1.77105
1.76798
1.7638
1.75852
1.75238
1.74627
1.74185
1.74074
1.7434
1.74866
1.75401
1.75649
1.75418
1.74717
1.73812
1.73173
1.73213
1.73941
1.7495
1.75766
1.76122
1.75973
1.75392
1.74432
1.73108
1.71772
1.71481
1.72821
1.74815
1.76372
1.77257
1.77647
1.77712
1.77532
1.77116
1.76461
1.75655
1.74998
1.7489
1.75429
1.76274
1.77011
1.77438
1.77526
1.77298
1.76789
1.76071
1.75306
1.74729
1.74516
1.7466
1.74987
1.75279
1.75367
1.75212
1.74951
1.74831
1.75005
1.75402
1.75838
1.76173
1.76372
1.76473
1.76553
1.76687
1.76914
1.77221
1.77548
1.77809
1.77914
1.77788
1.77388
1.76736
1.75948
1.75227
1.74806
1.74837
1.75265
1.75811
1.7615
1.76128
1.75886
1.75773
1.76017
1.76512
1.77051
1.77578
1.78135
1.78696
1.79159
1.7941
1.79355
1.78919
1.78072
1.76967
1.76061
1.75899
1.76592
1.77746
1.789
1.79784
1.80297
1.80446
1.80314
1.80043
1.79796
1.79718
1.79881
1.80238
1.80668
1.81107
1.81585
1.82118
1.82659
1.83129
1.83429
1.83432
1.83033
1.82253
1.81355
1.80818
1.81011
1.81825
1.82782
1.83436
1.83607
1.83404
1.83121
1.83076
1.83429
1.84075
1.84702
1.84944
1.84511
1.83299
1.81528
1.79829
1.78937
1.79019
1.797
1.80738
1.82043
1.83372
1.84411
1.85008
1.85232
1.85255
1.85171
1.84913
1.8433
1.83346
1.82094
1.80975
1.80474
1.80703
1.81281
1.81725
1.81784
1.81441
1.80813
1.80091
1.79519
1.79335
1.79645
1.80313
1.81023
1.81485
1.81576
1.81332
1.8088
1.80363
1.79887
1.79507
1.79265
1.79208
1.79336
1.79581
1.7984
1.80034
1.801
1.79976
1.79608
1.79016
1.7836
1.77916
1.77893
1.78242
1.78746
1.79222
1.79601
1.79872
1.80029
1.80052
1.79926
1.79677
1.79423
1.79361
1.7964
1.80221
1.80916
1.81545
1.82013
1.82295
1.82372
1.82208
1.81737
1.80927
1.79931
1.79246
1.79437
1.80466
1.81649
1.82286
1.8199
1.80814
1.79512
1.7905
1.79345
1.79602
1.79572
1.79532
1.79706
1.80074
1.80557
1.81161
1.81896
1.82649
1.83223
1.83483
1.83445
1.83266
1.83156
1.83253
1.83541
1.83904
1.84212
1.84324
1.84054
1.83217
1.81808
1.80227
1.79174
1.79005
1.79452
1.80161
1.81071
1.82227
1.83531
1.84781
1.85815
1.86567
1.87023
1.87182
1.87026
1.86526
1.85696
1.84698
1.83892
1.83651
1.83983
1.8447
1.84646
1.84351
1.83777
1.83291
1.83106
1.83169
1.83369
1.83712
1.84271
1.85078
1.86061
1.87021
1.87724
1.88042
1.87987
1.87666
1.87219
1.86762
1.86342
1.85957
1.85635
1.85468
1.85551
1.85865
1.86231
1.86347
1.85879
1.84781
1.83892
1.84432
1.8612
1.87668
1.88542
1.88896
1.88919
1.8862
1.87923
1.86845
1.85607
1.84606
1.84229
1.84615
1.85557
1.86653
1.8755
1.88058
1.88125
1.87785
1.87124
1.86284
1.85493
1.85069
1.85281
1.86092
1.87113
1.87913
1.88261
1.88138
1.87643
1.8692
1.86099
1.85239
1.84335
1.83411
1.82589
1.82027
1.81785
1.81792
1.81925
1.82097
1.82289
1.82516
1.82767
1.82998
1.83154
1.832
1.8313
1.82962
1.8272
1.82442
1.82168
1.81944
1.81805
1.81759
1.81776
1.81785
1.81681
1.81331
1.80615
1.79542
1.78432
1.77851
1.78082
1.78857
1.79791
1.80676
1.81412
1.8193
1.8219
1.82177
1.81888
1.81346
1.80652
1.80029
1.79766
1.80014
1.80672
1.81508
1.82319
1.82951
1.83253
1.83058
1.82251
1.80974
1.79783
1.79292
1.79512
1.79976
1.80278
1.80177
1.79591
1.78861
1.78785
1.79706
1.81044
1.82195
1.83026
1.836
1.83941
1.84014
1.83774
1.83211
1.82397
1.81503
1.80745
1.80248
1.79975
1.79816
1.7971
1.79664
1.79702
1.79817
1.79969
1.80103
1.80178
1.8017
1.8007
1.79884
1.79626
1.79324
1.79018
1.78753
1.78564
1.7845
1.78375
1.78277
1.78108
1.779
1.7778
1.77893
1.78259
1.7874
1.79166
1.79441
1.7955
1.79519
1.79379
1.79156
1.78872
1.78552
1.78236
1.77979
1.7785
1.77908
1.78169
1.78593
1.79097
1.79593
1.80004
1.80266
1.80336
1.80191
1.79834
1.79328
1.78858
1.7873
1.79185
1.80139
1.81226
1.82094
1.82578
1.82696
1.82577
1.82372
1.82184
1.82035
1.81875
1.81606
1.81127
1.80401
1.79603
1.79303
1.80092
1.81722
1.83314
1.84321
1.8469
1.8457
1.84148
1.83629
1.8321
1.82937
1.82535
1.81413
1.79019
1.75632
1.73157
1.73683
1.76452
1.79007
1.80142
1.80111
1.796
1.79087
1.78755
1.78632
1.78693
1.78915
1.79268
1.79692
1.80119
1.80512
1.80852
1.81099
1.81178
1.80995
1.80474
1.79651
1.78823
1.78501
1.78915
1.79691
1.80282
1.804
1.79998
1.7914
1.77986
1.76873
1.76285
1.76568
1.7762
1.78982
1.80219
1.81121
1.81646
1.81812
1.81642
1.81156
1.80416
1.79574
1.78882
1.78581
1.78704
1.78987
1.79052
1.78661
1.77884
1.77209
1.77303
1.78225
1.79245
1.79693
1.79523
1.79251
1.7947
1.80234
1.81118
1.81799
1.82254
1.82596
1.82917
1.83255
1.836
1.83922
1.84173
1.843
1.8425
1.83987
1.83503
1.82846
1.82129
1.81512
1.81121
1.80926
1.80688
1.80074
1.78968
1.77855
1.77678
1.78804
1.80536
1.81945
1.8256
1.82356
1.81576
1.80656
1.80091
1.80125
1.80604
1.81199
1.81684
1.81985
1.8211
1.82092
1.81975
1.81796
1.81564
1.81228
1.80686
1.79866
1.78902
1.7823
1.78211
1.78626
1.78948
1.7893
1.7871
1.78586
1.78783
1.7932
1.80034
1.80722
1.81268
1.81676
1.82024
1.82397
1.82831
1.83293
1.83709
1.83991
1.84063
1.8387
1.83389
1.82662
1.81804
1.80917
1.79944
1.7872
1.77546
1.77564
1.79349
1.81811
1.8381
1.8508
1.85746
1.85952
1.85795
1.85362
1.84767
1.84168
1.83712
1.83473
1.83446
1.83597
1.83892
1.8429
1.84741
1.85204
1.85643
1.86005
1.86207
1.8613
1.8562
1.84534
1.82839
1.80783
1.78976
1.78131
1.78497
1.7955
1.80447
1.80811
1.80949
1.81416
1.82428
1.83703
1.84818
1.85542
1.85838
1.85746
1.85344
1.84766
1.84208
1.83852
1.83746
1.83778
1.83788
1.83669
1.83385
1.82945
1.82383
1.81766
1.81197
1.80791
1.80605
1.80595
1.80638
1.80614
1.80462
1.80174
1.79766
1.79247
1.78612
1.77888
1.77183
1.76647
1.76357
1.7629
1.7644
1.76826
1.77384
1.77966
1.78445
1.78768
1.78925
1.78903
1.78675
1.78208
1.77493
1.76603
1.75762
1.75313
1.75479
1.76141
1.76945
1.77602
1.77999
1.78138
1.78058
1.77806
1.77436
1.77014
1.76618
1.76325
1.76189
1.76248
1.76515
1.76967
1.77545
1.78173
1.78782
1.79301
1.79648
1.79727
1.7948
1.78992
1.78541
1.78421
1.78634
1.78899
1.78992
1.78895
1.7872
1.78582
1.78495
1.78329
1.77828
1.76713
1.75006
1.7375
1.74544
1.76994
1.79265
1.80563
1.81048
1.8105
1.80789
1.80366
1.79824
1.79232
1.78749
1.78587
1.78856
1.79447
1.80113
1.80663
1.81054
1.81366
1.81709
1.82139
1.82628
1.83102
1.83497
1.83783
1.8396
1.8404
1.84044
1.83989
1.83886
1.83725
1.83476
1.83113
1.82685
1.82359
1.8236
1.82791
1.83521
1.84293
1.84911
1.85295
1.8544
1.8539
1.85266
1.85241
1.85429
1.85766
1.86069
1.86192
1.86084
1.8576
1.85275
1.84768
1.84498
1.84609
1.84774
1.8423
1.82265
1.79171
1.77395
1.78873
1.81666
1.83771
1.85002
1.85697
1.86087
1.86283
1.86336
1.86275
1.86132
1.8595
1.8579
1.85708
1.85739
1.85884
1.86118
1.86402
1.86701
1.86983
1.87224
1.87399
1.87488
1.87467
1.87307
1.86971
1.86433
1.85765
1.85266
1.85364
1.86118
1.87011
1.87438
1.87169
1.86377
1.85458
1.8478
1.84507
1.84658
1.85239
1.8618
1.87237
1.88135
1.8872
1.88937
1.88793
1.88376
1.87886
1.87576
1.876
1.87929
1.88415
1.88917
1.89343
1.89631
1.8972
1.89548
1.89062
1.8823
1.871
1.85909
1.85127
1.85177
1.86004
1.87138
1.88168
1.88939
1.89458
1.89764
1.89871
1.89756
1.8938
1.88734
1.8789
1.87008
1.86218
1.85506
1.84784
1.84078
1.8357
1.83423
1.836
1.83903
1.84218
1.84698
1.85583
1.8685
1.88185
1.89272
1.89946
1.90154
1.89848
1.88967
1.87566
1.86007
1.84848
1.84296
1.84021
1.83674
1.83262
1.83026
1.83147
1.83585
1.84121
1.84501
1.84559
1.8428
1.83791
1.83257
1.82712
1.82016
1.81027
1.79893
1.79262
1.79814
1.81252
1.8261
1.83353
1.83509
1.83298
1.82919
1.82516
1.82177
1.81946
1.81819
1.81762
1.8173
1.81688
1.81623
1.81549
1.81502
1.81525
1.81651
1.81897
1.82258
1.82717
1.83242
1.83789
1.84299
1.84699
1.84918
1.84915
1.84702
1.84322
1.83766
1.82863
1.81318
1.79041
1.76831
1.76203
1.77404
1.79278
1.81203
1.8311
1.84768
1.85885
1.86381
1.86399
1.86203
1.86059
1.86114
1.86345
1.86617
1.8678
1.86729
1.8644
1.85965
1.85393
1.84792
1.84208
1.83683
1.83267
1.83024
1.83025
1.83312
1.83845
1.84503
1.85135
1.85632
1.85952
1.86105
1.86121
1.86016
1.85785
1.85416
1.84921
1.84361
1.83826
1.83362
1.82972
1.82799
1.83091
1.8369
1.83937
1.83312
1.81868
1.80195
1.79037
1.78716
1.79188
1.8036
1.81787
1.82834
1.83256
1.83188
1.82854
1.8241
1.81923
1.81439
1.81086
1.81079
1.81541
1.82344
1.83183
1.8379
1.84039
1.83935
1.83565
1.83062
1.82569
1.82173
1.81819
1.81314
1.80468
1.79373
1.78566
1.78629
1.79526
1.80732
1.81824
1.82655
1.83225
1.83579
1.83768
1.8384
1.83825
1.83742
1.83597
1.83387
1.83106
1.8274
1.82259
1.81604
1.80709
1.79619
1.78689
1.78536
1.79394
1.80746
1.8196
1.82822
1.83422
1.83902
1.84327
1.84681
1.84887
1.84853
1.84511
1.83851
1.82949
1.81947
1.81003
1.80225
1.7967
1.79437
1.79683
1.80428
1.81437
1.82391
1.83081
1.8341
1.83306
1.82695
1.81659
1.80697
1.80547
1.81325
1.82375
1.8314
1.83507
1.83585
1.83501
1.83338
1.8314
1.8293
1.82719
1.82519
1.82344
1.82216
1.82156
1.82178
1.82274
1.82404
1.82497
1.82475
1.8232
1.82172
1.82329
1.83004
1.84038
1.84972
1.853
1.8459
1.82775
1.80803
1.79919
1.79771
1.79936
1.80854
1.81939
1.82267
1.81934
1.81669
1.81992
1.82952
1.84183
1.85232
1.85886
1.86146
1.86103
1.85884
1.85597
1.85267
1.84819
1.84119
1.83129
1.8211
1.8151
1.8139
1.81315
1.81076
1.8104
1.81634
1.82798
1.84107
1.85161
1.85672
1.85287
1.83512
1.80453
1.78444
1.79602
1.81739
1.82798
1.83047
1.83256
1.83747
1.84407
1.85008
1.85383
1.85401
1.84914
1.83809
1.823
1.81205
1.81288
1.82204
1.83106
1.83651
1.83931
1.84101
1.84248
1.84392
1.84523
1.84632
1.84729
1.84842
1.84986
1.85136
1.85219
1.85143
1.84873
1.84493
1.84164
1.84001
1.84047
1.84335
1.84875
1.85591
1.8632
1.8687
1.87083
1.8687
1.86196
1.85084
1.83662
1.82223
1.81058
1.80132
1.79146
1.78142
1.77799
1.78709
1.80465
1.82086
1.82839
1.8217
1.79603
1.75905
1.74117
1.75387
1.77385
1.78856
1.79804
1.80359
1.80668
1.80911
1.81238
1.81688
1.82186
1.82599
1.82795
1.82671
1.82199
1.81493
1.80805
1.80311
1.79913
1.79386
1.78715
1.78273
1.78576
1.79567
1.80537
1.80913
1.80686
1.80249
1.79986
1.79929
1.79842
1.79543
1.79024
1.78395
1.77838
1.77607
1.77886
1.78524
1.79125
1.79399
1.79297
1.78921
1.78401
1.77847
1.77356
1.77045
1.77025
1.77318
1.77808
1.78302
1.78637
1.78725
1.7853
1.78048
1.77334
1.76555
1.75981
1.75804
1.75946
1.76154
1.76237
1.76161
1.75993
1.75827
1.75729
1.7571
1.75717
1.75656
1.75435
1.75003
1.74413
1.73867
1.73649
1.73909
1.74537
1.75298
1.76005
1.76547
1.76868
1.76959
1.76858
1.76648
1.76441
1.76342
1.76403
1.76582
1.7674
1.7669
1.76284
1.75504
1.74524
1.73633
1.72983
1.72486
1.72173
1.72389
1.73227
1.74259
1.7506
1.75471
1.75538
1.75519
1.75752
1.7632
1.76978
1.7746
1.7769
1.77737
1.77706
1.77683
1.77712
1.77803
1.77945
1.78118
1.78299
1.7846
1.78556
1.78507
1.78163
1.77286
1.75644
1.73476
1.72013
1.72516
1.74631
1.77048
1.78832
1.79706
1.79765
1.792
1.78206
1.77038
1.76038
1.75549
1.7572
1.76433
1.77393
1.78301
1.78964
1.79325
1.79416
1.79304
1.79067
1.78801
1.78613
1.78595
1.78772
1.79082
1.79396
1.79562
1.79431
1.78874
1.77886
1.76753
1.76027
1.76014
1.76458
1.76969
1.77395
1.7772
1.77955
1.78117
1.78237
1.78335
1.78412
1.78429
1.78313
1.78058
1.77862
1.78042
1.78709
1.79686
1.80676
1.81357
1.81492
1.81075
1.80361
1.79736
1.79466
1.79582
1.79962
1.80447
1.80924
1.8138
1.81855
1.82316
1.8266
1.82874
1.8317
1.8383
1.84893
1.86107
1.87194
1.88015
1.88533
1.88744
1.88647
1.88252
1.87593
1.86732
1.85785
1.85006
1.84782
1.85283
1.86234
1.87263
1.88256
1.89274
1.90318
1.91213
1.91705
1.91625
1.90999
1.90094
1.89357
1.89165
1.89543
1.90183
1.90707
1.90905
1.90838
1.90791
1.91089
1.91824
1.92728
1.9335
1.93281
1.92251
1.90256
1.87721
1.85414
1.84114
1.84302
1.85654
1.87219
1.88415
1.89256
1.89789
1.89851
1.8932
1.88366
1.87468
1.87127
1.87477
1.88237
1.89016
1.89578
1.89911
1.90147
1.90366
1.90447
1.90074
1.88942
1.87139
1.85405
1.84698
1.85269
1.86496
1.87601
1.88159
1.88121
1.87672
1.87123
1.86803
1.86916
1.87417
1.88087
1.88714
1.89185
1.8946
1.89508
1.89271
1.88677
1.877
1.86434
1.85091
1.83929
1.8328
1.83458
1.84282
1.85136
1.85648
1.85899
1.86119
1.86396
1.86638
1.86721
1.86583
1.86238
1.8577
1.85313
1.84994
1.84841
1.84752
1.84632
1.84563
1.84753
1.85251
1.85839
1.86286
1.86538
1.8666
1.86692
1.86599
1.86306
1.85781
1.85095
1.84458
1.84154
1.84378
1.85085
1.86055
1.87056
1.87941
1.88643
1.89133
1.89403
1.89453
1.89292
1.88943
1.88442
1.87843
1.8721
1.86617
1.86141
1.85846
1.85775
1.85934
1.86286
1.86762
1.87293
1.87826
1.88325
1.88749
1.8903
1.8908
1.88818
1.88235
1.87453
1.86696
1.86099
1.85588
1.8504
1.84485
1.84027
1.83632
1.83182
1.82705
1.82391
1.82333
1.82391
1.8238
1.82293
1.82265
1.82406
1.82715
1.83092
1.83401
1.83512
1.83329
1.82808
1.81959
1.80845
1.7959
1.7842
1.77668
1.77615
1.78244
1.79197
1.80026
1.80443
1.80347
1.79733
1.7863
1.77096
1.75283
1.73515
1.72269
1.71909
1.72364
1.73184
1.73944
1.74473
1.74802
1.75022
1.75193
1.75324
1.75385
1.75338
1.75151
1.74801
1.74277
1.73591
1.72805
1.72095
1.71744
1.71954
1.72632
1.73466
1.74181
1.74659
1.7489
1.74896
1.74695
1.74295
1.73697
1.72914
1.72047
1.714
1.71412
1.72219
1.7341
1.74456
1.75107
1.75378
1.7539
1.75282
1.75163
1.75087
1.75042
1.74993
1.7492
1.74845
1.74817
1.74887
1.75078
1.75377
1.75743
1.76127
1.76484
1.76768
1.76919
1.76845
1.76424
1.75577
1.74487
1.73762
1.73987
1.74953
1.75957
1.76588
1.76844
1.76872
1.76809
1.76738
1.76739
1.76907
1.77246
1.77599
1.77754
1.77611
1.77215
1.76718
1.76294
1.76068
1.76044
1.76107
1.76117
1.7601
1.75861
1.75862
1.76177
1.76751
1.77342
1.77724
1.77831
1.77728
1.77539
1.77378
1.77309
1.7734
1.77442
1.77554
1.77594
1.77469
1.771
1.76445
1.75519
1.74425
1.73383
1.72718
1.72712
1.73372
1.74411
1.75487
1.7639
1.77054
1.77499
1.77774
1.77926
1.7799
1.77986
1.77915
1.7777
1.77541
1.77231
1.7687
1.7652
1.76267
1.76188
1.76326
1.76675
1.77177
1.77749
1.78304
1.78779
1.79132
1.79332
1.79352
1.79159
1.78722
1.78028
1.77115
1.76127
1.75359
1.75209
1.75891
1.77163
1.78508
1.7955
1.8019
1.80496
1.80593
1.80605
1.80616
1.80659
1.80722
1.80777
1.80792
1.80729
1.8057
1.80369
1.80239
1.80243
1.80315
1.804
1.80634
1.81161
1.8178
1.82096
1.81993
1.81759
1.81806
1.82255
1.82843
1.83214
1.83196
1.82845
1.82282
1.81517
1.80463
1.79199
1.78125
1.77727
1.78125
1.78979
1.7985
1.80497
1.80899
1.81165
1.81448
1.81852
1.82363
1.82867
1.83206
1.83185
1.82508
1.80751
1.7789
1.7564
1.76211
1.78366
1.79912
1.8054
1.80707
1.80734
1.80705
1.80566
1.80208
1.79537
1.78563
1.77484
1.76704
1.76613
1.77211
1.78029
1.78597
1.78822
1.78893
1.7902
1.7927
1.79588
1.79883
1.80089
1.80158
1.80034
1.79644
1.78962
1.78161
1.77704
1.78004
1.78917
1.79885
1.80452
1.80478
1.80127
1.79798
1.79863
1.80318
1.80742
1.80704
1.80268
1.80029
1.80456
1.81383
1.82354
1.83048
1.83356
1.83374
1.83311
1.83197
1.82756
1.81822
1.80841
1.80642
1.8143
1.82414
1.82566
1.81406
1.79734
1.79595
1.81437
1.83512
1.84802
1.85386
1.85524
1.85323
1.84773
1.83861
1.82742
1.81847
1.81589
1.81857
1.82162
1.8231
1.82591
1.83312
1.84352
1.85326
1.8595
1.86125
1.85874
1.8533
1.84749
1.84406
1.84404
1.84676
1.85137
1.85736
1.86381
1.86931
1.87254
1.87276
1.86965
1.86335
1.85469
1.84549
1.83775
1.83147
1.82397
1.81314
1.80324
1.80481
1.82072
1.84069
1.85583
1.8649
1.87014
1.8739
1.87748
1.88109
1.88432
1.88662
1.88756
1.88682
1.88425
1.87987
1.87419
1.86819
1.86303
1.85939
1.85724
1.85621
1.85607
1.85682
1.85848
1.86091
1.86367
1.86621
1.86802
1.86878
1.86847
1.86728
1.86552
1.86344
1.86112
1.85839
1.85489
1.85022
1.84423
1.83728
1.83067
1.82653
1.82658
1.83036
1.83544
1.83958
1.84218
1.84406
1.84619
1.84896
1.85222
1.8556
1.85868
1.86096
1.86196
1.86124
1.85849
1.85356
1.84631
1.83647
1.8238
1.81001
1.80216
1.80871
1.82679
1.8452
1.85793
1.86521
1.869
1.87069
1.87088
1.86973
1.86727
1.86367
1.85927
1.85449
1.84981
1.84576
1.84276
1.84076
1.83962
1.83957
1.84114
1.84447
1.84915
1.85455
1.85999
1.86489
1.86891
1.87202
1.87435
1.87605
1.87717
1.8777
1.87759
1.87676
1.8751
1.87253
1.86898
1.86444
1.85903
1.85308
1.8471
1.84166
1.8372
1.83375
1.83087
1.8281
1.82577
1.82543
1.82869
1.8352
1.84243
1.84769
1.84961
1.84829
1.84484
1.84066
1.83671
1.83315
1.8296
1.82581
1.82173
1.81737
1.81275
1.80831
1.80499
1.80369
1.80447
1.80632
1.80797
1.80903
1.81013
1.81218
1.81533
1.81887
1.82193
1.8241
1.82547
1.82627
1.82665
1.82668
1.82635
1.82565
1.82452
1.82292
1.82077
1.81801
1.81484
1.8118
1.80989
1.81013
1.8128
1.8171
1.82166
1.82522
1.82698
1.82626
1.8224
1.81559
1.80859
1.80591
1.80892
1.81416
1.81843
1.82193
1.82653
1.8327
1.83844
1.84081
1.83814
1.83093
1.82131
1.8119
1.80533
1.80418
1.80986
1.82078
1.83305
1.84342
1.85051
1.85406
1.85426
1.85137
1.84553
1.83678
1.82559
1.81382
1.8049
1.80125
1.80165
1.80315
1.80466
1.80683
1.80989
1.81262
1.81329
1.81063
1.80417
1.79442
1.78327
1.77401
1.7699
1.77189
1.77784
1.78438
1.78893
1.79037
1.78858
1.78399
1.77744
1.77023
1.764
1.76018
1.75927
1.76079
1.76391
1.7679
1.77222
1.77645
1.78016
1.78297
1.7845
1.78434
1.78205
1.77733
1.7704
1.76263
1.75651
1.75424
1.75586
1.75936
1.76248
1.76407
1.76453
1.76548
1.7686
1.77424
1.78136
1.78841
1.79407
1.79733
1.7975
1.79448
1.78928
1.78434
1.78243
1.78463
1.78959
1.79487
1.79854
1.79977
1.79887
1.79694
1.79513
1.79374
1.79187
1.78798
1.78129
1.77325
1.76749
1.76677
1.77028
1.77564
1.78168
1.7884
1.7956
1.80246
1.80796
1.81143
1.8127
1.81205
1.81003
1.80737
1.80486
1.80307
1.80215
1.8017
1.80095
1.79919
1.79612
1.79211
1.78827
1.7859
1.78559
1.78681
1.7884
1.78924
1.78837
1.78488
1.77821
1.7699
1.76506
1.76864
1.77881
1.78906
1.79527
1.79717
1.79633
1.7947
1.79381
1.79433
1.79592
1.79764
1.79858
1.79841
1.79772
1.79773
1.79957
1.80343
1.80843
1.81327
1.81694
1.81897
1.81938
1.81853
1.81683
1.81435
1.81054
1.80443
1.79603
1.78821
1.78573
1.78994
1.79638
1.79943
1.79681
1.79152
1.79062
1.79783
1.80861
1.81677
1.82032
1.82037
1.81857
1.81572
1.81166
1.80576
1.79754
1.78775
1.77969
1.77787
1.78293
1.79051
1.79619
1.79857
1.79837
1.7968
1.79473
1.79247
1.78984
1.78635
1.7815
1.77501
1.767
1.7576
1.74673
1.73559
1.72943
1.73418
1.74808
1.76361
1.77511
1.78054
1.78
1.77458
1.76591
1.75609
1.74726
1.74092
1.73727
1.73525
1.73341
1.73106
1.72877
1.72799
1.72986
1.73438
1.7405
1.74681
1.7522
1.75613
1.75849
1.75942
1.759
1.75713
1.75374
1.74925
1.74523
1.74397
1.74645
1.75081
1.75389
1.75371
1.75056
1.74639
1.74323
1.74167
1.74122
1.74186
1.74452
1.74951
1.75542
1.76014
1.76262
1.76327
1.76314
1.76287
1.76248
1.76193
1.76113
1.75862
1.75232
1.74499
1.74548
1.75645
1.76983
1.77925
1.78425
1.78604
1.78534
1.78272
1.77922
1.7762
1.77475
1.77516
1.77702
1.77973
1.7828
1.78584
1.78847
1.79022
1.79061
1.78933
1.7863
1.78174
1.77588
1.76834
1.75797
1.74485
1.73392
1.73297
1.7424
1.75479
1.76475
1.77149
1.77587
1.77866
1.78028
1.78089
1.78057
1.7794
1.7776
1.77566
1.77437
1.77452
1.77656
1.78031
1.78505
1.78986
1.79394
1.79677
1.79813
1.79803
1.79676
1.79479
1.79262
1.79051
1.78844
1.78638
1.7845
1.783
1.78174
1.78015
1.77783
1.77489
1.77151
1.76784
1.76579
1.76914
1.77957
1.79396
1.80738
1.81696
1.82242
1.82475
1.82522
1.82487
1.82451
1.82464
1.82554
1.82726
1.82968
1.83259
1.8357
1.83873
1.84141
1.84354
1.84516
1.84656
1.84815
1.85008
1.85172
1.85163
1.84795
1.83908
1.82474
1.80772
1.79526
1.7948
1.80489
1.81703
1.82556
1.83028
1.83349
1.83701
1.84086
1.84354
1.84344
1.83977
1.833
1.82487
1.81798
1.8145
1.81503
1.8184
1.82283
1.82688
1.82969
1.83082
1.83001
1.82708
1.82195
1.81468
1.8057
1.79602
1.78722
1.78095
1.77805
1.77799
1.77928
1.7805
1.78115
1.78188
1.78394
1.78805
1.79366
1.79932
1.80364
1.8059
1.80587
1.80361
1.7994
1.79408
1.78953
1.78867
1.79402
1.80568
1.82105
1.83685
1.85084
1.86187
1.86924
1.87193
1.86838
1.85712
1.83986
1.82527
1.82333
1.83147
1.83916
1.84216
1.84319
1.84545
1.84859
1.85033
1.85099
1.85402
1.86151
1.87177
1.88232
1.89215
1.90121
1.90951
1.91691
1.92317
1.9279
1.93058
1.9306
1.92737
1.92049
1.9102
1.89774
1.88545
1.87599
1.87104
1.87073
1.87387
1.87822
1.88062
1.87819
1.87103
1.86466
1.86605
1.87485
1.8847
1.8914
1.89462
1.89547
1.89486
1.89302
1.88958
1.88393
1.87578
1.86552
1.85427
1.84392
1.83741
1.83789
1.84623
1.85953
1.87275
1.88173
1.88493
1.88299
1.87763
1.87064
1.86336
1.85617
1.84862
1.84015
1.83111
1.82313
1.81874
1.81993
1.82655
1.83634
1.84679
1.85636
1.86443
1.8709
1.87583
1.87939
1.88172
1.88292
1.88302
1.88203
1.87997
1.87699
1.87332
1.86913
1.86437
1.85898
1.85356
1.84968
1.84878
1.85001
1.84983
1.84464
1.83389
1.8211
1.81206
1.81064
1.81476
1.81664
1.81024
1.80329
1.81109
1.82884
1.84109
1.84279
1.8354
1.82509
1.82377
1.83595
1.8517
1.86177
1.86546
1.86647
1.86794
1.87023
1.87172
1.87109
1.8684
1.86478
1.86164
1.85994
1.85989
1.86101
1.86251
1.86368
1.8642
1.86411
1.86354
1.86238
1.86036
1.85758
1.85501
1.85383
1.85346
1.85129
1.84538
1.83715
1.83057
1.8288
1.83207
1.83816
1.84433
1.8491
1.85244
1.8548
1.85631
1.85678
1.85594
1.8536
1.84963
1.84407
1.83699
1.8283
1.81783
1.80642
1.79733
1.79478
1.79982
1.80908
1.81828
1.82532
1.83017
1.83317
1.8341
1.83287
1.83074
1.83023
1.83328
1.83944
1.84654
1.85257
1.85644
1.85749
1.85487
1.84716
1.83253
1.81094
1.78975
1.7833
1.79405
1.80817
1.81662
1.82057
1.82449
1.83128
1.84064
1.85017
1.85753
1.86159
1.8623
1.8607
1.8588
1.85883
1.86169
1.86615
1.86989
1.87089
1.86798
1.86123
1.85266
1.84605
1.84395
1.84478
1.84476
1.84207
1.83834
1.83657
1.83757
1.83934
1.84064
1.84286
1.8473
1.85316
1.85903
1.86423
1.86834
1.87073
1.8705
1.8666
1.85768
1.84199
1.81995
1.80104
1.80103
1.8207
1.84532
1.86388
1.87347
1.87484
1.86904
1.85632
1.83748
1.81806
1.8089
1.81353
1.82277
1.82879
1.83131
1.83289
1.83509
1.83761
1.83911
1.83849
1.83587
1.83291
1.83195
1.83423
1.83884
1.84345
1.8458
1.84473
1.84054
1.83505
1.83061
1.82811
1.82638
1.82425
1.82256
1.82344
1.82744
1.83245
1.83555
1.83502
1.83072
1.82368
1.81538
1.80714
1.79982
1.79454
1.7928
1.79519
1.80025
1.80548
1.80907
1.81046
1.80989
1.80787
1.8049
1.80142
1.79791
1.79493
1.79287
1.79168
1.79067
1.78879
1.78512
1.77923
1.77136
1.76223
1.75321
1.74734
1.74845
1.75633
1.76512
1.76845
1.76339
1.75098
1.73656
1.72835
1.73211
1.7463
1.76408
1.77919
1.78915
1.79434
1.79617
1.7959
1.79421
1.79109
1.78593
1.77791
1.76673
1.75385
1.74301
1.73842
1.74085
1.74616
1.74865
1.74501
1.73616
1.72808
1.72952
1.74395
1.76571
1.78714
1.8042
1.81595
1.82269
1.82504
1.82381
1.82002
1.81495
1.8097
1.80471
1.80003
1.79617
1.79398
1.79335
1.79262
1.78967
1.78426
1.7797
1.78069
1.78802
1.79823
1.80774
1.81489
1.81949
1.82197
1.82277
1.82194
1.81926
1.81471
1.80917
1.80465
1.80342
1.80577
1.80929
1.81096
1.80913
1.80341
1.79373
1.78072
1.76764
1.76064
1.76397
1.77534
1.78866
1.79923
1.8052
1.80675
1.80511
1.80204
1.79946
1.79884
1.8006
1.80443
1.80989
1.81622
1.82149
1.82268
1.81682
1.80343
1.78739
1.77681
1.77567
1.7825
1.79194
1.79716
1.79594
1.79165
1.78914
1.7903
1.7926
1.79217
1.78759
1.7808
1.77524
1.7734
1.77532
1.77906
1.78233
1.78383
1.78347
1.78167
1.77856
1.77336
1.76436
1.74983
1.73123
1.7166
1.71445
1.72143
1.72702
1.72576
1.71929
1.71365
1.71391
1.71926
1.72527
1.72909
1.73034
1.72975
1.72806
1.72574
1.72296
1.71983
1.71658
1.71381
1.71242
1.71319
1.71614
1.72048
1.72514
1.72934
1.73273
1.73527
1.73704
1.73805
1.7382
1.73713
1.73434
1.7294
1.72263
1.71584
1.71168
1.71134
1.71348
1.71616
1.71868
1.72146
1.72491
1.72893
1.73301
1.73657
1.73934
1.74137
1.74303
1.74477
1.74695
1.74975
1.75308
1.7567
1.76036
1.76384
1.76701
1.76984
1.77233
1.77448
1.77627
1.77763
1.77845
1.77861
1.77802
1.77668
1.77479
1.77269
1.77085
1.7697
1.76946
1.77005
1.77109
1.77207
1.7725
1.77217
1.77131
1.77073
1.77157
1.77472
1.78005
1.78644
1.79243
1.79699
1.79987
1.80155
1.803
1.80515
1.80832
1.81201
1.81502
1.81593
1.81347
1.80699
1.79741
1.78825
1.78434
1.78738
1.79443
1.80188
1.80814
1.81279
1.8151
1.81434
1.81139
1.80948
1.81158
1.81667
1.82085
1.82135
1.81789
1.81173
1.80493
1.80001
1.79912
1.80285
1.80979
1.8172
1.8219
1.82092
1.81234
1.79738
1.78211
1.7726
1.76756
1.76295
1.75984
1.76165
1.76846
1.77714
1.78446
1.78891
1.79049
1.78986
1.78764
1.78418
1.7798
1.77499
1.7705
1.7671
1.76531
1.7651
1.76599
1.76734
1.76874
1.77019
1.77209
1.77492
1.77892
1.78396
1.78966
1.79554
1.80118
1.80622
1.81026
1.81278
1.81312
1.81055
1.80471
1.79614
1.78637
1.77718
1.76965
1.76463
1.76334
1.76639
1.77273
1.7805
1.78841
1.7958
1.80189
1.80593
1.80773
1.80793
1.80781
1.8089
1.81205
1.81669
1.82135
1.82493
1.8271
1.82797
1.82771
1.82643
1.82419
1.82109
1.81725
1.81302
1.80905
1.8063
1.8055
1.80652
1.80825
1.80946
1.8097
1.80934
1.80879
1.80787
1.80665
1.80704
1.81131
1.81859
1.82569
1.83072
1.83365
1.83477
1.83405
1.83181
1.8295
1.82865
1.82888
1.82796
1.82412
1.81781
1.81161
1.80865
1.81064
1.81699
1.82564
1.83452
1.84198
1.84661
1.84692
1.84129
1.82854
1.80952
1.78956
1.77795
1.78135
1.79729
1.81694
1.83302
1.84311
1.84792
1.84903
1.84782
1.84528
1.84207
1.83872
1.83581
1.83404
1.83395
1.83557
1.83821
1.84059
1.84121
1.83882
1.83306
1.82481
1.81506
1.80277
1.78713
1.7762
1.78445
1.81112
1.84077
1.86316
1.87586
1.87896
1.87293
1.85933
1.84318
1.8336
1.83753
1.85214
1.86884
1.88204
1.89083
1.89633
1.89947
1.89992
1.89591
1.88513
1.86728
1.84785
1.83742
1.84231
1.85776
1.87408
1.88505
1.88954
1.88947
1.88778
1.88711
1.88888
1.89297
1.89804
1.90221
1.90376
1.90165
1.89632
1.89004
1.88584
1.88502
1.8867
1.88984
1.89399
1.89775
1.89809
1.89224
1.88019
1.8657
1.85369
1.84653
1.84523
1.84974
1.85409
1.85173
1.84436
1.83857
1.83764
1.8405
1.84558
1.85209
1.85926
1.86608
1.87162
1.87543
1.87751
1.87813
1.87756
1.87599
1.87362
1.87069
1.86756
1.8645
1.86137
1.85731
1.85067
1.83973
1.8243
1.80804
1.79759
1.7964
1.80168
1.80921
1.81676
1.82357
1.8295
1.83457
1.83847
1.84005
1.83739
1.82881
1.81576
1.80575
1.8068
1.81627
1.82517
1.82914
1.82891
1.82655
1.82361
1.82067
1.81745
1.81323
1.80741
1.80038
1.79394
1.79059
1.79162
1.79615
1.80229
1.8085
1.81397
1.81838
1.82167
1.82393
1.82528
1.82582
1.82541
1.82346
1.819
1.81205
1.80593
1.80674
1.81653
1.83002
1.84117
1.84782
1.85026
1.84917
1.84471
1.83662
1.82514
1.81261
1.80397
1.80294
1.80809
1.81549
1.82295
1.83009
1.83688
1.843
1.84807
1.8518
1.85407
1.85497
1.85469
1.8535
1.85155
1.84889
1.84531
1.84045
1.83377
1.82464
1.81268
1.79943
1.79094
1.7954
1.81257
1.83245
1.84669
1.85346
1.85453
1.85248
1.84943
1.84677
1.84509
1.84451
1.84515
1.84717
1.85049
1.85445
1.85806
1.86047
1.86126
1.86029
1.85756
1.85314
1.84726
1.84034
1.83299
1.82598
1.82015
1.81623
1.81458
1.81475
1.81552
1.81551
1.81434
1.81333
1.81476
1.81978
1.82704
1.83392
1.8385
1.8403
1.83973
1.83752
1.83426
1.83034
1.82589
1.82085
1.81518
1.80906
1.80314
1.79843
1.79589
1.79585
1.79784
1.80095
1.80445
1.80802
1.81159
1.81504
1.8179
1.81946
1.8188
1.81508
1.80795
1.79812
1.78757
1.77897
1.77481
1.77681
1.78478
1.79607
1.80707
1.81522
1.81965
1.82085
1.82019
1.81942
1.81984
1.82158
1.82376
1.8254
1.82605
1.82602
1.82611
1.82725
1.83006
1.83445
1.83961
1.84414
1.84651
1.84544
1.84075
1.83419
1.82945
1.82979
1.83483
1.84059
1.84297
1.84074
1.83573
1.83084
1.82754
1.82544
1.82344
1.82086
1.81815
1.81708
1.81985
1.82722
1.83754
1.84799
1.85631
1.86138
1.86297
1.86131
1.85707
1.85135
1.84564
1.84129
1.83889
1.83807
1.83818
1.83888
1.8401
1.84168
1.84286
1.84215
1.83748
1.82699
1.81103
1.79451
1.78536
1.78831
1.80174
1.8202
1.83805
1.85209
1.86179
1.86797
1.87157
1.87297
1.87169
1.86629
1.85502
1.83869
1.82454
1.82162
1.82887
1.83865
1.84725
1.85385
1.85786
1.85963
1.86088
1.86328
1.86699
1.87073
1.87296
1.87296
1.87085
1.86683
1.85958
1.84411
1.81291
1.77177
1.76278
1.80276
1.84532
1.86591
1.86731
1.85767
1.84721
1.84467
1.84978
1.85626
1.86056
1.86304
1.86498
1.86673
1.86772
1.8673
1.86526
1.86197
1.85824
1.85504
1.85319
1.85303
1.85443
1.85698
1.86034
1.86425
1.86858
1.87316
1.87782
1.88245
1.88688
1.89067
1.89277
1.8911
1.88265
1.86611
1.84883
1.84528
1.85521
1.86314
1.86127
1.85299
1.84615
1.84699
1.85497
1.86463
1.87208
1.87735
1.88187
1.88616
1.88983
1.8925
1.89416
1.89497
1.89504
1.89427
1.89245
1.88938
1.88505
1.87948
1.87256
1.86392
1.8533
1.841
1.82813
1.81861
1.81908
1.83065
1.8463
1.85955
1.86834
1.87347
1.87733
1.88196
1.88711
1.89079
1.89123
1.88823
1.88336
1.87933
1.87826
1.8801
1.88293
1.88475
1.88477
1.88361
1.8828
1.88371
1.88618
1.88782
1.88507
1.87626
1.86486
1.85867
1.86065
1.86518
1.86995
1.87916
1.89128
1.8991
1.89903
1.89196
1.87996
1.86466
1.84799
1.83489
1.83265
1.84286
1.859
1.87477
1.88806
1.89876
1.90686
1.91222
1.91482
1.91485
1.91271
1.90876
1.90315
1.8958
1.88675
1.87709
1.86926
1.86543
1.86515
1.86567
1.86405
1.85866
1.85011
1.84102
1.83442
1.83278
1.83803
1.84922
1.86137
1.86939
1.8718
1.87064
1.86893
1.8679
1.86617
1.86178
1.85418
1.8446
1.83516
1.82801
1.82471
1.82574
1.83054
1.83786
1.84602
1.85345
1.85909
1.86238
1.86295
1.86054
1.85517
1.84777
1.84054
1.83617
1.83553
1.83676
1.83701
1.83469
1.82998
1.8244
1.81993
1.81805
1.8192
1.8228
1.82771
1.83269
1.83684
1.83977
1.8415
1.84226
1.84234
1.842
1.84141
1.84062
1.83946
1.83751
1.83443
1.83055
1.82728
1.82613
1.82701
1.828
1.82686
1.82222
1.8152
1.81092
1.81483
1.82584
1.83778
1.84596
1.8489
1.84698
1.84157
1.83462
1.82792
1.8226
1.81978
1.82157
1.82966
1.84286
1.85765
1.87101
1.88178
1.89008
1.89637
1.90108
1.90451
1.90687
1.90828
1.90882
1.90865
1.90813
1.90792
1.90883
1.9114
1.91556
1.92056
1.92539
1.92917
1.93141
1.93206
1.93121
1.92887
1.92497
1.91948
1.91255
1.90584
1.90462
1.91308
1.92628
1.93571
1.93848
1.93693
1.93436
1.93223
1.93032
1.92834
1.92668
1.92572
1.92522
1.92436
1.92273
1.92178
1.9244
1.93124
1.93918
1.94511
1.94869
1.95116
1.9532
1.95449
1.95456
1.95341
1.95159
1.94978
1.9484
1.94741
1.94641
1.94496
1.94286
1.9402
1.93693
1.93244
1.92539
1.91525
1.90527
1.90222
1.90819
1.91726
1.92327
1.92403
1.92054
1.91668
1.91758
1.92455
1.93397
1.94205
1.94786
1.95224
1.9553
1.95483
1.94763
1.93487
1.92573
1.92673
1.93107
1.93113
1.92862
1.92938
1.93454
1.93895
1.93783
1.92971
1.9155
1.9009
1.89641
1.90667
1.92441
1.94046
1.95128
1.95709
1.95828
1.95392
1.94219
1.92249
1.89908
1.88156
1.87732
1.88537
1.90031
1.9161
1.92744
1.93143
1.92779
1.91779
1.90372
1.88904
1.87782
1.87283
1.87407
1.87956
1.88704
1.89456
1.90007
1.90046
1.89086
1.86768
1.84253
1.8438
1.8696
1.89283
1.90515
1.9106
1.91305
1.91415
1.9144
1.91386
1.91249
1.9102
1.90689
1.90254
1.89738
1.89199
1.88714
1.8834
1.88091
1.87951
1.87896
1.87899
1.87927
1.87961
1.88002
1.88065
1.8815
1.88232
1.88253
1.88126
1.87735
1.86975
1.8592
1.85068
1.85111
1.8608
1.87267
1.88061
1.88263
1.87846
1.86804
1.85222
1.83524
1.82529
1.82814
1.84097
1.85667
1.87012
1.87901
1.88269
1.88128
1.87445
1.85945
1.8345
1.81622
1.83143
1.8648
1.88848
1.89903
1.90198
1.90109
1.89742
1.89035
1.87873
1.86328
1.84907
1.84206
1.84094
1.84022
1.83995
1.84435
1.85397
1.86513
1.87471
1.88209
1.88798
1.89306
1.89737
1.90039
1.90131
1.89931
1.8937
1.88404
1.87047
1.85405
1.83704
1.82294
1.81576
1.81797
1.82781
1.83972
1.84827
1.85167
1.85241
1.85414
1.85776
1.86148
1.86373
1.86432
1.86375
1.86245
1.86043
1.85742
1.85325
1.84842
1.84432
1.84227
1.84207
1.84193
1.83984
1.83491
1.82759
1.81911
1.81053
1.80207
1.79357
1.78562
1.77978
1.77769
1.7804
1.78854
1.80154
1.8165
1.82967
1.83865
1.84266
1.84146
1.83497
1.82351
1.80855
1.79292
1.78038
1.77416
1.77513
1.78125
1.7895
1.79786
1.80593
1.81395
1.82177
1.8286
1.83365
1.83645
1.83685
1.83486
1.83082
1.82538
1.81944
1.81358
1.80779
1.80169
1.79528
1.78941
1.78542
1.78424
1.786
1.79076
1.79864
1.8088
1.81919
1.82773
1.83337
1.83592
1.83558
1.83249
1.8267
1.8187
1.81008
1.8035
1.80066
1.80083
1.80239
1.80506
1.80929
1.81451
1.81907
1.82153
1.82137
1.81881
1.81445
1.80896
1.80305
1.79741
1.7927
1.78943
1.78789
1.78805
1.78961
1.79199
1.79455
1.79693
1.79924
1.80196
1.80548
1.80963
1.81378
1.81712
1.81893
1.81855
1.81528
1.80829
1.79686
1.78143
1.76543
1.75608
1.7608
1.77886
1.80026
1.81655
1.82587
1.82956
1.82889
1.82435
1.8161
1.80458
1.79125
1.77989
1.77681
1.78497
1.79865
1.81016
1.81699
1.82086
1.82435
1.82865
1.83314
1.83647
1.8379
1.8378
1.83683
1.83452
1.82872
1.81815
1.80734
1.80629
1.81887
1.83679
1.85016
1.85575
1.85525
1.85155
1.84686
1.84235
1.83875
1.83756
1.84116
1.85012
1.86136
1.87105
1.87745
1.88061
1.88108
1.87954
1.87699
1.87439
1.87196
1.86912
1.86529
1.86057
1.8553
1.84919
1.84165
1.83371
1.8295
1.83215
1.83876
1.84329
1.8425
1.83777
1.83364
1.8334
1.83576
1.83701
1.83562
1.83488
1.83967
1.84936
1.85797
1.86067
1.85684
1.84889
1.84037
1.8342
1.83151
1.83171
1.83364
1.83641
1.83957
1.84291
1.84614
1.84879
1.85031
1.85034
1.84886
1.84609
1.84227
1.83749
1.83165
1.8245
1.81622
1.80865
1.80492
1.80649
1.81169
1.81814
1.82491
1.83218
1.83999
1.84759
1.85387
1.85804
1.85981
1.85926
1.85675
1.85301
1.84921
1.84658
1.84573
1.84627
1.84731
1.8482
1.8488
1.8493
1.84977
1.84996
1.84917
1.84627
1.84014
1.83146
1.82469
1.82459
1.82914
1.83174
1.82891
1.82177
1.81298
1.8046
1.79785
1.79371
1.79304
1.79597
1.80156
1.80805
1.81374
1.81758
1.81919
1.81855
1.81578
1.81103
1.80453
1.79665
1.78792
1.77919
1.77224
1.76978
1.77333
1.78075
1.78769
1.79072
1.78834
1.7811
1.77216
1.7668
1.76815
1.77431
1.78155
1.78773
1.79218
1.7947
1.79524
1.79386
1.79065
1.78587
1.78024
1.77518
1.77253
1.77345
1.7773
1.78185
1.78489
1.78571
1.7854
1.78623
1.79012
1.79714
1.80526
1.81148
1.81276
1.80585
1.78844
1.7658
1.75394
1.75717
1.75894
1.75283
1.75189
1.76452
1.78067
1.78948
1.7886
1.77986
1.76632
1.75136
1.73866
1.73498
1.74513
1.76182
1.77418
1.77792
1.77357
1.76365
1.75221
1.74459
1.7457
1.75578
1.76971
1.78205
1.79061
1.79553
1.79748
1.79668
1.79279
1.78555
1.77634
1.76938
1.76927
1.77569
1.78386
1.78985
1.7924
1.79138
1.78644
1.77735
1.76606
1.75849
1.76078
1.77183
1.78458
1.79336
1.7959
1.79213
1.7838
1.775
1.77052
1.77221
1.7782
1.78583
1.79344
1.79982
1.80404
1.80596
1.806
1.80445
1.80134
1.79677
1.79105
1.78474
1.77873
1.7741
1.77156
1.77102
1.77186
1.7734
1.77515
1.77653
1.77619
1.77173
1.76082
1.74496
1.73409
1.73971
1.75806
1.77628
1.78831
1.79457
1.7967
1.79565
1.7918
1.7859
1.77953
1.77449
1.77143
1.76951
1.76761
1.76553
1.76385
1.76314
1.76376
1.76625
1.77097
1.77721
1.78332
1.78785
1.7903
1.79102
1.79077
1.79028
1.78994
1.78967
1.78896
1.78694
1.78247
1.77452
1.76365
1.75434
1.75361
1.76283
1.77557
1.78581
1.79198
1.7948
1.79492
1.79207
1.78536
1.77506
1.76539
1.7634
1.77052
1.78033
1.78664
1.78749
1.78347
1.77642
1.76953
1.76613
1.76713
1.77109
1.77728
1.78636
1.79771
1.80839
1.81468
1.81327
1.80199
1.78249
1.76458
1.76185
1.77566
1.7941
1.80768
1.81497
1.81832
1.82006
1.82113
1.82121
1.81946
1.81605
1.81342
1.81519
1.82205
1.83064
1.83725
1.84043
1.84067
1.83925
1.83752
1.8363
1.83538
1.83374
1.83043
1.82561
1.8208
1.81786
1.8176
1.81963
1.8234
1.8285
1.83396
1.83773
1.83731
1.83096
1.81909
1.80639
1.80195
1.81022
1.82413
1.83463
1.83872
1.83765
1.8338
1.82939
1.82578
1.82329
1.82146
1.81959
1.81709
1.81362
1.80916
1.80415
1.79937
1.79559
1.79308
1.79138
1.78955
1.7869
1.78363
1.78084
1.77972
1.78054
1.78251
1.78444
1.78551
1.78558
1.78499
1.78429
1.78394
1.78419
1.78502
1.78624
1.78759
1.78881
1.78977
1.79045
1.791
1.79163
1.79244
1.79316
1.79312
1.79151
1.78791
1.78253
1.77598
1.76885
1.76233
1.75937
1.76319
1.7723
1.77952
1.77778
1.76667
1.75494
1.75355
1.76331
1.77707
1.78967
1.79949
1.80637
1.81072
1.81322
1.81463
1.81552
1.81607
1.816
1.81456
1.81081
1.80433
1.79677
1.79239
1.7948
1.80245
1.81037
1.81499
1.81542
1.81232
1.80713
1.80164
1.7974
1.79525
1.7954
1.7978
1.80203
1.80674
1.80898
1.80308
1.78131
1.74808
1.74093
1.77351
1.80609
1.82169
1.82596
1.82504
1.82188
1.81766
1.81292
1.80819
1.80414
1.80145
1.80051
1.80132
1.80361
1.80691
1.81044
1.81317
1.81403
1.81218
1.80735
1.80063
1.79497
1.79364
1.79701
1.80216
1.8061
1.80794
1.80845
1.80884
1.80995
1.81195
1.81455
1.81736
1.82007
1.82249
1.82443
1.82568
1.82601
1.82525
1.82334
1.82036
1.81649
1.81184
1.80687
1.80358
1.80539
1.81343
1.82407
1.8324
1.83592
1.8344
1.82868
1.82034
1.81192
1.80646
1.80542
1.80709
1.80835
1.8079
1.80685
1.80684
1.80841
1.81108
1.81404
1.8167
1.81883
1.82042
1.82159
1.82244
1.82302
1.82326
1.82284
1.82127
1.81803
1.81303
1.80705
1.80177
1.79874
1.798
1.79799
1.79692
1.79412
1.79026
1.78623
1.78191
1.77698
1.77334
1.77454
1.78109
1.7893
1.79548
1.79843
1.79865
1.79709
1.79471
1.79229
1.79047
1.78958
1.78965
1.7904
1.79146
1.79242
1.79293
1.7927
1.79147
1.78903
1.78535
1.7807
1.77569
1.77092
1.7667
1.76346
1.76217
1.76362
1.76708
1.77069
1.77299
1.77378
1.77372
1.77354
1.77362
1.77391
1.7741
1.77392
1.7732
1.7719
1.77016
1.76815
1.76602
1.76382
1.7615
1.75906
1.75659
1.75439
1.75298
1.75297
1.75465
1.75779
1.76167
1.76556
1.76901
1.7719
1.77426
1.77612
1.7773
1.77724
1.77472
1.7678
1.75451
1.73581
1.719
1.71268
1.71663
1.72478
1.73188
1.73371
1.72821
1.71866
1.71565
1.7265
1.74398
1.75846
1.76834
1.77569
1.7815
1.78487
1.78401
1.77758
1.76737
1.76081
1.76494
1.77657
1.78724
1.79309
1.79474
1.7939
1.79175
1.78897
1.78609
1.78377
1.78271
1.78362
1.78703
1.7929
1.80051
1.80898
1.81781
1.82673
1.83534
1.84305
1.84914
1.8529
1.85359
1.85062
1.8439
1.83473
1.82616
1.82177
1.82324
1.82932
1.8372
1.84436
1.84959
1.85283
1.85465
1.85591
1.85769
1.86072
1.86452
1.86739
1.86708
1.86162
1.8504
1.83635
1.82682
1.82737
1.83505
1.8432
1.84837
1.85071
1.85172
1.85262
1.85317
1.852
1.84838
1.84322
1.83825
1.83502
1.83445
1.83688
1.84192
1.84849
1.85528
1.86116
1.86538
1.86751
1.86726
1.86436
1.8586
1.84997
1.83904
1.82729
1.81708
1.81089
1.81005
1.81393
1.82048
1.82743
1.83334
1.83769
1.84056
1.8422
1.84273
1.84215
1.84031
1.83709
1.83246
1.82662
1.82013
1.81408
1.81018
1.81004
1.81386
1.82005
1.82649
1.83174
1.835
1.83547
1.83208
1.82384
1.81125
1.79787
1.78884
1.7866
1.7902
1.79835
1.80987
1.82291
1.83535
1.84569
1.85337
1.85855
1.86165
1.86302
1.86287
1.86127
1.85837
1.85457
1.8507
1.84776
1.84621
1.8453
1.84333
1.83888
1.83221
1.82584
1.8228
1.82377
1.82661
1.82881
1.82929
1.82814
1.8257
1.82217
1.81802
1.8146
1.81361
1.81574
1.81988
1.82397
1.82641
1.82665
1.82503
1.8223
1.81926
1.81658
1.81474
1.81397
1.81421
1.81507
1.81581
1.81546
1.81298
1.80762
1.7998
1.79238
1.78987
1.7943
1.80284
1.81127
1.81745
1.82112
1.82246
1.82128
1.81642
1.8056
1.78619
1.75934
1.73671
1.73467
1.75263
1.77335
1.78431
1.78422
1.77851
1.77446
1.77601
1.78145
1.78718
1.79144
1.79422
1.7958
1.79619
1.79545
1.79426
1.79393
1.79541
1.79839
1.80144
1.80305
1.80233
1.7991
1.79387
1.788
1.78365
1.7828
1.78577
1.79061
1.79453
1.79585
1.79496
1.79384
1.79473
1.79857
1.80472
1.81184
1.81874
1.82449
1.82832
1.82956
1.82778
1.823
1.81566
1.80677
1.79808
1.79235
1.79475
1.80986
1.83303
1.85388
1.86662
1.87102
1.86891
1.86251
1.85475
1.84989
1.85138
1.85797
1.86472
1.86782
1.86641
1.86172
1.8557
1.84956
1.84328
1.83718
1.83369
1.83551
1.8417
1.8484
1.8535
1.8583
1.86495
1.87318
1.88044
1.88451
1.885
1.883
1.88023
1.87845
1.8789
1.88189
1.88666
1.89187
1.89636
1.89956
1.90144
1.9023
1.90264
1.90309
1.90425
1.90633
1.90888
1.91088
1.91123
1.90925
1.90498
1.8992
1.8932
1.88813
1.88441
1.88161
1.87897
1.87601
1.87263
1.86922
1.86658
1.86576
1.86743
1.87145
1.87705
1.88305
1.88797
1.89066
1.8908
1.88886
1.88544
1.8806
1.87421
1.86683
1.86035
1.85715
1.85854
1.86376
1.87035
1.87525
1.87599
1.87182
1.86502
1.8609
1.86379
1.87219
1.88075
1.88526
1.88373
1.87549
1.86102
1.84328
1.82833
1.82237
1.82719
1.83973
1.85498
1.86876
1.87886
1.88482
1.8871
1.88651
1.88394
1.88025
1.87628
1.87275
1.87019
1.86882
1.86857
1.86917
1.87029
1.87162
1.87293
1.87397
1.87452
1.87434
1.87321
1.87092
1.86725
1.86197
1.85477
1.84533
1.83371
1.82103
1.80992
1.80333
1.80275
1.80823
1.81908
1.83294
1.84602
1.85502
1.85811
1.85437
1.84307
1.82363
1.79661
1.76642
1.74428
1.74229
1.75995
1.78531
1.80742
1.82181
1.82905
1.83152
1.8314
1.83008
1.82825
1.82614
1.82369
1.82071
1.8169
1.81208
1.80635
1.8005
1.79586
1.7933
1.79218
1.79139
1.79121
1.79281
1.79559
1.79631
1.79149
1.78116
1.77049
1.76603
1.76924
1.77678
1.78697
1.80074
1.816
1.82749
1.83187
1.82929
1.82214
1.81375
1.80762
1.80631
1.81055
1.81895
1.82877
1.83729
1.84265
1.84372
1.83961
1.83002
1.81631
1.80169
1.78776
1.77221
1.75442
1.74105
1.74068
1.75369
1.77221
1.78862
1.80036
1.80803
1.81219
1.813
1.8113
1.80894
1.80789
1.80891
1.8114
1.81425
1.81673
1.81862
1.82005
1.82133
1.82283
1.82489
1.82748
1.83013
1.83205
1.8327
1.83226
1.83167
1.83162
1.83192
1.83218
1.83288
1.83482
1.83781
1.8408
1.84235
1.83996
1.83008
1.81179
1.79261
1.78388
1.786
1.79318
1.80494
1.82119
1.83729
1.84816
1.85192
1.84943
1.84388
1.84051
1.84237
1.84754
1.8529
1.85581
1.8533
1.84382
1.82978
1.81796
1.81431
1.81691
1.81938
1.81919
1.81847
1.81959
1.82242
1.82534
1.8271
1.82717
1.82526
1.82111
1.81493
1.80767
1.80089
1.79611
1.79389
1.79351
1.79325
1.79116
1.78594
1.77807
1.77055
1.76726
1.76901
1.77282
1.7756
1.77645
1.77594
1.77493
1.77392
1.77285
1.77135
1.76883
1.76484
1.75926
1.75264
1.74614
1.74127
1.73946
1.74171
1.7478
1.756
1.76415
1.77091
1.77594
1.77944
1.7818
1.78334
1.78432
1.78489
1.78507
1.78474
1.7836
1.78119
1.77688
1.77007
1.76058
1.74913
1.73739
1.72774
1.72302
1.72539
1.73426
1.74656
1.75922
1.77063
1.78044
1.78875
1.79546
1.80018
1.8025
1.80207
1.79884
1.79328
1.78672
1.7808
1.77582
1.7699
1.76208
1.75748
1.76388
1.77937
1.79432
1.80351
1.80789
1.81059
1.81411
1.81917
1.82484
1.82945
1.83166
1.83104
1.82828
1.82471
1.82124
1.81733
1.81122
1.8013
1.78758
1.77277
1.76311
1.7675
1.78866
1.8157
1.83609
1.84666
1.85025
1.85053
1.84976
1.84822
1.84471
1.83768
1.82722
1.81698
1.81236
1.8143
1.81846
1.82122
1.82221
1.82246
1.82271
1.8231
1.8233
1.82259
1.82024
1.816
1.81053
1.80529
1.80204
1.80196
1.80501
1.81
1.81519
1.81881
1.81928
1.81512
1.80522
1.79027
1.77476
1.76536
1.76463
1.76944
1.77591
1.78165
1.78541
1.78682
1.78626
1.78438
1.7819
1.77938
1.77716
1.77525
1.77339
1.7711
1.76795
1.76369
1.75833
1.7522
1.74582
1.73981
1.73471
1.73091
1.72874
1.72842
1.72998
1.73314
1.73732
1.74183
1.74598
1.74906
1.75033
1.74887
1.74361
1.73367
1.71962
1.70526
1.69725
1.69988
1.71046
1.72262
1.73206
1.73781
1.74067
1.74178
1.74201
1.74195
1.7419
1.74203
1.74242
1.74308
1.744
1.74515
1.74644
1.74771
1.74862
1.74869
1.74748
1.7453
1.74379
1.74531
1.75045
1.75681
1.76096
1.76095
1.75703
1.75138
1.74707
1.74616
1.74803
1.74983
1.74878
1.74527
1.74449
1.75171
1.76507
1.77808
1.78688
1.79139
1.79305
1.79333
1.79316
1.7929
1.79246
1.79163
1.79013
1.78759
1.78379
1.77939
1.77641
1.77716
1.78199
1.78873
1.79472
1.79856
1.80035
1.80095
1.80107
1.80097
1.80067
1.80023
1.79972
1.79903
1.79775
1.79525
1.79103
1.78509
1.77802
1.77071
1.76416
1.7598
1.75955
1.76416
1.77178
1.7792
1.78408
1.7857
1.78456
1.78202
1.77984
1.77948
1.78144
1.78501
1.78875
1.79099
1.79023
1.78532
1.7764
1.76645
1.761
1.76278
1.76832
1.77263
1.77372
1.77214
1.7692
1.76605
1.76337
1.76138
1.75993
1.75888
1.75844
1.75945
1.76295
1.76911
1.77671
1.78402
1.78985
1.79374
1.79563
1.79546
1.79302
1.78804
1.78054
1.77129
1.76215
1.75578
1.75467
1.75997
1.77084
1.7849
1.79908
1.81064
1.81756
1.8186
1.81322
1.80203
1.78776
1.77545
1.7704
1.77464
1.78532
1.79747
1.80817
1.8175
1.82592
1.83285
1.83759
1.83948
1.8374
1.83022
1.81771
1.80235
1.79147
1.79339
1.80709
1.82363
1.83681
1.84558
1.8511
1.85479
1.85776
1.86064
1.86361
1.86647
1.86889
1.87058
1.87133
1.87092
1.86896
1.86482
1.85779
1.84807
1.83828
1.83318
1.83485
1.83962
1.84254
1.84193
1.83935
1.83756
1.83854
1.84198
1.84508
1.84404
1.83666
1.82519
1.81561
1.81132
1.81197
1.81828
1.82929
1.83998
1.84616
1.8472
1.84444
1.83952
1.83382
1.82844
1.82417
1.8214
1.82004
1.81964
1.81967
1.81957
1.81867
1.81583
1.80922
1.79682
1.77978
1.7677
1.77179
1.78712
1.80027
1.80591
1.80556
1.80191
1.79667
1.7904
1.78335
1.77666
1.77232
1.77161
1.77415
1.77913
1.78586
1.7933
1.80004
1.80496
1.80768
1.80842
1.80775
1.80629
1.80451
1.80274
1.80107
1.79943
1.79777
1.79626
1.79507
1.79403
1.79253
1.79017
1.78763
1.78651
1.78778
1.79106
1.79612
1.80325
1.81181
1.82007
1.82664
1.83108
1.83353
1.8341
1.83265
1.82883
1.82229
1.81304
1.80192
1.79077
1.78194
1.77692
1.77528
1.77523
1.77525
1.77568
1.77822
1.78328
1.78871
1.79165
1.79071
1.78659
1.78179
1.77951
1.78153
1.78676
1.79235
1.79592
1.79633
1.79312
1.78605
1.7758
1.76577
1.76192
1.76711
1.77724
1.78641
1.79193
1.79375
1.79274
1.78989
1.78624
1.78294
1.78089
1.78034
1.78093
1.78218
1.7837
1.78503
1.78554
1.78452
1.78129
1.77513
1.76522
1.75043
1.73046
1.71193
1.71077
1.73032
1.75369
1.769
1.77538
1.77515
1.77074
1.7645
1.75878
1.75626
1.75937
1.76775
1.7777
1.78555
1.79005
1.79172
1.79166
1.79076
1.78945
1.78782
1.78593
1.78413
1.78291
1.78217
1.78038
1.77446
1.76167
1.74445
1.73452
1.74297
1.76465
1.78664
1.80267
1.81299
1.81973
1.82429
1.8269
1.82725
1.82562
1.82335
1.82218
1.82334
1.82726
1.83367
1.84129
1.84793
1.85134
1.85006
1.84371
1.83337
1.8227
1.81737
1.81998
1.8263
1.83016
1.82944
1.82626
1.82438
1.82671
1.83378
1.84378
1.85393
1.86211
1.86747
1.86992
1.86905
1.8638
1.85316
1.83792
1.82249
1.814
1.81663
1.82685
1.83757
1.84466
1.84803
1.84947
1.85051
1.85143
1.85138
1.84963
1.84673
1.84444
1.84382
1.84368
1.8417
1.83697
1.83093
1.82544
1.82057
1.81553
1.81141
1.81142
1.81761
1.82814
1.8387
1.84576
1.84771
1.8442
1.83526
1.82101
1.80242
1.78283
1.76894
1.76669
1.77433
1.78479
1.79337
1.79886
1.80153
1.80248
1.80304
1.80389
1.80479
1.80505
1.80419
1.80197
1.79809
1.7922
1.78446
1.77624
1.77032
1.76931
1.7731
1.77877
1.78384
1.78798
1.79177
1.79523
1.79768
1.7982
1.79635
1.7927
1.78912
1.78761
1.78866
1.79145
1.79518
1.79894
1.80081
1.79838
1.79064
1.78012
1.77243
1.77162
1.7767
1.78385
1.78988
1.7933
1.79387
1.79175
1.78667
1.7774
1.76301
1.74665
1.73761
1.74233
1.75556
1.76919
1.78007
1.78775
1.79167
1.79092
1.78479
1.77372
1.7605
1.75032
1.7473
1.75083
1.75725
1.76355
1.7683
1.77094
1.77122
1.76901
1.76426
1.75707
1.74833
1.74032
1.73601
1.7366
1.74032
1.74462
1.7485
1.75232
1.75638
1.76029
1.76332
1.76488
1.76465
1.76254
1.75861
1.75316
1.74685
1.74083
1.7365
1.7349
1.73609
1.73922
1.7431
1.7467
1.74919
1.74959
1.74666
1.73913
1.72681
1.71203
1.6994
1.69322
1.69553
1.70522
1.7176
1.72717
1.73115
1.7302
1.72781
1.72851
1.7341
1.74187
1.74795
1.75051
1.74976
1.74678
1.74287
1.73921
1.73655
1.73494
1.73387
1.73267
1.73093
1.7287
1.72629
1.72408
1.72228
1.72092
1.71997
1.71945
1.71931
1.71952
1.72023
1.72191
1.72492
1.72901
1.73335
1.73696
1.73919
1.73985
1.73911
1.73722
1.73445
1.73112
1.7278
1.72505
1.72326
1.72301
1.72542
1.73102
1.73843
1.74524
1.74976
1.75157
1.75106
1.74903
1.74646
1.74439
1.74354
1.74403
1.74534
1.7467
1.74753
1.74774
1.7478
1.74859
1.75097
1.75509
1.76012
1.76456
1.76683
1.76582
1.76108
1.75321
1.74411
1.73692
1.73466
1.73833
1.74639
1.75614
1.76529
1.77254
1.77727
1.77911
1.77773
1.77276
1.76434
1.75395
1.74497
1.74154
1.74559
1.75523
1.76647
1.77605
1.78262
1.78627
1.78749
1.78661
1.78381
1.77947
1.77471
1.77124
1.77055
1.7728
1.77681
1.78105
1.78432
1.78575
1.78461
1.78029
1.77296
1.76467
1.75974
1.7618
1.76981
1.77939
1.78715
1.79213
1.79464
1.79529
1.79456
1.7928
1.79028
1.7871
1.78302
1.77699
1.76692
1.75001
1.72521
1.69872
1.68585
1.69766
1.72692
1.75704
1.77843
1.79061
1.79632
1.79786
1.79646
1.79257
1.78667
1.77996
1.77423
1.77017
1.7663
1.76062
1.75315
1.74637
1.74371
1.74726
1.75612
1.76628
1.77196
1.76828
1.75461
1.737
1.72527
1.72337
1.72761
1.73505
1.74553
1.75808
1.77039
1.78074
1.7887
1.79457
1.79878
1.80158
1.80302
1.80295
1.80106
1.79687
1.78978
1.77945
1.76659
1.75409
1.74657
1.74663
1.75183
1.75756
1.76174
1.76568
1.7715
1.77939
1.78755
1.79401
1.79774
1.79857
1.79668
1.79226
1.78556
1.77708
1.76842
1.76349
1.76636
1.7755
1.78488
1.79083
1.79364
1.7949
1.79557
1.79573
1.79493
1.7926
1.78815
1.78124
1.77254
1.76457
1.76085
1.76257
1.76793
1.77522
1.78346
1.79102
1.7963
1.79912
1.80041
1.8012
1.80181
1.80196
1.80108
1.79875
1.79483
1.78942
1.78287
1.7762
1.7711
1.76863
1.76779
1.7675
1.77017
1.77833
1.78757
1.79114
1.78914
1.7884
1.79426
1.80497
1.81522
1.82155
1.82334
1.82221
1.82119
1.82224
1.82381
1.82178
1.81223
1.79351
1.76725
1.73943
1.72121
1.72382
1.74855
1.78524
1.81984
1.84362
1.85539
1.85748
1.85256
1.84311
1.83184
1.82164
1.81429
1.80961
1.80657
1.80493
1.80526
1.80776
1.81159
1.81541
1.81823
1.81956
1.81937
1.81788
1.8156
1.81331
1.81186
1.81171
1.81272
1.81433
1.81595
1.8172
1.81792
1.81803
1.81749
1.81631
1.81447
1.8119
1.80852
1.80453
1.80101
1.79979
1.80227
1.80806
1.81541
1.82252
1.82803
1.83115
1.83169
1.83007
1.82729
1.82452
1.8227
1.82242
1.82385
1.82676
1.83038
1.83367
1.8358
1.83669
1.83717
1.83843
1.84065
1.84198
1.83944
1.83237
1.82665
1.83103
1.84479
1.85885
1.86761
1.87092
1.8708
1.86957
1.86895
1.86943
1.87076
1.87284
1.87586
1.87966
1.8836
1.88696
1.8894
1.89101
1.89216
1.8935
1.89568
1.89823
1.89813
1.88852
1.85816
1.80239
1.76135
1.77577
1.80919
1.84009
1.86502
1.88235
1.8942
1.90239
1.90729
1.90895
1.90792
1.90522
1.90203
1.89926
1.89735
1.89612
1.89483
1.8925
1.88832
1.88219
1.87495
1.86775
1.86079
1.85334
1.84532
1.83852
1.83547
1.83695
1.84105
1.84493
1.84727
1.84906
1.85221
1.85751
1.864
1.86975
1.87309
1.87307
1.86952
1.86311
1.85526
1.8475
1.84102
1.83713
1.83701
1.83922
1.83938
1.83394
1.8242
1.81737
1.8204
1.83167
1.84422
1.85338
1.85798
1.85861
1.8564
1.85263
1.84861
1.84545
1.84371
1.84312
1.84269
1.8413
1.83835
1.83416
1.82941
1.82389
1.81561
1.80316
1.79117
1.78929
1.79839
1.80962
1.8184
1.82608
1.8335
1.83902
1.8405
1.83716
1.83011
1.82184
1.815
1.81078
1.80817
1.80522
1.80093
1.79639
1.79401
1.79533
1.79952
1.80457
1.80899
1.81241
1.81502
1.81717
1.81908
1.82077
1.82207
1.82258
1.82168
1.81842
1.81168
1.80054
1.78561
1.7711
1.76429
1.76869
1.78017
1.79303
1.80447
1.81316
1.81814
1.81908
1.81643
1.81125
1.80485
1.79857
1.79338
1.78936
1.7857
1.78254
1.78231
1.7866
1.79316
1.79871
1.8024
1.80535
1.80864
1.81246
1.81633
1.81969
1.82221
1.82372
1.82406
1.82293
1.81986
1.81432
1.80604
1.79541
1.78376
1.77275
1.763
1.7529
1.74061
1.72899
1.72313
1.72271
1.72902
1.74538
1.76463
1.77746
1.78338
1.78712
1.79249
1.79977
1.80675
1.81135
1.81282
1.81139
1.8078
1.80311
1.79876
1.79628
1.79646
1.79889
1.80231
1.80555
1.80796
1.80939
1.80991
1.80961
1.80848
1.80645
1.80358
1.80026
1.79711
1.79437
1.79139
1.78697
1.78098
1.77586
1.77576
1.78232
1.79239
1.80133
1.80649
1.80725
1.80404
1.79804
1.79103
1.78455
1.77921
1.77529
1.77333
1.77345
1.77463
1.77567
1.77681
1.77996
1.7867
1.79623
1.80586
1.81306
1.81638
1.81516
1.80919
1.79925
1.78853
1.78221
1.78334
1.78992
1.79812
1.80578
1.81222
1.81711
1.82007
1.82072
1.81881
1.81447
1.80869
1.80375
1.80237
1.80538
1.81044
1.81377
1.81266
1.80703
1.79995
1.79568
1.79605
1.79965
1.80412
1.80689
1.80491
1.79571
1.78006
1.76414
1.75624
1.75945
1.77085
1.78561
1.79977
1.81133
1.82022
1.82729
1.83339
1.83896
1.84406
1.84855
1.85227
1.85495
1.85625
1.85561
1.85244
1.84642
1.83821
1.82972
1.82317
1.8193
1.81617
1.81004
1.79945
1.79013
1.79121
1.80314
1.81879
1.83297
1.84393
1.85148
1.85636
1.85979
1.86265
1.86473
1.86483
1.86141
1.85356
1.84222
1.831
1.82434
1.8227
1.82178
1.81847
1.81476
1.81418
1.81651
1.8183
1.81691
1.81227
1.80656
1.80286
1.80305
1.80642
1.81065
1.81345
1.81336
1.81016
1.80591
1.80503
1.81016
1.81853
1.82525
1.82794
1.82684
1.82294
1.81699
1.80971
1.80215
1.79566
1.79116
1.78864
1.787
1.78476
1.78196
1.78113
1.78446
1.79054
1.796
1.79916
1.80043
1.80063
1.80015
1.79922
1.79812
1.79692
1.79531
1.79265
1.78806
1.78069
1.77005
1.75682
1.7437
1.73547
1.73675
1.74664
1.75765
1.76239
1.75875
1.75082
1.7473
1.75381
1.76672
1.77931
1.78847
1.79416
1.79724
1.79847
1.79844
1.79762
1.79642
1.79508
1.79363
1.79189
1.78965
1.78689
1.78399
1.78165
1.78066
1.78134
1.78318
1.78489
1.7851
1.7832
1.77999
1.77706
1.77523
1.774
1.77287
1.77249
1.77393
1.77743
1.78235
1.78783
1.79337
1.7987
1.80352
1.80728
1.80937
1.80918
1.80621
1.80002
1.7903
1.77738
1.76352
1.75335
1.7511
1.75687
1.76696
1.77732
1.78527
1.78918
1.78783
1.7809
1.77034
1.76089
1.75711
1.75919
1.76347
1.76647
1.76734
1.76752
1.76891
1.77226
1.77695
1.78179
1.78589
1.78896
1.79114
1.79279
1.79424
1.79572
1.79729
1.79882
1.79997
1.80019
1.79865
1.79446
1.78694
1.77657
1.76575
1.75831
1.75622
1.75706
1.75607
1.75074
1.74468
1.74818
1.76655
1.79038
1.80857
1.81778
1.81769
1.80759
1.79266
1.79047
1.80876
1.83126
1.84514
1.84958
1.84713
1.84017
1.83082
1.82031
1.80823
1.79414
1.78077
1.77516
1.78251
1.79737
1.80972
1.81625
1.81986
1.82392
1.8293
1.83487
1.83918
1.84112
1.83994
1.83537
1.82783
1.81884
1.81093
1.80672
1.807
1.80957
1.81056
1.80692
1.79811
1.78675
1.77796
1.77602
1.78102
1.78953
1.79792
1.80428
1.80811
1.80962
1.80929
1.80753
1.80467
1.80097
1.79665
1.79198
1.78728
1.78295
1.77941
1.77698
1.77584
1.77596
1.77714
1.7791
1.78154
1.78424
1.78701
1.78973
1.79229
1.79458
1.79648
1.79786
1.79855
1.79834
1.7968
1.79302
1.78534
1.77239
1.75692
1.74905
1.75639
1.77232
1.78658
1.79572
1.80038
1.80161
1.80011
1.79684
1.79348
1.79165
1.79133
1.79047
1.7869
1.78098
1.77637
1.77725
1.78396
1.79275
1.79953
1.80218
1.80043
1.79554
1.79025
1.78776
1.78978
1.79562
1.80295
1.80919
1.81227
1.81113
1.80599
1.79761
1.78536
1.76978
1.7625
1.77598
1.79808
1.8109
1.81084
1.80267
1.79347
1.78889
1.78928
1.79079
1.79026
1.78758
1.78438
1.78165
1.77866
1.77449
1.76974
1.76654
1.76682
1.77084
1.77712
1.78336
1.78764
1.78907
1.78779
1.78472
1.78132
1.77909
1.77894
1.78077
1.78369
1.78665
1.78896
1.79035
1.79082
1.7905
1.78946
1.78768
1.78509
1.78164
1.77754
1.77336
1.76992
1.7677
1.76635
1.76473
1.76186
1.75775
1.75359
1.75067
1.74896
1.74681
1.74243
1.73587
1.72981
1.7278
1.73098
1.73673
1.7411
1.74251
1.74299
1.74553
1.75049
1.75542
1.75786
1.75704
1.7535
1.74857
1.74388
1.74082
1.73988
1.74026
1.7404
1.73892
1.73572
1.73252
1.73186
1.73494
1.74037
1.74576
1.74966
1.75194
1.75323
1.7542
1.75523
1.75631
1.75734
1.75831
1.75938
1.76075
1.76235
1.76382
1.76462
1.76423
1.76256
1.76037
1.75927
1.7608
1.76481
1.76929
1.77182
1.77069
1.7652
1.75576
1.7447
1.73637
1.73462
1.73919
1.74613
1.7516
1.75387
1.75295
1.74953
1.74441
1.73868
1.73395
1.73177
1.73251
1.73499
1.7376
1.73953
1.74102
1.74282
1.74546
1.74902
1.75311
1.75715
1.7607
1.76353
1.76571
1.76745
1.76891
1.76988
1.76958
1.76686
1.76063
1.75074
1.73898
1.72908
1.72372
1.72078
1.71707
1.71702
1.7282
1.7484
1.76855
1.78306
1.79144
1.79504
1.79482
1.79058
1.78057
1.76237
1.73849
1.72363
1.73037
1.74853
1.76436
1.77584
1.78548
1.79466
1.80333
1.81098
1.81738
1.82275
1.82775
1.83307
1.83894
1.84476
1.84911
1.84979
1.84357
1.82581
1.79337
1.75522
1.73338
1.72857
1.72346
1.72142
1.73666
1.76742
1.79864
1.81982
1.82965
1.83142
1.82896
1.82482
1.81964
1.81247
1.80177
1.78725
1.77325
1.76871
1.77727
1.79186
1.80456
1.81279
1.81695
1.81789
1.81627
1.81257
1.80728
1.80124
1.79589
1.7931
1.79417
1.79886
1.80561
1.81263
1.81865
1.8228
1.82437
1.82252
1.81652
1.80656
1.79541
1.78846
1.78948
1.79636
1.80424
1.81076
1.81637
1.82157
1.82559
1.82703
1.82484
1.81883
1.80983
1.79954
1.7899
1.78282
1.77936
1.77685
1.7695
1.75577
1.74389
1.74565
1.76196
1.78202
1.79761
1.80804
1.8154
1.82112
1.82551
1.82845
1.82984
1.82978
1.82842
1.82592
1.8224
1.81791
1.81222
1.80478
1.79534
1.78604
1.78196
1.78583
1.79333
1.79804
1.79751
1.79374
1.79067
1.7906
1.79167
1.78964
1.78171
1.76933
1.75912
1.75794
1.7653
1.77539
1.78404
1.79001
1.79324
1.79414
1.79339
1.79179
1.78984
1.78746
1.78427
1.78019
1.77603
1.77304
1.77184
1.77189
1.77214
1.77201
1.77158
1.7713
1.77171
1.77326
1.77622
1.7804
1.78498
1.78882
1.79132
1.79289
1.79463
1.79753
1.80185
1.80694
1.81171
1.81514
1.81659
1.81583
1.81296
1.80846
1.80342
1.79968
1.79897
1.80138
1.80513
1.80823
1.81
1.81106
1.81255
1.81526
1.81911
1.82309
1.82542
1.82363
1.81435
1.79369
1.76181
1.73202
1.72279
1.7327
1.75142
1.77289
1.79064
1.80112
1.80532
1.80596
1.80525
1.80432
1.80339
1.80222
1.80045
1.79766
1.79338
1.78699
1.77804
1.76706
1.7565
1.75017
1.75002
1.75425
1.75959
1.76382
1.76605
1.76615
1.7645
1.76197
1.75989
1.75955
1.76163
1.76578
1.77075
1.77508
1.77803
1.77999
1.7822
1.78563
1.78999
1.794
1.79656
1.79756
1.7979
1.79912
1.80254
1.8085
1.81597
1.82334
1.82916
1.83247
1.83232
1.82756
1.8177
1.80577
1.79914
1.80228
1.81125
1.82036
1.8277
1.83378
1.83948
1.84534
1.85145
1.85752
1.863
1.86718
1.86907
1.86728
1.86011
1.84621
1.82653
1.80654
1.79467
1.79518
1.80401
1.81331
1.81821
1.81885
1.81819
1.81867
1.82045
1.82235
1.82355
1.82417
1.8247
1.82533
1.82536
1.82229
1.81076
1.78456
1.7519
1.74713
1.77487
1.80071
1.81247
1.81556
1.8155
1.81503
1.81504
1.81537
1.8151
1.81251
1.80517
1.79044
1.76788
1.74352
1.73012
1.73567
1.75309
1.76874
1.77452
1.76937
1.75651
1.74277
1.73734
1.74445
1.75813
1.77013
1.7771
1.77954
1.77903
1.77685
1.77391
1.77099
1.76885
1.76799
1.76828
1.76901
1.7693
1.76849
1.76638
1.76331
1.76024
1.75852
1.75905
1.76156
1.76471
1.76699
1.76736
1.76532
1.76077
1.75401
1.74593
1.73839
1.73394
1.73453
1.73989
1.74763
1.75476
1.75903
1.75939
1.75646
1.75269
1.75072
1.75093
1.752
1.75382
1.75709
1.7609
1.76285
1.76112
1.75538
1.74765
1.74285
1.7452
1.75296
1.76112
1.76747
1.77291
1.77847
1.78356
1.78638
1.78511
1.77939
1.77209
1.76891
1.77237
1.77787
1.77925
1.77449
1.76586
1.75746
1.7526
1.75273
1.75823
1.76835
1.78091
1.79325
1.80355
1.81116
1.81612
1.81848
1.81759
1.81147
1.79692
1.77388
1.75548
1.75979
1.77888
1.79294
1.7963
1.79201
1.78384
1.77459
1.76617
1.75957
1.75475
1.75101
1.74791
1.74611
1.74701
1.7515
1.75877
1.76668
1.77307
1.77682
1.77782
1.77658
1.77378
1.77007
1.76594
1.76175
1.75767
1.75367
1.74954
1.745
1.73998
1.7348
1.73025
1.72724
1.72623
1.72682
1.72792
1.7283
1.72709
1.72413
1.71998
1.71581
1.71294
1.71224
1.71361
1.71621
1.71896
1.72108
1.72223
1.72233
1.72148
1.71977
1.71733
1.71433
1.71119
1.70859
1.70732
1.70782
1.7098
1.71233
1.71432
1.71477
1.71266
1.70662
1.69541
1.68094
1.67225
1.67871
1.69578
1.71191
1.72209
1.72713
1.72908
1.72946
1.72914
1.72852
1.72768
1.72653
1.72503
1.72336
1.72216
1.72227
1.72405
1.72692
1.72971
1.73145
1.7318
1.73103
1.72981
1.72902
1.72963
1.73243
1.73769
1.74475
1.75209
1.75772
1.75969
1.75654
1.7482
1.7372
1.72899
1.72856
1.73567
1.74548
1.75344
1.75786
1.75858
1.75522
1.74787
1.73814
1.72749
1.71593
1.70554
1.70198
1.70968
1.72666
1.74538
1.75936
1.76695
1.76958
1.7693
1.76767
1.76563
1.76362
1.76173
1.75982
1.75753
1.75433
1.74968
1.74336
1.73612
1.73
1.72728
1.72853
1.73212
1.73567
1.73731
1.73603
1.73168
1.72526
1.71974
1.71981
1.72773
1.74048
1.75334
1.764
1.77226
1.77848
1.78277
1.78488
1.78459
1.78211
1.77853
1.77567
1.7748
1.77516
1.77468
1.77203
1.76705
1.75935
1.74929
1.74177
1.74507
1.7608
1.78083
1.79711
1.80737
1.81306
1.81625
1.818
1.81769
1.81315
1.80232
1.78756
1.77862
1.78263
1.79396
1.80456
1.81208
1.81682
1.81931
1.82025
1.82044
1.82062
1.82126
1.82233
1.82307
1.82208
1.81769
1.80854
1.79484
1.78048
1.77322
1.77874
1.79456
1.81321
1.82874
1.83907
1.84472
1.84698
1.84702
1.84576
1.84397
1.84235
1.84122
1.83993
1.83638
1.82774
1.81332
1.79906
1.79588
1.80598
1.81825
1.8212
1.81078
1.79146
1.77575
1.77543
1.79028
1.81082
1.8278
1.83625
1.83534
1.82721
1.81763
1.8155
1.82412
1.83631
1.84435
1.84627
1.84341
1.83762
1.83039
1.82293
1.81629
1.81138
1.80869
1.80808
1.80861
1.80859
1.80574
1.79848
1.78829
1.7808
1.78174
1.79045
1.80058
1.80683
1.80824
1.80659
1.80359
1.79967
1.7945
1.78788
1.7801
1.77174
1.76382
1.75793
1.75552
1.75609
1.7571
1.75694
1.7574
1.76153
1.76916
1.77692
1.78208
1.78409
1.78363
1.78166
1.77896
1.77613
1.77363
1.77179
1.77075
1.77051
1.77088
1.77158
1.7723
1.7728
1.77294
1.77264
1.77191
1.77077
1.76918
1.76702
1.76416
1.76055
1.75632
1.75165
1.74697
1.7433
1.74205
1.7434
1.74563
1.74726
1.74871
1.75107
1.75439
1.75766
1.75988
1.76078
1.76067
1.76015
1.75991
1.76065
1.76261
1.76491
1.76499
1.75801
1.73767
1.70506
1.68407
1.69505
1.71997
1.74109
1.75444
1.75856
1.75279
1.73837
1.72077
1.70969
1.71081
1.72011
1.73152
1.74241
1.75174
1.75777
1.75806
1.75132
1.74115
1.73649
1.74117
1.74767
1.7478
1.74028
1.72901
1.72005
1.71928
1.72931
1.74646
1.76363
1.77639
1.78357
1.78484
1.77963
1.76855
1.75655
1.75198
1.75715
1.76513
1.76937
1.76861
1.76457
1.75959
1.75537
1.75263
1.75158
1.75264
1.75605
1.76065
1.76351
1.76134
1.75285
1.7412
1.73314
1.73239
1.7362
1.74086
1.74557
1.75088
1.75678
1.76246
1.76702
1.76997
1.77129
1.77113
1.76959
1.76662
1.76203
1.75585
1.74884
1.7426
1.73835
1.73495
1.72911
1.71921
1.70952
1.70721
1.71181
1.71527
1.71289
1.70713
1.70462
1.7109
1.7253
1.74186
1.75541
1.76422
1.76851
1.76876
1.76508
1.75757
1.74751
1.73879
1.7364
1.74152
1.74984
1.75601
1.75714
1.75298
1.74541
1.7378
1.73376
1.73489
1.73981
1.74566
1.75041
1.75373
1.75612
1.75805
1.75949
1.76002
1.75921
1.75721
1.75498
1.7534
1.75166
1.74774
1.74195
1.73928
1.74426
1.75437
1.76374
1.76955
1.77212
1.7725
1.77117
1.76794
1.76234
1.75428
1.74451
1.73456
1.72622
1.72102
1.72082
1.72712
1.73896
1.75291
1.76521
1.7735
1.77709
1.77651
1.77305
1.76855
1.76493
1.76334
1.76343
1.76371
1.76268
1.75981
1.75586
1.75244
1.75072
1.74993
1.74822
1.74529
1.74289
1.74232
1.74256
1.74169
1.739
1.73534
1.73234
1.73149
1.73335
1.73745
1.74271
1.74806
1.75288
1.7569
1.7601
1.76253
1.76422
1.76515
1.76523
1.76425
1.76195
1.7581
1.75261
1.7457
1.73808
1.73083
1.72523
1.72239
1.72281
1.726
1.73062
1.73497
1.73769
1.73849
1.73809
1.73809
1.74099
1.74865
1.75949
1.76938
1.77531
1.77644
1.77291
1.76488
1.75238
1.73631
1.72036
1.71138
1.71352
1.72271
1.73205
1.73846
1.74241
1.74528
1.74789
1.75038
1.75252
1.75407
1.75492
1.75508
1.75462
1.75367
1.75238
1.75095
1.74963
1.74871
1.74843
1.7489
1.74995
1.75108
1.7515
1.75042
1.74751
1.74366
1.74114
1.74217
1.74681
1.75301
1.7587
1.76305
1.76617
1.76837
1.7699
1.77087
1.77133
1.77139
1.77125
1.77111
1.7712
1.77159
1.77223
1.77287
1.77309
1.77229
1.76982
1.76522
1.7589
1.75247
1.74815
1.74724
1.74945
1.75332
1.75682
1.75811
1.75662
1.75371
1.75183
1.75248
1.75507
1.75796
1.76026
1.76217
1.76428
1.76694
1.76999
1.77305
1.77574
1.7779
1.7795
1.78059
1.78116
1.78111
1.78014
1.77779
1.7735
1.7672
1.7603
1.7563
1.75862
1.767
1.77762
1.78672
1.79237
1.79386
1.79096
1.78397
1.77416
1.76386
1.75544
1.74975
1.7463
1.74508
1.74731
1.75353
1.76171
1.7677
1.7675
1.75966
1.7481
1.74282
1.7509
1.7671
1.78214
1.79227
1.79805
1.801
1.80229
1.80256
1.8021
1.80097
1.79925
1.79701
1.79438
1.79129
1.78748
1.78287
1.7782
1.77506
1.77474
1.77726
1.78184
1.78793
1.79511
1.80259
1.80935
1.81468
1.81851
1.82118
1.82317
1.82479
1.826
1.82639
1.82522
1.82171
1.81591
1.80967
1.80599
1.80615
1.80845
1.81065
1.81238
1.81485
1.81933
1.82586
1.833
1.83877
1.84159
1.84059
1.8356
1.82767
1.81977
1.81574
1.81665
1.81938
1.81977
1.8161
1.81036
1.80717
1.80944
1.81525
1.8209
1.82457
1.82641
1.82716
1.8273
1.82691
1.82588
1.82408
1.82159
1.81873
1.81608
1.81431
1.81391
1.81495
1.81704
1.81946
1.82137
1.82201
1.82076
1.81719
1.81116
1.80325
1.79518
1.78954
1.78833
1.79187
1.79968
1.8111
1.8244
1.83696
1.84655
1.85218
1.85357
1.85084
1.84462
1.83672
1.83039
1.8289
1.83316
1.84121
1.85027
1.85854
1.86547
1.87117
1.87576
1.87897
1.88007
1.87801
1.87198
1.86193
1.84887
1.83439
1.82016
1.80854
1.80281
1.80431
1.81015
1.81678
1.82467
1.83577
1.84756
1.85491
1.85743
1.85962
1.86239
1.86079
1.85096
1.83382
1.81381
1.79647
1.78629
1.78526
1.79141
1.79964
1.80551
1.80777
1.80784
1.8077
1.80818
1.80883
1.80891
1.80808
1.80647
1.80447
1.80243
1.8005
1.79856
1.79631
1.79334
1.78935
1.78424
1.77819
1.77173
1.76586
1.76209
1.76178
1.76487
1.76957
1.7736
1.77556
1.77513
1.77274
1.76913
1.76507
1.76109
1.75756
1.75484
1.75344
1.75381
1.75607
1.75987
1.76455
1.76932
1.77347
1.77643
1.7778
1.77741
1.77527
1.77176
1.76771
1.76443
1.76321
1.7646
1.76803
1.77214
1.77552
1.77704
1.77595
1.77189
1.76503
1.7565
1.74874
1.74521
1.7485
1.75806
1.77037
1.78181
1.79047
1.79608
1.79906
1.79991
1.79897
1.7964
1.79226
1.78672
1.78031
1.77424
1.77027
1.76966
1.772
1.77534
1.77763
1.77782
1.7762
1.77383
1.77147
1.76879
1.76471
1.75894
1.75338
1.75143
1.75471
1.76128
1.76827
1.77454
1.78048
1.7866
1.79284
1.79883
1.80417
1.80861
1.81203
1.81444
1.81597
1.81688
1.81761
1.81869
1.82053
1.82301
1.82537
1.82627
1.82436
1.81906
1.81138
1.80417
1.8011
1.80426
1.8121
1.82038
1.82551
1.82675
1.82618
1.82714
1.83214
1.84094
1.85067
1.8581
1.86151
1.86091
1.85787
1.85489
1.85381
1.85423
1.85407
1.85197
1.84878
1.84689
1.84824
1.85333
1.86162
1.8714
1.87994
1.88469
1.88458
1.8806
1.87571
1.87285
1.87229
1.8725
1.87301
1.87385
1.87295
1.86596
1.84762
1.81963
1.80992
1.84019
1.87755
1.89583
1.89545
1.88111
1.85607
1.82768
1.81217
1.82067
1.84265
1.86261
1.87558
1.88313
1.88784
1.89143
1.8946
1.89733
1.89935
1.9005
1.9009
1.90084
1.90056
1.9001
1.89936
1.89819
1.89656
1.89456
1.89229
1.88978
1.88694
1.88354
1.87928
1.87396
1.86781
1.86179
1.85758
1.85673
1.85955
1.86485
1.87096
1.87656
1.88089
1.88351
1.88405
1.88199
1.87667
1.8675
1.85477
1.84061
1.82903
1.82346
1.82384
1.82744
1.83232
1.83844
1.84557
1.85198
1.85575
1.85616
1.85362
1.84904
1.84327
1.83707
1.83134
1.82724
1.82577
1.82683
1.82911
1.83103
1.83162
1.83075
1.82892
1.82686
1.82512
1.82392
1.82317
1.82259
1.82194
1.82105
1.81974
1.81771
1.8146
1.81083
1.80821
1.80893
1.81282
1.81694
1.81838
1.81642
1.81226
1.80796
1.80541
1.80566
1.80868
1.8136
1.81925
1.82433
1.82749
1.82714
1.82134
1.80819
1.7893
1.77542
1.77948
1.79741
1.8155
1.82786
1.83533
1.83991
1.84299
1.8453
1.8472
1.8488
1.85006
1.85081
1.85076
1.8495
1.8466
1.84172
1.8349
1.82676
1.81845
1.81117
1.8065
1.80748
1.81685
1.83264
1.84908
1.86195
1.87027
1.87492
1.87699
1.87704
1.87519
1.8716
1.86701
1.86259
1.85925
1.85707
1.85541
1.85305
1.84835
1.84002
1.82956
1.8236
1.82966
1.84683
1.86718
1.88455
1.8968
1.90377
1.90589
1.90392
1.89914
1.89315
1.88714
1.88146
1.87654
1.87366
1.87375
1.87591
1.8786
1.88166
1.88643
1.89379
1.90272
1.91087
1.91605
1.91658
1.91076
1.89698
1.87681
1.85994
1.85759
1.86525
1.86935
1.86511
1.8583
1.85771
1.86505
1.87359
1.87766
1.87912
1.88398
1.89339
1.9024
1.90684
1.90632
1.90247
1.897
1.89083
1.88415
1.87722
1.87115
1.86766
1.86779
1.87084
1.87485
1.87785
1.87867
1.87701
1.87308
1.86746
1.86096
1.85456
1.84932
1.8461
1.84483
1.84419
1.8421
1.8371
1.82938
1.82104
1.8156
1.81668
1.82478
1.83593
1.84545
1.851
1.85202
1.84934
1.84545
1.84371
1.84553
1.84903
1.85114
1.85
1.84583
1.84073
1.83738
1.83639
1.83569
1.83427
1.83527
1.8424
1.85414
1.86565
1.87413
1.87948
1.88207
1.88113
1.87437
1.85924
1.83645
1.81403
1.80162
1.79651
1.79243
1.79282
1.8006
1.81583
1.83597
1.85413
1.86525
1.86943
1.86941
1.86775
1.86532
1.8614
1.85466
1.84423
1.83086
1.81807
1.8121
1.8176
1.83211
1.84862
1.86214
1.87144
1.8772
1.88038
1.88153
1.88052
1.87656
1.86825
1.85428
1.83603
1.82215
1.82443
1.84011
1.85412
1.85702
1.84719
1.82715
1.80508
1.79393
1.79936
1.8139
1.82795
1.83648
1.83806
1.83425
1.82948
1.82821
1.83096
1.8351
1.83816
1.83885
1.8365
1.83077
1.82175
1.81051
1.79962
1.79263
1.7921
1.79813
1.80845
1.81957
1.82816
1.83152
1.82692
1.81226
1.79181
1.781
1.78812
1.79961
1.80266
1.79639
1.78421
1.76945
1.75616
1.7494
1.75119
1.758
1.76586
1.7745
1.7849
1.79566
1.80396
1.80811
1.80812
1.80483
1.79933
1.7929
1.78701
1.7829
1.78102
1.78073
1.78078
1.7802
1.7787
1.77673
1.77509
1.77468
1.7763
1.78026
1.78595
1.79201
1.79715
1.80064
1.80218
1.80162
1.79858
1.79255
1.78356
1.77343
1.7658
1.76316
1.76461
1.768
1.77205
1.77609
1.77953
1.78218
1.78446
1.78721
1.79113
1.7961
1.80124
1.80565
1.80899
1.81142
1.81325
1.81469
1.81577
1.81643
1.8165
1.81583
1.81425
1.81167
1.80821
1.80441
1.80121
1.79964
1.80011
1.8021
1.80449
1.80617
1.80645
1.80521
1.80326
1.8024
1.80451
1.80993
1.81714
1.8243
1.83052
1.83568
1.8398
1.8428
1.84459
1.84511
1.84423
1.84145
1.83595
1.82705
1.8149
1.80088
1.78686
1.77411
1.76352
1.7578
1.7626
1.78062
1.80538
1.82746
1.84247
1.85058
1.85357
1.85311
1.85044
1.84638
1.84155
1.83651
1.83184
1.82788
1.82438
1.82046
1.81533
1.80957
1.80584
1.80716
1.81362
1.82198
1.82877
1.83208
1.83112
1.8253
1.81455
1.80166
1.79412
1.7986
1.81192
1.82517
1.83298
1.83452
1.83085
1.82348
1.81391
1.80401
1.79662
1.79487
1.79926
1.80684
1.81429
1.81999
1.82354
1.82497
1.82458
1.82313
1.82166
1.82098
1.82133
1.82234
1.8235
1.82442
1.82482
1.82433
1.82231
1.81779
1.80956
1.79673
1.7803
1.76547
1.75995
1.76596
1.77749
1.78771
1.79395
1.79668
1.79742
1.79743
1.79725
1.79682
1.79598
1.79496
1.79457
1.79603
1.7999
1.80527
1.81008
1.81228
1.81082
1.80611
1.80011
1.79549
1.79355
1.79306
1.79192
1.78925
1.78583
1.78302
1.78181
1.78272
1.78611
1.79229
1.80079
1.80989
1.81753
1.82246
1.82451
1.82417
1.82212
1.81878
1.81402
1.807
1.79645
1.78155
1.76372
1.74894
1.74693
1.76154
1.78378
1.80232
1.81223
1.81245
1.80244
1.78332
1.76162
1.74736
1.74505
1.75435
1.77182
1.7898
1.80273
1.80998
1.81309
1.8136
1.81256
1.81059
1.80798
1.80479
1.80093
1.79634
1.79124
1.7864
1.78317
1.78288
1.78594
1.79144
1.79749
1.80199
1.80311
1.7996
1.79137
1.78067
1.77203
1.76819
1.7661
1.76059
1.75281
1.75295
1.76811
1.79111
1.81117
1.82418
1.83043
1.83078
1.82556
1.81552
1.80354
1.79493
1.79352
1.79832
1.80623
1.81478
1.82142
1.82369
1.82086
1.81285
1.7992
1.78959
1.79974
1.82109
1.84076
1.85978
1.87614
1.88433
1.88265
1.87354
