1.20459
1.20852
1.21101
1.21233
1.21302
1.21353
1.21413
1.21489
1.21573
1.21651
1.21706
1.21726
1.21694
1.21601
1.21435
1.21201
1.20917
1.20625
1.20368
1.20159
1.19963
1.19726
1.19426
1.19123
1.18971
1.19171
1.19797
1.20636
1.21281
1.21429
1.21072
1.2053
1.20278
1.20525
1.21018
1.21361
1.2131
1.20828
1.20098
1.19533
1.19509
1.19996
1.20645
1.21159
1.21402
1.21355
1.21084
1.20726
1.20429
1.20274
1.2023
1.20202
1.20114
1.19951
1.19758
1.19604
1.19552
1.1963
1.19821
1.20074
1.20328
1.20534
1.20654
1.20644
1.20432
1.19918
1.19056
1.18045
1.17454
1.17731
1.18607
1.19492
1.20089
1.20388
1.20484
1.20472
1.20421
1.20373
1.20338
1.20298
1.20214
1.20046
1.19775
1.19427
1.19072
1.18799
1.18665
1.18666
1.18789
1.19075
1.19589
1.20303
1.21063
1.21665
1.21903
1.21554
1.20433
1.18819
1.17855
1.1839
1.19759
1.21079
1.22074
1.22745
1.23119
1.23185
1.22906
1.2228
1.21431
1.20629
1.20142
1.20082
1.20399
1.20955
1.21579
1.22106
1.22443
1.22602
1.22662
1.22703
1.22765
1.22851
1.22907
1.22797
1.22366
1.21587
1.20656
1.19924
1.19621
1.19673
1.19865
1.2005
1.20148
1.20102
1.19903
1.19625
1.19375
1.19229
1.19191
1.19217
1.19243
1.19218
1.19134
1.19022
1.18923
1.18858
1.18829
1.18832
1.18867
1.18925
1.18978
1.18984
1.18919
1.18815
1.18778
1.18922
1.19266
1.19697
1.20048
1.20177
1.19978
1.19394
1.18502
1.17642
1.1729
1.17588
1.1819
1.18616
1.18537
1.17956
1.17378
1.17441
1.18005
1.18449
1.18722
1.1922
1.19959
1.20585
1.20883
1.20888
1.20756
1.20659
1.20713
1.20939
1.2129
1.21709
1.22122
1.22401
1.22367
1.2188
1.21015
1.20164
1.19752
1.19814
1.20105
1.20367
1.20306
1.19609
1.18402
1.17903
1.19026
1.2063
1.21539
1.21631
1.21193
1.20604
1.20232
1.20204
1.20341
1.20418
1.20375
1.20289
1.20278
1.204
1.20632
1.20904
1.21154
1.21343
1.21457
1.21487
1.21434
1.2131
1.21155
1.21044
1.21066
1.21269
1.2162
1.22029
1.22409
1.22712
1.22928
1.23072
1.23172
1.23259
1.23356
1.23475
1.23625
1.23811
1.24037
1.24291
1.24549
1.24784
1.2498
1.25137
1.25268
1.25395
1.25527
1.25658
1.2578
1.25902
1.26041
1.26189
1.2629
1.26276
1.26138
1.2595
1.25825
1.25814
1.25868
1.25889
1.25812
1.25644
1.25431
1.25226
1.25077
1.25021
1.25084
1.25272
1.25562
1.2591
1.26262
1.26569
1.26786
1.2688
1.26833
1.2664
1.2631
1.25867
1.25354
1.24826
1.24352
1.23986
1.23753
1.23632
1.2358
1.23571
1.2362
1.23741
1.23906
1.24047
1.24105
1.24067
1.23958
1.23823
1.23696
1.23588
1.23487
1.23364
1.23193
1.2296
1.2266
1.22305
1.21917
1.2154
1.2124
1.21089
1.21126
1.21326
1.21615
1.21901
1.22107
1.22179
1.22082
1.21803
1.21367
1.2085
1.20359
1.19991
1.19767
1.19641
1.19534
1.19346
1.18959
1.1839
1.17957
1.18056
1.1867
1.19416
1.20005
1.20408
1.20721
1.20952
1.20975
1.20639
1.19878
1.18772
1.17618
1.16911
1.1701
1.17742
1.18578
1.19113
1.19232
1.18978
1.18445
1.17771
1.1721
1.17069
1.17438
1.18079
1.18695
1.19143
1.19413
1.19535
1.19522
1.19353
1.18988
1.18405
1.17692
1.1707
1.16701
1.16508
1.16417
1.16561
1.16938
1.17259
1.17336
1.17238
1.17058
1.16787
1.16534
1.16649
1.17322
1.18277
1.19129
1.19725
1.20085
1.20276
1.20356
1.20365
1.20327
1.20243
1.20083
1.19799
1.19397
1.18988
1.18737
1.18651
1.18552
1.18309
1.18041
1.1805
1.18519
1.19299
1.20052
1.20533
1.20671
1.20536
1.20299
1.20155
1.20213
1.20444
1.20742
1.21014
1.21227
1.21402
1.2159
1.21816
1.22038
1.22131
1.21914
1.21225
1.20085
1.18962
1.18576
1.18971
1.19526
1.19866
1.20037
1.20179
1.20349
1.2052
1.20629
1.206
1.20348
1.19806
1.19045
1.18383
1.18181
1.18437
1.18877
1.19315
1.19688
1.1996
1.2015
1.20393
1.20826
1.2142
1.22009
1.22455
1.22713
1.22784
1.22664
1.22312
1.21685
1.20862
1.20212
1.20216
1.2087
1.21695
1.22335
1.22735
1.22956
1.2304
1.22977
1.2275
1.2238
1.21875
1.21116
1.20113
1.19688
1.20717
1.22421
1.23606
1.23965
1.23675
1.23056
1.22529
1.22447
1.22779
1.23179
1.23373
1.23336
1.23186
1.23015
1.22832
1.22589
1.2224
1.2183
1.21551
1.21581
1.21862
1.22139
1.22183
1.21902
1.21382
1.20877
1.20684
1.20918
1.2144
1.21992
1.22369
1.22492
1.22378
1.22091
1.21719
1.21387
1.21224
1.21237
1.21302
1.21326
1.21352
1.21405
1.21371
1.21126
1.20759
1.2058
1.20835
1.21417
1.22023
1.22455
1.22707
1.22864
1.22993
1.2309
1.23088
1.22913
1.22547
1.22061
1.21578
1.21196
1.20929
1.20727
1.20551
1.20453
1.20581
1.21082
1.21974
1.23105
1.24231
1.2513
1.25651
1.25714
1.25295
1.24435
1.2326
1.21974
1.20867
1.20322
1.20613
1.21566
1.22622
1.23273
1.23372
1.2318
1.23175
1.23625
1.24347
1.2499
1.25333
1.25287
1.24818
1.23953
1.22941
1.22324
1.22437
1.2292
1.23226
1.23171
1.22891
1.22615
1.2249
1.22509
1.22552
1.22497
1.22284
1.21933
1.21502
1.21044
1.20595
1.20201
1.19938
1.19876
1.20007
1.20218
1.20374
1.20396
1.2028
1.20067
1.19807
1.1953
1.19241
1.18934
1.18617
1.18331
1.18142
1.18107
1.18234
1.18475
1.18764
1.19035
1.19222
1.19243
1.18996
1.18394
1.17445
1.16392
1.15705
1.1571
1.16238
1.16867
1.17349
1.17705
1.18064
1.18466
1.18802
1.18906
1.18696
1.18229
1.17664
1.17146
1.16709
1.16303
1.15909
1.15697
1.16039
1.16959
1.17899
1.18395
1.18382
1.18013
1.17507
1.17096
1.16884
1.16717
1.16294
1.15624
1.15342
1.16014
1.17211
1.18194
1.18724
1.18904
1.18885
1.18759
1.18556
1.1827
1.17885
1.17417
1.1694
1.16572
1.1641
1.16446
1.16552
1.16551
1.16344
1.16007
1.15765
1.15771
1.1596
1.16178
1.16367
1.16572
1.16854
1.17222
1.17619
1.17959
1.18177
1.18233
1.18097
1.17742
1.17167
1.16423
1.15589
1.14815
1.14436
1.14742
1.15581
1.16538
1.17325
1.17859
1.18167
1.18299
1.18293
1.18176
1.17977
1.17754
1.17595
1.17581
1.17733
1.18015
1.18375
1.18761
1.19105
1.19323
1.19345
1.1915
1.18802
1.1844
1.18221
1.18231
1.18435
1.18726
1.19002
1.19215
1.19368
1.19471
1.19518
1.19478
1.193
1.18943
1.18404
1.17789
1.1733
1.17242
1.17495
1.17871
1.18214
1.18511
1.18817
1.19157
1.19495
1.19763
1.199
1.19891
1.19768
1.19603
1.19478
1.19457
1.19558
1.19746
1.1995
1.20096
1.20129
1.20028
1.1981
1.19533
1.19262
1.19025
1.18771
1.18399
1.17819
1.17029
1.1616
1.15479
1.1529
1.15723
1.1662
1.17671
1.18616
1.19336
1.19814
1.20085
1.20197
1.20198
1.20126
1.20009
1.19866
1.19707
1.19539
1.19367
1.19195
1.19029
1.18877
1.18742
1.18618
1.18477
1.18249
1.17821
1.17108
1.16264
1.15835
1.16235
1.17104
1.17839
1.1822
1.18325
1.18294
1.18231
1.18194
1.18202
1.18253
1.18333
1.1842
1.1848
1.18473
1.18356
1.18103
1.17722
1.17277
1.169
1.16756
1.16912
1.17267
1.17688
1.18141
1.18617
1.19047
1.19343
1.19456
1.19387
1.19167
1.1887
1.1861
1.18507
1.18622
1.18916
1.19266
1.19509
1.19498
1.19169
1.1861
1.18041
1.17682
1.17746
1.18402
1.19496
1.20605
1.21433
1.21931
1.22171
1.22242
1.22213
1.22129
1.22012
1.21871
1.21708
1.21533
1.21362
1.21215
1.21105
1.21029
1.20953
1.20804
1.20517
1.20109
1.19726
1.1959
1.19877
1.20611
1.21643
1.22735
1.23688
1.24402
1.24843
1.24983
1.24764
1.24081
1.2281
1.20917
1.18638
1.16571
1.1547
1.15758
1.17103
1.18716
1.20056
1.21006
1.21635
1.22022
1.22216
1.22253
1.22167
1.21986
1.21733
1.2142
1.21053
1.20626
1.2013
1.19555
1.18918
1.18309
1.17886
1.17753
1.17858
1.18082
1.18335
1.18545
1.18641
1.18582
1.18375
1.18075
1.1778
1.1759
1.17543
1.17607
1.17739
1.17926
1.18174
1.18488
1.18866
1.19292
1.1974
1.20176
1.20568
1.2088
1.21072
1.21099
1.20919
1.20518
1.19919
1.19194
1.18455
1.17811
1.17337
1.17116
1.17289
1.17923
1.18856
1.19848
1.20759
1.21529
1.22104
1.22431
1.2247
1.22177
1.21486
1.20313
1.18676
1.16918
1.15578
1.14679
1.13877
1.13657
1.14979
1.17454
1.19832
1.21522
1.22558
1.23143
1.23448
1.23569
1.23535
1.23322
1.22869
1.22098
1.20991
1.19712
1.18671
1.18314
1.18729
1.1955
1.20305
1.2075
1.2089
1.20835
1.20681
1.20482
1.20286
1.20159
1.20166
1.20327
1.2058
1.20779
1.20743
1.20351
1.19639
1.18881
1.18487
1.18681
1.19308
1.20032
1.20613
1.2096
1.21062
1.20915
1.20517
1.19945
1.1947
1.19442
1.19899
1.2051
1.2093
1.20923
1.20124
1.17887
1.14371
1.1285
1.14628
1.16361
1.17015
1.17211
1.17574
1.1833
1.19194
1.19794
1.20006
1.19898
1.19597
1.19218
1.18836
1.18474
1.18102
1.17688
1.17284
1.17062
1.17193
1.17673
1.18321
1.1894
1.19411
1.19699
1.19813
1.19777
1.19626
1.19407
1.19171
1.18953
1.18754
1.1856
1.18381
1.1828
1.18347
1.18638
1.19117
1.1967
1.20162
1.20487
1.20577
1.20401
1.19975
1.19403
1.18884
1.18625
1.18687
1.18958
1.19274
1.19499
1.19527
1.19296
1.18829
1.18261
1.17815
1.1769
1.17954
1.18519
1.19206
1.1984
1.20308
1.20558
1.20583
1.20388
1.19989
1.1945
1.18935
1.18679
1.18794
1.19148
1.195
1.19692
1.19678
1.19471
1.19108
1.1865
1.1818
1.17769
1.17469
1.17357
1.17525
1.17973
1.18564
1.19122
1.19536
1.19743
1.19667
1.19209
1.18351
1.17424
1.17127
1.17753
1.1878
1.19638
1.20163
1.20408
1.20459
1.20376
1.20193
1.19929
1.19588
1.19167
1.18654
1.18043
1.17384
1.16847
1.16708
1.1714
1.18004
1.1895
1.19673
1.20019
1.1998
1.19705
1.195
1.19593
1.19865
1.20006
1.19894
1.19755
1.19945
1.20526
1.21214
1.21723
1.21945
1.219
1.21681
1.21433
1.21283
1.21214
1.21061
1.20658
1.19997
1.19255
1.18654
1.18258
1.17973
1.17804
1.17986
1.18616
1.19378
1.19912
1.20143
1.20206
1.2027
1.20417
1.20624
1.20833
1.21006
1.21143
1.21256
1.21357
1.21446
1.21517
1.21567
1.2159
1.21583
1.21535
1.21429
1.21239
1.20933
1.20486
1.19899
1.19211
1.18495
1.17822
1.17215
1.16656
1.16148
1.15819
1.15934
1.16671
1.17837
1.19024
1.19939
1.20501
1.20742
1.20715
1.20459
1.20021
1.19526
1.1918
1.19083
1.1906
1.18825
1.18264
1.1752
1.16843
1.16398
1.16223
1.16338
1.16758
1.17378
1.17977
1.18377
1.18547
1.18576
1.18573
1.18572
1.1849
1.18147
1.17316
1.15863
1.14141
1.13231
1.13854
1.15319
1.16667
1.17596
1.18194
1.18572
1.18774
1.18799
1.18649
1.18352
1.17986
1.1768
1.17558
1.17669
1.17954
1.18303
1.18626
1.18884
1.19078
1.1922
1.1932
1.19374
1.19362
1.1925
1.19004
1.18602
1.18058
1.1745
1.16947
1.1679
1.17134
1.17855
1.18634
1.19209
1.19462
1.19326
1.18679
1.17311
1.15164
1.12996
1.12469
1.14202
1.16779
1.18806
1.20006
1.20612
1.20855
1.20838
1.20531
1.19775
1.18418
1.16846
1.16319
1.17301
1.18598
1.19337
1.19509
1.19349
1.19076
1.18871
1.18866
1.19098
1.19503
1.1997
1.20411
1.20783
1.21066
1.21241
1.21289
1.21207
1.21046
1.20911
1.20921
1.21097
1.21327
1.2142
1.21198
1.20549
1.1949
1.18287
1.17451
1.17417
1.18266
1.19762
1.21408
1.22799
1.2386
1.24606
1.24967
1.24858
1.24253
1.23235
1.22046
1.21105
1.2085
1.21398
1.22401
1.23361
1.23983
1.24229
1.24206
1.24075
1.23964
1.23922
1.23911
1.23843
1.23632
1.23257
1.22801
1.22418
1.22213
1.22168
1.2218
1.221
1.21774
1.21195
1.20678
1.20665
1.21233
1.22046
1.22766
1.23257
1.23527
1.23615
1.23524
1.23202
1.22571
1.21606
1.20457
1.19484
1.19005
1.18936
1.18902
1.18708
1.1857
1.18776
1.19218
1.19546
1.19585
1.19399
1.19145
1.18959
1.18904
1.18966
1.1909
1.19211
1.19272
1.19232
1.19061
1.18751
1.18338
1.1792
1.17638
1.17589
1.17746
1.17976
1.18139
1.18163
1.18047
1.17829
1.17558
1.17302
1.17163
1.17241
1.17547
1.1797
1.18377
1.18694
1.18912
1.19048
1.19125
1.19173
1.19224
1.1927
1.19237
1.19023
1.18554
1.17831
1.16938
1.16041
1.15406
1.15327
1.15917
1.16946
1.17981
1.18713
1.1908
1.19149
1.1901
1.18728
1.18354
1.17934
1.17532
1.17233
1.17121
1.17219
1.17468
1.17762
1.18013
1.18174
1.18233
1.18196
1.1807
1.17866
1.17587
1.17235
1.16825
1.16418
1.16123
1.16049
1.16226
1.16578
1.16934
1.171
1.16945
1.16478
1.15875
1.15449
1.15475
1.15961
1.16634
1.17178
1.17414
1.17315
1.16928
1.16288
1.15405
1.14515
1.1432
1.15214
1.16544
1.17581
1.18172
1.18431
1.18475
1.18354
1.18077
1.1764
1.17103
1.16665
1.16593
1.16953
1.17516
1.18008
1.18292
1.18351
1.18199
1.17859
1.17381
1.16871
1.16486
1.16344
1.1644
1.16658
1.16853
1.16911
1.16808
1.16634
1.16554
1.1667
1.16935
1.17225
1.17449
1.17581
1.17648
1.17702
1.17791
1.17943
1.18147
1.18365
1.18539
1.1861
1.18525
1.18258
1.17824
1.17299
1.16818
1.16537
1.16558
1.16843
1.17208
1.17434
1.17419
1.17257
1.17182
1.17344
1.17675
1.18034
1.18386
1.18756
1.19131
1.19439
1.19607
1.1957
1.19279
1.18714
1.17978
1.17374
1.17266
1.17728
1.18497
1.19267
1.19856
1.20198
1.20297
1.20209
1.20029
1.19864
1.19812
1.19921
1.20159
1.20445
1.20738
1.21057
1.21412
1.21773
1.22086
1.22286
1.22288
1.22022
1.21502
1.20903
1.20545
1.20674
1.21217
1.21855
1.22291
1.22405
1.2227
1.22081
1.22051
1.22286
1.22717
1.23135
1.23296
1.23008
1.222
1.21019
1.19886
1.19291
1.19346
1.198
1.20492
1.21362
1.22248
1.22941
1.23339
1.23488
1.23503
1.23447
1.23275
1.22887
1.22231
1.21396
1.2065
1.20316
1.20469
1.20854
1.2115
1.21189
1.20961
1.20542
1.20061
1.19679
1.19557
1.19763
1.20209
1.20682
1.2099
1.2105
1.20888
1.20587
1.20242
1.19924
1.19671
1.1951
1.19472
1.19558
1.19721
1.19893
1.20022
1.20067
1.19984
1.19739
1.19344
1.18906
1.18611
1.18595
1.18828
1.19164
1.19481
1.19734
1.19914
1.20019
1.20035
1.19951
1.19785
1.19615
1.19574
1.1976
1.20147
1.20611
1.2103
1.21342
1.2153
1.21582
1.21472
1.21158
1.20618
1.19954
1.19497
1.19625
1.20311
1.21099
1.21524
1.21327
1.20543
1.19675
1.19367
1.19564
1.19735
1.19715
1.19688
1.19804
1.20049
1.20371
1.20774
1.21264
1.21766
1.22149
1.22322
1.22297
1.22177
1.22104
1.22169
1.22361
1.22603
1.22808
1.22883
1.22703
1.22145
1.21205
1.20151
1.19449
1.19337
1.19635
1.20107
1.20714
1.21485
1.22354
1.23187
1.23877
1.24378
1.24682
1.24788
1.24684
1.24351
1.23798
1.23132
1.22595
1.22434
1.22656
1.2298
1.23098
1.229
1.22518
1.22194
1.22071
1.22112
1.22246
1.22475
1.22847
1.23385
1.24041
1.24681
1.25149
1.25361
1.25325
1.25111
1.24812
1.24508
1.24228
1.23971
1.23757
1.23645
1.237
1.2391
1.24154
1.24232
1.23919
1.23187
1.22595
1.22954
1.2408
1.25112
1.25695
1.25931
1.25946
1.25747
1.25282
1.24563
1.23738
1.23071
1.22819
1.23077
1.23705
1.24435
1.25033
1.25372
1.25417
1.2519
1.24749
1.24189
1.23662
1.23379
1.23521
1.24061
1.24742
1.25275
1.25507
1.25426
1.25095
1.24613
1.24066
1.23493
1.2289
1.22274
1.21726
1.21351
1.2119
1.21195
1.21283
1.21398
1.21526
1.21677
1.21845
1.21999
1.22103
1.22133
1.22087
1.21974
1.21814
1.21628
1.21445
1.21296
1.21204
1.21173
1.21184
1.2119
1.21121
1.20887
1.2041
1.19695
1.18955
1.18567
1.18721
1.19238
1.1986
1.2045
1.20941
1.21287
1.2146
1.21452
1.21259
1.20898
1.20434
1.20019
1.19844
1.2001
1.20448
1.21005
1.21546
1.21967
1.22169
1.22038
1.21501
1.20649
1.19855
1.19528
1.19675
1.19984
1.20185
1.20118
1.19727
1.19241
1.1919
1.19804
1.20696
1.21463
1.22018
1.224
1.22627
1.22676
1.22516
1.2214
1.21598
1.21002
1.20497
1.20165
1.19983
1.19877
1.19807
1.19776
1.19801
1.19878
1.19979
1.20069
1.20119
1.20113
1.20047
1.19923
1.19751
1.19549
1.19345
1.19169
1.19042
1.18967
1.18917
1.18851
1.18739
1.186
1.1852
1.18596
1.18839
1.1916
1.19444
1.19627
1.197
1.19679
1.19586
1.19437
1.19248
1.19035
1.18824
1.18653
1.18567
1.18605
1.1878
1.19062
1.19398
1.19729
1.20003
1.20177
1.20224
1.20127
1.19889
1.19552
1.19239
1.19154
1.19457
1.20093
1.20818
1.21396
1.21719
1.21798
1.21718
1.21581
1.21456
1.21357
1.2125
1.21071
1.20751
1.20267
1.19736
1.19535
1.20062
1.21148
1.2221
1.22881
1.23127
1.23047
1.22765
1.22419
1.2214
1.21958
1.2169
1.20942
1.19346
1.17088
1.15438
1.15789
1.17635
1.19338
1.20095
1.20074
1.19734
1.19392
1.1917
1.19088
1.19128
1.19276
1.19512
1.19795
1.20079
1.20342
1.20568
1.20733
1.20785
1.20663
1.20316
1.19768
1.19215
1.19001
1.19277
1.19794
1.20188
1.20267
1.19999
1.19426
1.18657
1.17915
1.17523
1.17712
1.18413
1.19321
1.20146
1.20747
1.21097
1.21208
1.21094
1.20771
1.20277
1.19716
1.19255
1.19054
1.19136
1.19325
1.19368
1.19107
1.1859
1.18139
1.18202
1.18817
1.19497
1.19795
1.19682
1.195
1.19647
1.20156
1.20745
1.21199
1.21503
1.2173
1.21945
1.2217
1.224
1.22614
1.22782
1.22866
1.22834
1.22658
1.22335
1.21897
1.21419
1.21008
1.20747
1.20617
1.20458
1.2005
1.19312
1.1857
1.18452
1.19203
1.20358
1.21297
1.21707
1.21571
1.21051
1.20438
1.20061
1.20083
1.20402
1.20799
1.21123
1.21324
1.21407
1.21395
1.21316
1.21197
1.21042
1.20818
1.20457
1.19911
1.19268
1.1882
1.18807
1.19084
1.19299
1.19287
1.1914
1.19057
1.19189
1.19547
1.20023
1.20481
1.20845
1.21117
1.21349
1.21598
1.21887
1.22196
1.22473
1.22661
1.22709
1.2258
1.22259
1.21775
1.21202
1.20611
1.19962
1.19147
1.18364
1.18376
1.19566
1.21207
1.2254
1.23387
1.2383
1.23968
1.23864
1.23574
1.23178
1.22779
1.22475
1.22315
1.22297
1.22398
1.22595
1.2286
1.23161
1.2347
1.23762
1.24003
1.24138
1.24087
1.23747
1.23023
1.21892
1.20522
1.19318
1.18754
1.18998
1.197
1.20298
1.20541
1.20633
1.20944
1.21619
1.22469
1.23212
1.23694
1.23892
1.23831
1.23563
1.23178
1.22805
1.22568
1.22497
1.22519
1.22525
1.22446
1.22257
1.21963
1.21589
1.21177
1.20798
1.20527
1.20403
1.20397
1.20425
1.2041
1.20308
1.20116
1.19844
1.19498
1.19075
1.18592
1.18122
1.17765
1.17572
1.17527
1.17627
1.17884
1.18256
1.18644
1.18963
1.19179
1.19283
1.19268
1.19117
1.18805
1.18328
1.17735
1.17175
1.16875
1.16986
1.17427
1.17963
1.18401
1.18666
1.18759
1.18705
1.18538
1.18291
1.18009
1.17746
1.1755
1.17459
1.17499
1.17677
1.17978
1.18363
1.18782
1.19188
1.19534
1.19765
1.19818
1.19654
1.19328
1.19027
1.18948
1.19089
1.19266
1.19328
1.19263
1.19147
1.19055
1.18997
1.18886
1.18552
1.17809
1.1667
1.15833
1.16363
1.17996
1.1951
1.20375
1.20699
1.207
1.20526
1.20244
1.19883
1.19488
1.19166
1.19058
1.19237
1.19631
1.20076
1.20442
1.20703
1.20911
1.21139
1.21426
1.21752
1.22068
1.22331
1.22522
1.2264
1.22694
1.22696
1.22659
1.2259
1.22483
1.22317
1.22076
1.2179
1.21573
1.21574
1.21861
1.22347
1.22862
1.23274
1.2353
1.23626
1.23594
1.23511
1.23494
1.2362
1.23844
1.24046
1.24128
1.24056
1.2384
1.23517
1.23179
1.22998
1.23073
1.23183
1.2282
1.2151
1.19448
1.18263
1.19249
1.21111
1.22514
1.23335
1.23798
1.24058
1.24189
1.24224
1.24184
1.24088
1.23967
1.2386
1.23805
1.23826
1.23923
1.24079
1.24268
1.24467
1.24656
1.24816
1.24933
1.24992
1.24978
1.24871
1.24647
1.24288
1.23843
1.23511
1.23576
1.24079
1.24674
1.24958
1.2478
1.24252
1.23639
1.23186
1.23005
1.23105
1.23493
1.2412
1.24825
1.25423
1.25813
1.25958
1.25862
1.25584
1.25258
1.25051
1.25067
1.25286
1.2561
1.25944
1.26229
1.26421
1.2648
1.26366
1.26041
1.25486
1.24733
1.2394
1.23418
1.23451
1.24002
1.24759
1.25445
1.25959
1.26305
1.26509
1.26581
1.26504
1.26253
1.25822
1.2526
1.24672
1.24146
1.23671
1.23189
1.22719
1.2238
1.22282
1.224
1.22602
1.22812
1.23132
1.23722
1.24566
1.25457
1.26181
1.26631
1.2677
1.26565
1.25978
1.25044
1.24005
1.23232
1.22864
1.22681
1.22449
1.22174
1.22017
1.22098
1.2239
1.22747
1.23001
1.2304
1.22853
1.22527
1.22172
1.21808
1.21344
1.20685
1.19929
1.19508
1.19876
1.20835
1.2174
1.22235
1.2234
1.22199
1.21946
1.21677
1.21452
1.21297
1.21212
1.21174
1.21153
1.21125
1.21082
1.21033
1.21002
1.21017
1.21101
1.21264
1.21505
1.21811
1.22161
1.22526
1.22866
1.23133
1.23279
1.23277
1.23134
1.22882
1.22511
1.21909
1.20879
1.19361
1.17887
1.17469
1.1827
1.19518
1.20802
1.22074
1.23179
1.23923
1.24254
1.24266
1.24135
1.24039
1.24076
1.2423
1.24411
1.2452
1.24486
1.24293
1.23977
1.23595
1.23195
1.22806
1.22455
1.22178
1.22016
1.22017
1.22208
1.22563
1.23002
1.23423
1.23755
1.23968
1.2407
1.24081
1.24011
1.23857
1.23611
1.2328
1.22907
1.22551
1.22241
1.21981
1.21866
1.2206
1.2246
1.22625
1.22208
1.21245
1.2013
1.19358
1.19144
1.19459
1.2024
1.21191
1.21889
1.2217
1.22125
1.21903
1.21606
1.21282
1.20959
1.20724
1.20719
1.21027
1.21563
1.22122
1.22526
1.22692
1.22623
1.22376
1.22041
1.21713
1.21448
1.21212
1.20876
1.20312
1.19582
1.19044
1.19086
1.19684
1.20488
1.21216
1.2177
1.2215
1.22386
1.22512
1.2256
1.2255
1.22495
1.22398
1.22258
1.22071
1.21827
1.21506
1.21069
1.20473
1.19746
1.19126
1.19024
1.19596
1.20498
1.21307
1.21881
1.22282
1.22601
1.22885
1.23121
1.23258
1.23235
1.23007
1.22568
1.21966
1.21298
1.20669
1.2015
1.1978
1.19625
1.19789
1.20286
1.20958
1.21594
1.22054
1.22274
1.22204
1.21797
1.21106
1.20465
1.20365
1.20883
1.21584
1.22093
1.22338
1.2239
1.22334
1.22225
1.22094
1.21953
1.21813
1.21679
1.21563
1.21477
1.21437
1.21452
1.21516
1.21603
1.21665
1.2165
1.21547
1.21448
1.21552
1.22003
1.22692
1.23314
1.23533
1.2306
1.2185
1.20535
1.19946
1.19847
1.19958
1.20569
1.21293
1.21511
1.21289
1.21113
1.21328
1.21968
1.22789
1.23488
1.23924
1.24097
1.24069
1.23923
1.23731
1.23511
1.23213
1.22746
1.22086
1.21407
1.21007
1.20927
1.20877
1.20718
1.20693
1.21089
1.21866
1.22738
1.23441
1.23782
1.23525
1.22341
1.20302
1.18963
1.19735
1.21159
1.21865
1.22031
1.22171
1.22498
1.22938
1.23339
1.23589
1.23601
1.23276
1.2254
1.21533
1.20803
1.20859
1.2147
1.2207
1.22434
1.22621
1.22734
1.22832
1.22928
1.23015
1.23088
1.23153
1.23228
1.23324
1.23424
1.23479
1.23429
1.23248
1.22996
1.22776
1.22667
1.22698
1.2289
1.2325
1.23727
1.24214
1.2458
1.24722
1.2458
1.24131
1.23389
1.22441
1.21482
1.20705
1.20088
1.19431
1.18761
1.18533
1.1914
1.2031
1.2139
1.21892
1.21447
1.19735
1.1727
1.16078
1.16925
1.18257
1.19237
1.19869
1.2024
1.20445
1.20607
1.20825
1.21125
1.21457
1.21733
1.21863
1.21781
1.21466
1.20995
1.20537
1.20207
1.19942
1.19591
1.19143
1.18849
1.19051
1.19711
1.20358
1.20609
1.20458
1.20166
1.19991
1.19953
1.19895
1.19695
1.19349
1.1893
1.18558
1.18405
1.1859
1.19016
1.19417
1.19599
1.19531
1.19281
1.18934
1.18565
1.18237
1.1803
1.18017
1.18212
1.18539
1.18868
1.19091
1.1915
1.1902
1.18699
1.18223
1.17703
1.17321
1.17203
1.17297
1.17436
1.17491
1.17441
1.17329
1.17218
1.17153
1.1714
1.17144
1.17104
1.16957
1.16669
1.16275
1.15911
1.15766
1.15939
1.16358
1.16865
1.17337
1.17698
1.17912
1.17973
1.17906
1.17765
1.17627
1.17561
1.17602
1.17721
1.17827
1.17793
1.17523
1.17003
1.16349
1.15755
1.15322
1.14991
1.14782
1.14926
1.15485
1.16173
1.16707
1.1698
1.17025
1.17012
1.17168
1.17547
1.17985
1.18307
1.1846
1.18491
1.18471
1.18456
1.18475
1.18536
1.1863
1.18746
1.18866
1.18973
1.19038
1.19004
1.18775
1.18191
1.17096
1.1565
1.14676
1.15011
1.1642
1.18032
1.19222
1.19804
1.19844
1.19466
1.18804
1.18025
1.17359
1.17033
1.17147
1.17622
1.18262
1.18867
1.19309
1.1955
1.19611
1.19536
1.19378
1.19201
1.19075
1.19063
1.19182
1.19388
1.19597
1.19708
1.1962
1.19249
1.18591
1.17835
1.17351
1.17343
1.17638
1.17979
1.18263
1.1848
1.18636
1.18745
1.18825
1.1889
1.18941
1.18953
1.18876
1.18705
1.18575
1.18695
1.19139
1.1979
1.20451
1.20904
1.20995
1.20716
1.20241
1.19824
1.19644
1.19721
1.19975
1.20298
1.20616
1.2092
1.21237
1.21544
1.21773
1.21916
1.22113
1.22554
1.23262
1.24071
1.24796
1.25343
1.25688
1.25829
1.25764
1.25501
1.25062
1.24488
1.23856
1.23337
1.23188
1.23522
1.24156
1.24842
1.25504
1.26183
1.26879
1.27476
1.27803
1.2775
1.27333
1.26729
1.26238
1.2611
1.26362
1.26789
1.27138
1.2727
1.27225
1.27194
1.27393
1.27882
1.28485
1.289
1.28854
1.28167
1.26837
1.25147
1.23609
1.22743
1.22868
1.23769
1.24812
1.2561
1.26171
1.26526
1.26567
1.26213
1.25577
1.24979
1.24751
1.24985
1.25491
1.26011
1.26386
1.26608
1.26764
1.26911
1.26965
1.26716
1.25961
1.24759
1.23603
1.23132
1.23512
1.24331
1.25067
1.25439
1.25414
1.25115
1.24748
1.24536
1.24611
1.24944
1.25391
1.25809
1.26123
1.26307
1.26339
1.26181
1.25785
1.25133
1.24289
1.23394
1.22619
1.22186
1.22305
1.22855
1.23424
1.23765
1.23932
1.2408
1.24264
1.24425
1.2448
1.24388
1.24159
1.23847
1.23542
1.2333
1.23227
1.23168
1.23088
1.23042
1.23169
1.23501
1.23893
1.2419
1.24359
1.2444
1.24461
1.24399
1.24204
1.23854
1.23397
1.22972
1.2277
1.22919
1.2339
1.24037
1.24704
1.25294
1.25762
1.26089
1.26269
1.26302
1.26195
1.25962
1.25628
1.25228
1.24807
1.24412
1.24094
1.23897
1.2385
1.23956
1.24191
1.24508
1.24862
1.25217
1.2555
1.25833
1.2602
1.26053
1.25879
1.2549
1.24969
1.24464
1.24066
1.23725
1.2336
1.2299
1.22685
1.22421
1.22121
1.21804
1.21594
1.21556
1.21594
1.21587
1.21529
1.2151
1.21604
1.2181
1.22061
1.22268
1.22341
1.22219
1.21872
1.21306
1.20563
1.19727
1.18947
1.18445
1.1841
1.1883
1.19464
1.20017
1.20295
1.20231
1.19822
1.19087
1.18064
1.16855
1.15677
1.14846
1.14606
1.14909
1.15456
1.15963
1.16316
1.16535
1.16681
1.16796
1.16883
1.16923
1.16892
1.16767
1.16534
1.16185
1.15727
1.15203
1.1473
1.14496
1.14636
1.15088
1.15644
1.1612
1.1644
1.16594
1.16597
1.16463
1.16197
1.15798
1.15276
1.14698
1.14267
1.14275
1.14813
1.15607
1.16304
1.16738
1.16919
1.16927
1.16854
1.16776
1.16725
1.16695
1.16662
1.16614
1.16563
1.16545
1.16591
1.16719
1.16918
1.17162
1.17418
1.17656
1.17845
1.17946
1.17897
1.17616
1.17051
1.16325
1.15841
1.15991
1.16635
1.17304
1.17725
1.17896
1.17915
1.17873
1.17825
1.17826
1.17938
1.18164
1.18399
1.18503
1.18407
1.18144
1.17812
1.1753
1.17379
1.17363
1.17405
1.17411
1.1734
1.1724
1.17241
1.17451
1.17834
1.18228
1.18483
1.18554
1.18485
1.18359
1.18252
1.18206
1.18227
1.18294
1.18369
1.18396
1.18312
1.18066
1.1763
1.17013
1.16283
1.15588
1.15145
1.15141
1.15581
1.16274
1.16991
1.17593
1.18036
1.18333
1.18516
1.18617
1.1866
1.18657
1.1861
1.18513
1.1836
1.18154
1.17913
1.1768
1.17511
1.17458
1.17551
1.17783
1.18118
1.18499
1.18869
1.19186
1.19421
1.19555
1.19568
1.19439
1.19148
1.18685
1.18077
1.17418
1.16906
1.16806
1.17261
1.18109
1.19005
1.197
1.20126
1.2033
1.20396
1.20403
1.2041
1.20439
1.20481
1.20518
1.20528
1.20486
1.2038
1.20246
1.20159
1.20162
1.2021
1.20266
1.20423
1.20774
1.21186
1.21398
1.21328
1.21173
1.21204
1.21503
1.21895
1.22142
1.22131
1.21897
1.21521
1.21011
1.20309
1.19466
1.1875
1.18485
1.1875
1.19319
1.199
1.20331
1.20599
1.20777
1.20966
1.21235
1.21576
1.21912
1.22137
1.22123
1.21672
1.20501
1.18594
1.17093
1.17474
1.18911
1.19941
1.2036
1.20471
1.20489
1.2047
1.20377
1.20138
1.19691
1.19042
1.18323
1.17802
1.17742
1.18141
1.18686
1.19065
1.19214
1.19262
1.19346
1.19513
1.19725
1.19922
1.20059
1.20105
1.20023
1.19763
1.19308
1.18774
1.18469
1.18669
1.19278
1.19923
1.20301
1.20318
1.20085
1.19865
1.19908
1.20212
1.20495
1.20469
1.20179
1.20019
1.20304
1.20922
1.21569
1.22032
1.22238
1.22249
1.22208
1.22131
1.21837
1.21215
1.20561
1.20428
1.20954
1.2161
1.21711
1.20937
1.19823
1.1973
1.20958
1.22341
1.23201
1.23591
1.23683
1.23549
1.23182
1.22574
1.21828
1.21231
1.21059
1.21238
1.21441
1.2154
1.21727
1.22208
1.22902
1.2355
1.23966
1.24083
1.23916
1.23553
1.23166
1.22937
1.22936
1.23117
1.23424
1.23824
1.24254
1.2462
1.24836
1.2485
1.24643
1.24223
1.23646
1.23033
1.22517
1.22098
1.21598
1.20876
1.20216
1.20321
1.21381
1.22713
1.23722
1.24327
1.24676
1.24927
1.25165
1.25406
1.25621
1.25775
1.25837
1.25788
1.25616
1.25325
1.24946
1.24546
1.24202
1.23959
1.23816
1.23747
1.23738
1.23788
1.23899
1.2406
1.24245
1.24414
1.24534
1.24585
1.24565
1.24485
1.24368
1.24229
1.24075
1.23893
1.23659
1.23348
1.22949
1.22486
1.22044
1.21769
1.21772
1.22024
1.22363
1.22639
1.22812
1.22937
1.23079
1.23264
1.23481
1.23707
1.23912
1.24064
1.2413
1.24082
1.239
1.23571
1.23087
1.22431
1.21586
1.20667
1.20144
1.20581
1.21786
1.23014
1.23862
1.24347
1.246
1.24713
1.24725
1.24649
1.24485
1.24245
1.23951
1.23632
1.2332
1.23051
1.2285
1.22718
1.22641
1.22638
1.22743
1.22965
1.23277
1.23637
1.24
1.24326
1.24594
1.24801
1.24957
1.2507
1.25145
1.2518
1.25173
1.25117
1.25007
1.24836
1.24599
1.24296
1.23936
1.23539
1.2314
1.22777
1.2248
1.2225
1.22058
1.21873
1.21718
1.21696
1.21913
1.22346
1.22829
1.2318
1.23307
1.23219
1.22989
1.22711
1.22448
1.2221
1.21974
1.21721
1.21449
1.21158
1.2085
1.20554
1.20333
1.20246
1.20298
1.20421
1.20531
1.20602
1.20675
1.20812
1.21022
1.21258
1.21462
1.21607
1.21698
1.21751
1.21777
1.21779
1.21757
1.2171
1.21635
1.21528
1.21384
1.21201
1.20989
1.20786
1.20659
1.20675
1.20853
1.2114
1.21444
1.21682
1.21799
1.21751
1.21493
1.21039
1.20572
1.20394
1.20595
1.20944
1.21228
1.21462
1.21768
1.2218
1.22563
1.22721
1.22542
1.22062
1.21421
1.20793
1.20355
1.20278
1.20658
1.21385
1.22203
1.22895
1.23367
1.23604
1.23618
1.23425
1.23035
1.22452
1.21706
1.20922
1.20326
1.20083
1.2011
1.2021
1.2031
1.20456
1.20659
1.20841
1.20886
1.20709
1.20278
1.19628
1.18885
1.18267
1.17993
1.18126
1.18523
1.18959
1.19262
1.19358
1.19238
1.18933
1.18496
1.18015
1.176
1.17345
1.17284
1.17386
1.17594
1.1786
1.18148
1.1843
1.18677
1.18865
1.18967
1.18956
1.18804
1.18488
1.18027
1.17509
1.17101
1.16949
1.17057
1.17291
1.17499
1.17605
1.17636
1.17699
1.17906
1.18283
1.18757
1.19227
1.19605
1.19822
1.19833
1.19632
1.19286
1.18956
1.18829
1.18975
1.19306
1.19658
1.19903
1.19985
1.19925
1.19796
1.19675
1.19583
1.19458
1.19199
1.18753
1.18216
1.17833
1.17784
1.18019
1.18376
1.18779
1.19226
1.19706
1.20164
1.20531
1.20762
1.20847
1.20803
1.20669
1.20491
1.20324
1.20205
1.20144
1.20113
1.20063
1.19946
1.19741
1.19474
1.19218
1.1906
1.19039
1.19121
1.19227
1.19282
1.19225
1.18992
1.18547
1.17994
1.17671
1.17909
1.18587
1.19271
1.19685
1.19811
1.19755
1.19647
1.19587
1.19622
1.19728
1.19843
1.19905
1.19894
1.19848
1.19848
1.19971
1.20229
1.20562
1.20885
1.21129
1.21265
1.21292
1.21236
1.21122
1.20957
1.20703
1.20296
1.19736
1.19214
1.19048
1.19329
1.19759
1.19962
1.19787
1.19434
1.19375
1.19855
1.20574
1.21118
1.21354
1.21358
1.21238
1.21048
1.20777
1.20384
1.19836
1.19183
1.18646
1.18524
1.18862
1.19368
1.19746
1.19905
1.19892
1.19787
1.19649
1.19498
1.19322
1.1909
1.18767
1.18334
1.178
1.17174
1.16449
1.15706
1.15295
1.15612
1.16538
1.17574
1.1834
1.18702
1.18667
1.18305
1.17728
1.17073
1.16484
1.16062
1.15818
1.15683
1.15561
1.15404
1.15251
1.15199
1.15324
1.15626
1.16033
1.16454
1.16813
1.17075
1.17233
1.17295
1.17267
1.17142
1.16916
1.16617
1.16349
1.16265
1.1643
1.16721
1.16926
1.16914
1.16704
1.16426
1.16216
1.16112
1.16081
1.16124
1.16301
1.16634
1.17028
1.17342
1.17508
1.17551
1.17543
1.17525
1.17499
1.17462
1.17409
1.17241
1.16822
1.16332
1.16365
1.17096
1.17989
1.18617
1.1895
1.19069
1.19023
1.18848
1.18615
1.18413
1.18317
1.18344
1.18468
1.18649
1.18853
1.19056
1.19231
1.19348
1.19374
1.19288
1.19086
1.18783
1.18392
1.17889
1.17198
1.16323
1.15594
1.15531
1.1616
1.16986
1.1765
1.18099
1.18391
1.18578
1.18685
1.18726
1.18705
1.18627
1.18506
1.18378
1.18291
1.18301
1.18437
1.18687
1.19003
1.19324
1.19596
1.19785
1.19875
1.19869
1.19784
1.19653
1.19508
1.19367
1.19229
1.19092
1.18966
1.18867
1.18782
1.18677
1.18522
1.18326
1.181
1.17856
1.17719
1.17943
1.18638
1.19597
1.20492
1.21131
1.21495
1.2165
1.21681
1.21658
1.21634
1.21643
1.21703
1.21817
1.21979
1.22172
1.2238
1.22582
1.22761
1.22903
1.23011
1.23104
1.2321
1.23338
1.23448
1.23442
1.23196
1.22605
1.21649
1.20515
1.19684
1.19653
1.20326
1.21135
1.21704
1.22019
1.22232
1.22468
1.22724
1.22903
1.22896
1.22651
1.222
1.21658
1.21198
1.20967
1.21002
1.21227
1.21522
1.21792
1.21979
1.22055
1.22001
1.21806
1.21463
1.20978
1.2038
1.19734
1.19148
1.1873
1.18537
1.18533
1.18619
1.187
1.18744
1.18792
1.18929
1.19203
1.19577
1.19954
1.20243
1.20393
1.20391
1.20241
1.1996
1.19605
1.19302
1.19244
1.19601
1.20378
1.21403
1.22457
1.23389
1.24125
1.24616
1.24795
1.24559
1.23808
1.22657
1.21685
1.21555
1.22098
1.22611
1.22811
1.22879
1.2303
1.2324
1.23355
1.23399
1.23602
1.24101
1.24785
1.25488
1.26143
1.26747
1.27301
1.27794
1.28211
1.28527
1.28705
1.28707
1.28491
1.28033
1.27347
1.26516
1.25697
1.25066
1.24736
1.24715
1.24925
1.25215
1.25375
1.25213
1.24735
1.2431
1.24403
1.2499
1.25647
1.26093
1.26308
1.26365
1.26324
1.26201
1.25972
1.25596
1.25052
1.24368
1.23618
1.22928
1.22494
1.22526
1.23082
1.23969
1.2485
1.25449
1.25662
1.25533
1.25175
1.2471
1.24224
1.23745
1.23241
1.22677
1.22074
1.21542
1.21249
1.21329
1.2177
1.22423
1.23119
1.23757
1.24296
1.24726
1.25055
1.25293
1.25448
1.25528
1.25535
1.25468
1.25331
1.25133
1.24888
1.24609
1.24291
1.23932
1.2357
1.23312
1.23252
1.23334
1.23322
1.22976
1.22259
1.21407
1.20804
1.20709
1.20984
1.2111
1.20683
1.20219
1.20739
1.21922
1.22739
1.22853
1.2236
1.21673
1.21585
1.22397
1.23447
1.24118
1.24364
1.24431
1.2453
1.24682
1.24781
1.24739
1.2456
1.24319
1.24109
1.23996
1.23993
1.24067
1.24167
1.24245
1.2428
1.24274
1.24236
1.24159
1.24024
1.23838
1.23668
1.23589
1.23564
1.23419
1.23025
1.22476
1.22038
1.2192
1.22138
1.22544
1.22955
1.23273
1.23496
1.23653
1.23754
1.23785
1.23729
1.23573
1.23309
1.22938
1.22466
1.21887
1.21189
1.20428
1.19822
1.19652
1.19988
1.20605
1.21219
1.21688
1.22012
1.22211
1.22273
1.22191
1.22049
1.22015
1.22219
1.22629
1.23102
1.23505
1.23763
1.23833
1.23658
1.23144
1.22169
1.20729
1.19316
1.18887
1.19603
1.20545
1.21108
1.21371
1.21633
1.22085
1.2271
1.23344
1.23836
1.24106
1.24153
1.24046
1.2392
1.23922
1.24113
1.2441
1.24659
1.24726
1.24532
1.24082
1.23511
1.2307
1.2293
1.22986
1.22984
1.22805
1.22556
1.22438
1.22505
1.22623
1.22709
1.22857
1.23153
1.23544
1.23935
1.24282
1.24556
1.24715
1.247
1.2444
1.23846
1.228
1.2133
1.20069
1.20068
1.2138
1.23022
1.24259
1.24898
1.24989
1.24602
1.23754
1.22499
1.21204
1.20593
1.20902
1.21518
1.21919
1.22087
1.22193
1.22339
1.22507
1.22608
1.22566
1.22391
1.22194
1.2213
1.22282
1.22589
1.22897
1.23053
1.22982
1.22703
1.22337
1.22041
1.21874
1.21759
1.21616
1.21504
1.21563
1.2183
1.22164
1.2237
1.22334
1.22048
1.21579
1.21026
1.20476
1.19988
1.19636
1.1952
1.1968
1.20017
1.20365
1.20605
1.20697
1.20659
1.20525
1.20326
1.20094
1.19861
1.19662
1.19525
1.19446
1.19378
1.19253
1.19008
1.18615
1.18091
1.17482
1.16881
1.16489
1.16563
1.17089
1.17675
1.17897
1.17559
1.16732
1.15771
1.15223
1.15474
1.1642
1.17605
1.18613
1.19277
1.19623
1.19745
1.19727
1.19614
1.19406
1.19062
1.18527
1.17782
1.16923
1.16201
1.15895
1.16057
1.16411
1.16577
1.16334
1.15744
1.15205
1.15302
1.16264
1.17714
1.19143
1.2028
1.21063
1.21512
1.2167
1.21587
1.21334
1.20996
1.20647
1.20314
1.20002
1.19745
1.19599
1.19557
1.19508
1.19311
1.1895
1.18647
1.18712
1.19202
1.19882
1.20516
1.20993
1.21299
1.21464
1.21518
1.21463
1.21284
1.20981
1.20611
1.2031
1.20228
1.20385
1.20619
1.20731
1.20609
1.20227
1.19582
1.18715
1.17843
1.17376
1.17598
1.18356
1.19244
1.19949
1.20347
1.2045
1.20341
1.20136
1.19964
1.19923
1.2004
1.20295
1.2066
1.21081
1.21433
1.21512
1.21122
1.20229
1.19159
1.18454
1.18378
1.18833
1.19463
1.19811
1.19729
1.19443
1.19276
1.19353
1.19507
1.19478
1.19173
1.1872
1.1835
1.18227
1.18355
1.18604
1.18822
1.18922
1.18898
1.18778
1.1857
1.18224
1.17624
1.16655
1.15415
1.1444
1.14296
1.14762
1.15135
1.15051
1.14619
1.14243
1.14261
1.14617
1.15018
1.15272
1.15356
1.15317
1.15204
1.15049
1.14864
1.14656
1.14439
1.14254
1.14161
1.14213
1.14409
1.14699
1.15009
1.15289
1.15515
1.15685
1.15803
1.1587
1.1588
1.15809
1.15623
1.15293
1.14842
1.14389
1.14112
1.14089
1.14232
1.1441
1.14579
1.14764
1.14994
1.15262
1.15534
1.15771
1.15956
1.16092
1.16202
1.16318
1.16464
1.1665
1.16872
1.17114
1.17358
1.17589
1.17801
1.17989
1.18155
1.18298
1.18418
1.18509
1.18563
1.18574
1.18534
1.18446
1.18319
1.18179
1.18057
1.1798
1.17964
1.18003
1.18073
1.18138
1.18167
1.18145
1.18088
1.18048
1.18105
1.18315
1.1867
1.19096
1.19495
1.198
1.19991
1.20103
1.202
1.20343
1.20555
1.208
1.21001
1.21062
1.20898
1.20466
1.19827
1.19217
1.18956
1.19158
1.19629
1.20125
1.20543
1.20853
1.21006
1.20956
1.2076
1.20632
1.20772
1.21111
1.2139
1.21423
1.21193
1.20782
1.20329
1.20001
1.19942
1.2019
1.20652
1.21147
1.2146
1.21395
1.20823
1.19825
1.18807
1.18174
1.17837
1.1753
1.17323
1.17443
1.17897
1.18476
1.18964
1.19261
1.19366
1.19324
1.19176
1.18945
1.18653
1.18333
1.18033
1.17807
1.17687
1.17673
1.17733
1.17823
1.17916
1.18013
1.18139
1.18328
1.18594
1.18931
1.19311
1.19703
1.20079
1.20415
1.20684
1.20852
1.20874
1.20703
1.20314
1.19742
1.19092
1.18479
1.17976
1.17642
1.17556
1.17759
1.18182
1.187
1.19228
1.1972
1.20126
1.20396
1.20515
1.20529
1.20521
1.20593
1.20803
1.21113
1.21424
1.21662
1.21807
1.21865
1.21847
1.21762
1.21613
1.21406
1.2115
1.20868
1.20604
1.2042
1.20367
1.20435
1.2055
1.20631
1.20646
1.20622
1.20586
1.20525
1.20444
1.2047
1.20754
1.21239
1.21713
1.22048
1.22243
1.22318
1.2227
1.22121
1.21966
1.2191
1.21925
1.21864
1.21608
1.21187
1.20774
1.20577
1.2071
1.21132
1.2171
1.22302
1.22799
1.23107
1.23128
1.22753
1.21903
1.20635
1.19304
1.1853
1.18757
1.1982
1.2113
1.22201
1.22874
1.23195
1.23269
1.23188
1.23019
1.22805
1.22581
1.22388
1.22269
1.22263
1.22371
1.22548
1.22706
1.22747
1.22588
1.22204
1.21654
1.21004
1.20184
1.19142
1.18413
1.18963
1.20741
1.22718
1.24211
1.25057
1.25264
1.24862
1.23955
1.22879
1.2224
1.22502
1.23476
1.24589
1.25469
1.26055
1.26422
1.26631
1.26661
1.26394
1.25675
1.24485
1.2319
1.22495
1.22821
1.23851
1.24939
1.2567
1.25969
1.25965
1.25852
1.25807
1.25926
1.26198
1.26536
1.26814
1.26917
1.26777
1.26421
1.26003
1.25723
1.25668
1.2578
1.25989
1.26266
1.26517
1.2654
1.26149
1.25346
1.2438
1.23579
1.23102
1.23016
1.23316
1.23606
1.23449
1.22957
1.22572
1.2251
1.227
1.23039
1.23472
1.23951
1.24405
1.24775
1.25029
1.25167
1.25209
1.25171
1.25066
1.24908
1.24713
1.24504
1.243
1.24091
1.23821
1.23378
1.22648
1.2162
1.20536
1.19839
1.1976
1.20112
1.20614
1.21117
1.21571
1.21966
1.22305
1.22565
1.2267
1.22493
1.21921
1.21051
1.20383
1.20453
1.21084
1.21678
1.21943
1.21928
1.2177
1.21574
1.21378
1.21164
1.20882
1.20494
1.20025
1.19596
1.19373
1.19441
1.19743
1.20153
1.20567
1.20931
1.21225
1.21445
1.21595
1.21685
1.21721
1.21694
1.21564
1.21267
1.20804
1.20395
1.2045
1.21102
1.22001
1.22745
1.23188
1.23351
1.23278
1.2298
1.22442
1.21676
1.20841
1.20265
1.20196
1.20539
1.21033
1.2153
1.22006
1.22458
1.22867
1.23205
1.23453
1.23605
1.23664
1.23646
1.23566
1.23437
1.23259
1.23021
1.22697
1.22251
1.21642
1.20846
1.19962
1.19396
1.19694
1.20838
1.22163
1.23113
1.23564
1.23636
1.23498
1.23295
1.23118
1.23006
1.22968
1.2301
1.23145
1.23366
1.2363
1.2387
1.24032
1.24084
1.24019
1.23837
1.23543
1.23151
1.22689
1.22199
1.21732
1.21343
1.21082
1.20972
1.20983
1.21035
1.21034
1.20956
1.20889
1.20984
1.21319
1.21803
1.22261
1.22567
1.22686
1.22649
1.22501
1.22284
1.22023
1.21726
1.2139
1.21012
1.20604
1.20209
1.19895
1.19726
1.19724
1.19856
1.20063
1.20296
1.20534
1.20773
1.21002
1.21193
1.21297
1.21253
1.21005
1.2053
1.19875
1.19172
1.18598
1.18321
1.18454
1.18985
1.19738
1.20471
1.21015
1.2131
1.2139
1.21346
1.21295
1.21323
1.21438
1.21584
1.21693
1.21737
1.21735
1.21741
1.21817
1.22004
1.22297
1.2264
1.22943
1.231
1.23029
1.22717
1.22279
1.21963
1.21986
1.22322
1.22706
1.22865
1.22716
1.22382
1.22056
1.21836
1.21696
1.21562
1.21391
1.2121
1.21138
1.21323
1.21815
1.22503
1.23199
1.23754
1.24092
1.24198
1.24087
1.23805
1.23423
1.23042
1.22753
1.22593
1.22538
1.22546
1.22592
1.22673
1.22778
1.22857
1.2281
1.22499
1.218
1.20736
1.19634
1.19024
1.1922
1.20116
1.21346
1.22537
1.23473
1.2412
1.24532
1.24771
1.24865
1.2478
1.24419
1.23668
1.2258
1.21636
1.21442
1.21924
1.22577
1.2315
1.2359
1.23857
1.23976
1.24059
1.24219
1.24466
1.24715
1.24864
1.24864
1.24723
1.24455
1.23972
1.22941
1.20861
1.18118
1.17518
1.20184
1.23021
1.24394
1.24488
1.23845
1.23147
1.22978
1.23319
1.23751
1.24037
1.24203
1.24332
1.24449
1.24515
1.24487
1.2435
1.24131
1.23882
1.23669
1.23546
1.23535
1.23628
1.23799
1.24022
1.24284
1.24572
1.24877
1.25188
1.25497
1.25792
1.26044
1.26185
1.26073
1.2551
1.24407
1.23255
1.23019
1.23681
1.2421
1.24085
1.23532
1.23077
1.23132
1.23665
1.24308
1.24805
1.25157
1.25458
1.25744
1.25989
1.26167
1.26277
1.26332
1.26336
1.26285
1.26163
1.25959
1.2567
1.25299
1.24837
1.24261
1.23554
1.22733
1.21875
1.21241
1.21272
1.22043
1.23087
1.2397
1.24556
1.24898
1.25155
1.25464
1.25807
1.26052
1.26082
1.25882
1.25558
1.25289
1.25217
1.2534
1.25529
1.2565
1.25651
1.25574
1.2552
1.25581
1.25746
1.25854
1.25671
1.25084
1.24324
1.23911
1.24044
1.24345
1.24664
1.25277
1.26085
1.26607
1.26602
1.2613
1.25331
1.2431
1.23199
1.22326
1.22177
1.22857
1.23933
1.24985
1.25871
1.26584
1.27124
1.27482
1.27655
1.27657
1.27514
1.27251
1.26877
1.26387
1.25784
1.25139
1.24617
1.24362
1.24343
1.24378
1.2427
1.23911
1.23341
1.22735
1.22295
1.22186
1.22536
1.23282
1.24092
1.24626
1.24787
1.24709
1.24596
1.24527
1.24411
1.24118
1.23612
1.22973
1.22344
1.21868
1.21648
1.21716
1.22036
1.22524
1.23068
1.23563
1.23939
1.24158
1.24197
1.24036
1.23678
1.23185
1.22703
1.22411
1.22369
1.2245
1.22468
1.22313
1.21998
1.21627
1.21329
1.21203
1.2128
1.2152
1.21847
1.22179
1.22456
1.22652
1.22767
1.22817
1.22823
1.228
1.22761
1.22708
1.22631
1.22501
1.22295
1.22036
1.21818
1.21742
1.21801
1.21867
1.21791
1.21481
1.21013
1.20728
1.20989
1.21723
1.22519
1.23064
1.2326
1.23132
1.22771
1.22308
1.21861
1.21507
1.21319
1.21438
1.21977
1.22858
1.23844
1.24734
1.25452
1.26005
1.26425
1.26738
1.26967
1.27124
1.27218
1.27255
1.27243
1.27209
1.27195
1.27255
1.27427
1.27704
1.28038
1.2836
1.28611
1.28761
1.28804
1.28747
1.28592
1.28331
1.27966
1.27504
1.27056
1.26975
1.27539
1.28419
1.29047
1.29232
1.29129
1.28957
1.28816
1.28688
1.28556
1.28445
1.28381
1.28348
1.28291
1.28182
1.28119
1.28293
1.28749
1.29279
1.29674
1.29913
1.30078
1.30213
1.30299
1.30304
1.30227
1.30106
1.29985
1.29893
1.29827
1.29761
1.29664
1.29524
1.29347
1.29129
1.28829
1.28359
1.27683
1.27018
1.26814
1.27212
1.27817
1.28218
1.28269
1.28036
1.27779
1.27838
1.28303
1.28932
1.2947
1.29857
1.30149
1.30354
1.30322
1.29842
1.28992
1.28382
1.28448
1.28738
1.28742
1.28575
1.28625
1.28969
1.29263
1.29189
1.28647
1.277
1.26727
1.26427
1.27111
1.28294
1.29364
1.30085
1.30472
1.30552
1.30262
1.29479
1.28166
1.26605
1.25437
1.25154
1.25692
1.26687
1.2774
1.28496
1.28762
1.2852
1.27853
1.26915
1.25936
1.25188
1.24855
1.24938
1.25304
1.25803
1.26304
1.26671
1.26697
1.26057
1.24512
1.22835
1.2292
1.2464
1.26189
1.2701
1.27373
1.27537
1.2761
1.27626
1.2759
1.27499
1.27347
1.27126
1.26836
1.26492
1.26133
1.25809
1.2556
1.25394
1.25301
1.25264
1.25266
1.25285
1.25308
1.25335
1.25376
1.25433
1.25488
1.25502
1.25418
1.25157
1.2465
1.23947
1.23379
1.23407
1.24054
1.24845
1.25374
1.25509
1.25231
1.24536
1.23481
1.22349
1.21686
1.21876
1.22731
1.23778
1.24675
1.25268
1.25513
1.25419
1.24963
1.23963
1.223
1.21082
1.22095
1.2432
1.25898
1.26602
1.26799
1.26739
1.26495
1.26023
1.25248
1.24219
1.23271
1.22804
1.2273
1.22681
1.22663
1.22956
1.23598
1.24342
1.24981
1.25473
1.25865
1.26204
1.26491
1.26693
1.26754
1.26621
1.26246
1.25603
1.24698
1.23603
1.22469
1.21529
1.21051
1.21198
1.21854
1.22648
1.23218
1.23445
1.23494
1.2361
1.23851
1.24099
1.24249
1.24288
1.2425
1.24163
1.24029
1.23828
1.2355
1.23228
1.22955
1.22818
1.22805
1.22795
1.22656
1.22327
1.21839
1.21274
1.20702
1.20138
1.19571
1.19041
1.18652
1.18513
1.18693
1.19236
1.20103
1.211
1.21978
1.22577
1.22844
1.22764
1.22331
1.21568
1.2057
1.19528
1.18692
1.18277
1.18342
1.1875
1.193
1.19858
1.20395
1.2093
1.21452
1.21907
1.22243
1.2243
1.22456
1.22324
1.22054
1.21692
1.21296
1.20905
1.20519
1.20113
1.19685
1.19294
1.19028
1.18949
1.19066
1.19384
1.19909
1.20587
1.21279
1.21849
1.22224
1.22395
1.22372
1.22166
1.2178
1.21247
1.20672
1.20233
1.20044
1.20055
1.20159
1.20337
1.20619
1.20967
1.21271
1.21435
1.21424
1.21254
1.20963
1.20597
1.20203
1.19827
1.19513
1.19296
1.19193
1.19204
1.19307
1.19466
1.19637
1.19795
1.19949
1.20131
1.20365
1.20642
1.20918
1.21141
1.21262
1.21236
1.21018
1.20552
1.1979
1.18762
1.17696
1.17072
1.17387
1.18591
1.20018
1.21103
1.21725
1.2197
1.21926
1.21624
1.21073
1.20305
1.19417
1.18659
1.18454
1.18998
1.1991
1.20678
1.21133
1.21391
1.21623
1.2191
1.2221
1.22431
1.22527
1.2252
1.22455
1.22302
1.21915
1.2121
1.20489
1.20419
1.21258
1.22453
1.23344
1.23717
1.23683
1.23437
1.23124
1.22823
1.22583
1.22504
1.22744
1.23342
1.24091
1.24737
1.25164
1.25374
1.25405
1.25303
1.25133
1.2496
1.24798
1.24608
1.24353
1.24038
1.23686
1.2328
1.22776
1.22248
1.21967
1.22143
1.22584
1.22886
1.22833
1.22518
1.22243
1.22227
1.22384
1.22468
1.22375
1.22326
1.22644
1.23291
1.23865
1.24045
1.23789
1.2326
1.22691
1.2228
1.22101
1.22114
1.22243
1.22427
1.22638
1.2286
1.23076
1.23253
1.23354
1.23356
1.23257
1.23073
1.22818
1.22499
1.2211
1.21633
1.21081
1.20577
1.20328
1.20433
1.2078
1.21209
1.21661
1.22146
1.22666
1.23172
1.23591
1.23869
1.23988
1.23951
1.23783
1.23534
1.23281
1.23106
1.23049
1.23085
1.23154
1.23213
1.23253
1.23286
1.23318
1.23331
1.23278
1.23085
1.22676
1.22097
1.21646
1.21639
1.21943
1.22116
1.21928
1.21451
1.20865
1.20307
1.19856
1.1958
1.19536
1.19732
1.20104
1.20537
1.20916
1.21172
1.21279
1.21236
1.21052
1.20735
1.20302
1.19777
1.19194
1.18612
1.18149
1.17986
1.18222
1.18716
1.19179
1.19381
1.19223
1.1874
1.18144
1.17787
1.17877
1.18287
1.1877
1.19182
1.19478
1.19646
1.19683
1.19591
1.19376
1.19058
1.18682
1.18345
1.18168
1.1823
1.18487
1.1879
1.18993
1.19047
1.19027
1.19082
1.19341
1.1981
1.20351
1.20765
1.20851
1.2039
1.1923
1.1772
1.16929
1.17145
1.17263
1.16855
1.16793
1.17634
1.18711
1.19299
1.1924
1.18657
1.17755
1.16757
1.15911
1.15666
1.16342
1.17455
1.18279
1.18528
1.18238
1.17577
1.16814
1.16306
1.1638
1.17052
1.17981
1.18804
1.19374
1.19702
1.19832
1.19779
1.19519
1.19037
1.18423
1.17959
1.17951
1.18379
1.18924
1.19323
1.19493
1.19425
1.19096
1.1849
1.17737
1.17233
1.17385
1.18122
1.18972
1.19557
1.19727
1.19475
1.1892
1.18333
1.18035
1.18147
1.18547
1.19056
1.19563
1.19988
1.20269
1.20397
1.204
1.20297
1.2009
1.19785
1.19403
1.18982
1.18582
1.18273
1.18104
1.18068
1.18124
1.18227
1.18343
1.18435
1.18413
1.18115
1.17388
1.16331
1.15606
1.15981
1.17204
1.18419
1.19221
1.19638
1.1978
1.1971
1.19453
1.1906
1.18635
1.18299
1.18096
1.17967
1.17841
1.17702
1.1759
1.17543
1.17584
1.1775
1.18065
1.18481
1.18888
1.1919
1.19353
1.19401
1.19385
1.19352
1.19329
1.19311
1.19264
1.19129
1.18831
1.18302
1.17577
1.16956
1.16908
1.17522
1.18371
1.19054
1.19465
1.19653
1.19661
1.19472
1.19024
1.18337
1.17693
1.1756
1.18035
1.18689
1.19109
1.19166
1.18898
1.18428
1.17969
1.17742
1.17809
1.18072
1.18485
1.1909
1.19847
1.20559
1.20978
1.20885
1.20133
1.18833
1.17638
1.17457
1.18378
1.19606
1.20512
1.20998
1.21222
1.21337
1.21409
1.21414
1.21298
1.2107
1.20895
1.21013
1.2147
1.22043
1.22483
1.22696
1.22712
1.22617
1.22502
1.2242
1.22359
1.22249
1.22029
1.21707
1.21387
1.21191
1.21173
1.21309
1.2156
1.219
1.22264
1.22515
1.22487
1.22064
1.21273
1.20426
1.2013
1.20682
1.21609
1.22309
1.22581
1.2251
1.22253
1.21959
1.21719
1.21553
1.21431
1.21306
1.21139
1.20908
1.20611
1.20277
1.19958
1.19706
1.19539
1.19425
1.19303
1.19127
1.18909
1.18723
1.18648
1.18703
1.18834
1.18962
1.19034
1.19039
1.18999
1.18952
1.18929
1.18946
1.19002
1.19083
1.19172
1.19254
1.19318
1.19363
1.194
1.19442
1.19496
1.19544
1.19541
1.19434
1.19194
1.18836
1.18399
1.17924
1.17489
1.17292
1.17546
1.18153
1.18635
1.18519
1.17778
1.16996
1.16904
1.17554
1.18471
1.19311
1.19966
1.20425
1.20715
1.20882
1.20976
1.21035
1.21072
1.21067
1.20971
1.2072
1.20289
1.19785
1.19493
1.19653
1.20164
1.20692
1.20999
1.21028
1.20821
1.20476
1.20109
1.19827
1.19683
1.19693
1.19853
1.20136
1.2045
1.20598
1.20205
1.18754
1.16539
1.16062
1.18234
1.20406
1.21446
1.21731
1.21669
1.21458
1.21177
1.20862
1.20546
1.20276
1.20096
1.20034
1.20088
1.20241
1.20461
1.20696
1.20878
1.20936
1.20812
1.2049
1.20042
1.19664
1.19576
1.19801
1.20144
1.20407
1.2053
1.20563
1.20589
1.20663
1.20797
1.2097
1.21157
1.21338
1.21499
1.21628
1.21712
1.21734
1.21684
1.21556
1.21358
1.21099
1.20789
1.20458
1.20238
1.20359
1.20896
1.21605
1.2216
1.22395
1.22293
1.21912
1.21356
1.20795
1.2043
1.20361
1.20473
1.20557
1.20527
1.20456
1.20456
1.20561
1.20739
1.20936
1.21114
1.21255
1.21361
1.21439
1.21496
1.21535
1.21551
1.21523
1.21418
1.21202
1.20869
1.2047
1.20118
1.19916
1.19867
1.19866
1.19794
1.19608
1.1935
1.19082
1.18794
1.18465
1.18223
1.18303
1.18739
1.19287
1.19699
1.19896
1.1991
1.19806
1.19647
1.19486
1.19365
1.19305
1.1931
1.1936
1.19431
1.19494
1.19529
1.19513
1.19432
1.19269
1.19023
1.18713
1.18379
1.18061
1.1778
1.17564
1.17478
1.17574
1.17806
1.18046
1.18199
1.18252
1.18248
1.18236
1.18242
1.1826
1.18273
1.18262
1.18213
1.18127
1.18011
1.17877
1.17735
1.17588
1.17434
1.17271
1.17106
1.16959
1.16866
1.16864
1.16977
1.17186
1.17445
1.17704
1.17934
1.18126
1.18284
1.18408
1.18487
1.18483
1.18315
1.17853
1.16967
1.15721
1.146
1.14179
1.14442
1.14986
1.15459
1.15581
1.15214
1.14578
1.14377
1.151
1.16266
1.17231
1.17889
1.1838
1.18767
1.18991
1.18934
1.18505
1.17825
1.17387
1.17663
1.18438
1.1915
1.19539
1.19649
1.19593
1.1945
1.19264
1.19073
1.18918
1.18847
1.18908
1.19135
1.19527
1.20034
1.20599
1.21187
1.21782
1.22356
1.2287
1.23276
1.23527
1.23573
1.23375
1.22927
1.22315
1.21744
1.21451
1.21549
1.21955
1.2248
1.22957
1.23306
1.23522
1.23643
1.23727
1.23846
1.24048
1.24301
1.24492
1.24472
1.24108
1.2336
1.22424
1.21788
1.21825
1.22337
1.2288
1.23225
1.2338
1.23448
1.23508
1.23545
1.23466
1.23226
1.22881
1.2255
1.22335
1.22297
1.22458
1.22794
1.23233
1.23685
1.24077
1.24359
1.24501
1.24484
1.24291
1.23906
1.23331
1.22603
1.21819
1.21139
1.20726
1.2067
1.20929
1.21365
1.21829
1.22223
1.22513
1.22704
1.22813
1.22849
1.2281
1.22687
1.22473
1.22164
1.21775
1.21342
1.20939
1.20678
1.20669
1.20924
1.21336
1.21766
1.22116
1.22333
1.22365
1.22139
1.21589
1.2075
1.19858
1.19256
1.19106
1.19347
1.1989
1.20658
1.21527
1.22357
1.23046
1.23558
1.23904
1.2411
1.24202
1.24191
1.24085
1.23891
1.23638
1.2338
1.23184
1.23081
1.2302
1.22889
1.22592
1.22148
1.21723
1.2152
1.21585
1.21774
1.21921
1.21953
1.21876
1.21713
1.21478
1.21202
1.20973
1.20907
1.21049
1.21325
1.21598
1.2176
1.21777
1.21669
1.21486
1.21284
1.21105
1.20982
1.20931
1.20947
1.21005
1.21054
1.21031
1.20865
1.20508
1.19987
1.19492
1.19325
1.1962
1.20189
1.20751
1.21164
1.21408
1.21498
1.21419
1.21095
1.20374
1.19079
1.1729
1.15781
1.15645
1.16842
1.18224
1.18954
1.18948
1.18567
1.18297
1.184
1.18763
1.19145
1.19429
1.19614
1.1972
1.19746
1.19697
1.19617
1.19595
1.19694
1.19893
1.20096
1.20203
1.20155
1.1994
1.19591
1.192
1.1891
1.18853
1.19051
1.19374
1.19635
1.19723
1.19664
1.19589
1.19649
1.19905
1.20314
1.20789
1.21249
1.21633
1.21888
1.2197
1.21852
1.21534
1.21044
1.20451
1.19872
1.1949
1.1965
1.20657
1.22202
1.23592
1.24442
1.24735
1.24594
1.24168
1.2365
1.23326
1.23426
1.23865
1.24315
1.24521
1.24427
1.24115
1.23713
1.23304
1.22885
1.22479
1.22246
1.22367
1.2278
1.23227
1.23567
1.23886
1.2433
1.24879
1.25362
1.25634
1.25667
1.25533
1.25349
1.2523
1.2526
1.25459
1.25777
1.26125
1.26424
1.26637
1.26762
1.2682
1.26843
1.26873
1.2695
1.27089
1.27259
1.27392
1.27415
1.27283
1.26998
1.26613
1.26213
1.25876
1.25627
1.2544
1.25265
1.25067
1.24842
1.24614
1.24438
1.24384
1.24495
1.24763
1.25137
1.25537
1.25865
1.26044
1.26053
1.25924
1.25696
1.25373
1.24947
1.24456
1.24023
1.2381
1.23903
1.24251
1.2469
1.25017
1.25066
1.24788
1.24334
1.2406
1.24253
1.24813
1.25384
1.25684
1.25582
1.25033
1.24068
1.22885
1.21888
1.21491
1.21813
1.22648
1.23666
1.24584
1.25257
1.25655
1.25807
1.25768
1.25596
1.2535
1.25085
1.2485
1.24679
1.24588
1.24571
1.24611
1.24686
1.24775
1.24862
1.24931
1.24968
1.24956
1.24881
1.24728
1.24483
1.24131
1.23651
1.23022
1.22247
1.21402
1.20661
1.20222
1.20183
1.20549
1.21272
1.22196
1.23068
1.23668
1.23874
1.23625
1.22871
1.21575
1.19774
1.17762
1.16285
1.16153
1.1733
1.19021
1.20494
1.21454
1.21937
1.22101
1.22093
1.22005
1.21883
1.21742
1.2158
1.2138
1.21127
1.20805
1.20423
1.20033
1.19724
1.19554
1.19479
1.19426
1.19414
1.1952
1.19706
1.19754
1.19432
1.18744
1.18033
1.17735
1.1795
1.18452
1.19132
1.20049
1.21066
1.21833
1.22124
1.21953
1.21476
1.20917
1.20508
1.2042
1.20703
1.21263
1.21918
1.22486
1.22844
1.22915
1.22641
1.22001
1.21087
1.20113
1.19184
1.18147
1.16962
1.1607
1.16046
1.16913
1.18147
1.19241
1.20024
1.20535
1.20813
1.20866
1.20753
1.20596
1.20526
1.20594
1.2076
1.2095
1.21115
1.21241
1.21337
1.21422
1.21522
1.21659
1.21832
1.22009
1.22137
1.2218
1.22151
1.22111
1.22108
1.22128
1.22145
1.22192
1.22321
1.22521
1.2272
1.22823
1.22664
1.22005
1.20786
1.19507
1.18925
1.19066
1.19545
1.20329
1.21413
1.22486
1.23211
1.23462
1.23295
1.22926
1.22701
1.22824
1.23169
1.23527
1.23721
1.23554
1.22921
1.21985
1.21198
1.20954
1.21127
1.21292
1.2128
1.21231
1.21306
1.21495
1.21689
1.21806
1.21811
1.21684
1.21407
1.20995
1.20511
1.2006
1.19741
1.19593
1.19567
1.1955
1.19411
1.19063
1.18538
1.18037
1.17818
1.17934
1.18188
1.18374
1.1843
1.18396
1.18329
1.18261
1.1819
1.1809
1.17922
1.17656
1.17284
1.16842
1.16409
1.16085
1.15964
1.16114
1.1652
1.17067
1.1761
1.18061
1.18396
1.1863
1.18786
1.18889
1.18955
1.18993
1.19005
1.18983
1.18907
1.18746
1.18459
1.18005
1.17372
1.16608
1.15826
1.15183
1.14868
1.15026
1.15617
1.16437
1.17281
1.18042
1.18696
1.1925
1.19697
1.20012
1.20166
1.20138
1.19922
1.19552
1.19115
1.1872
1.18388
1.17993
1.17472
1.17165
1.17592
1.18625
1.19621
1.20234
1.20526
1.20706
1.2094
1.21278
1.21656
1.21963
1.2211
1.22069
1.21885
1.21647
1.21416
1.21155
1.20748
1.20087
1.19172
1.18185
1.17541
1.17833
1.19244
1.21046
1.22406
1.23111
1.2335
1.23369
1.23317
1.23215
1.2298
1.22512
1.21815
1.21132
1.20824
1.20953
1.21231
1.21415
1.21481
1.21497
1.21514
1.2154
1.21553
1.21506
1.21349
1.21067
1.20702
1.20352
1.20136
1.20131
1.20334
1.20667
1.21012
1.21254
1.21285
1.21008
1.20348
1.19352
1.18317
1.17691
1.17642
1.17963
1.18394
1.18777
1.19027
1.19121
1.19084
1.18959
1.18793
1.18625
1.18477
1.1835
1.18226
1.18073
1.17863
1.17579
1.17222
1.16813
1.16388
1.15987
1.15647
1.15394
1.1525
1.15228
1.15332
1.15543
1.15821
1.16122
1.16399
1.16604
1.16688
1.16591
1.1624
1.15578
1.14641
1.13684
1.1315
1.13325
1.14031
1.14842
1.15471
1.15854
1.16045
1.16118
1.16134
1.1613
1.16127
1.16136
1.16161
1.16205
1.16267
1.16343
1.16429
1.16514
1.16575
1.16579
1.16499
1.16353
1.16253
1.16354
1.16697
1.17121
1.17398
1.17397
1.17135
1.16758
1.16472
1.16411
1.16535
1.16656
1.16585
1.16352
1.16299
1.16781
1.17671
1.18539
1.19126
1.19426
1.19537
1.19555
1.19544
1.19526
1.19497
1.19442
1.19342
1.19172
1.18919
1.18626
1.18427
1.18477
1.18799
1.19249
1.19648
1.19904
1.20024
1.20063
1.20072
1.20065
1.20045
1.20015
1.19981
1.19936
1.1985
1.19683
1.19402
1.19006
1.18535
1.18048
1.17611
1.1732
1.17303
1.17611
1.18118
1.18613
1.18939
1.19047
1.18971
1.18801
1.18656
1.18632
1.18763
1.19001
1.1925
1.19399
1.19348
1.19022
1.18426
1.17763
1.174
1.17519
1.17888
1.18175
1.18248
1.18143
1.17947
1.17737
1.17558
1.17425
1.17329
1.17259
1.17229
1.17297
1.1753
1.1794
1.18447
1.18935
1.19323
1.19583
1.19709
1.19697
1.19535
1.19203
1.18703
1.18086
1.17477
1.17052
1.16978
1.17331
1.18056
1.18993
1.19939
1.20709
1.21171
1.2124
1.20881
1.20135
1.19184
1.18363
1.18027
1.1831
1.19021
1.19832
1.20545
1.21167
1.21728
1.2219
1.22506
1.22632
1.22493
1.22014
1.2118
1.20156
1.19431
1.1956
1.20473
1.21575
1.22454
1.23038
1.23407
1.23653
1.2385
1.24042
1.2424
1.24431
1.24593
1.24706
1.24756
1.24728
1.24598
1.24321
1.23853
1.23204
1.22552
1.22212
1.22323
1.22641
1.22836
1.22795
1.22623
1.22504
1.22569
1.22799
1.23005
1.22936
1.22444
1.2168
1.21041
1.20754
1.20798
1.21219
1.21953
1.22665
1.23077
1.23147
1.22963
1.22635
1.22255
1.21896
1.21611
1.21427
1.21336
1.21309
1.21311
1.21305
1.21245
1.21056
1.20615
1.19788
1.18652
1.17847
1.18119
1.19141
1.20018
1.20394
1.20371
1.20127
1.19778
1.1936
1.1889
1.18444
1.18155
1.18107
1.18277
1.18608
1.19057
1.19553
1.20002
1.20331
1.20512
1.20561
1.20517
1.20419
1.20301
1.20183
1.20071
1.19962
1.19851
1.1975
1.19671
1.19602
1.19502
1.19345
1.19175
1.19101
1.19185
1.19404
1.19741
1.20217
1.20788
1.21338
1.21776
1.22072
1.22236
1.22273
1.22176
1.21922
1.21486
1.20869
1.20128
1.19385
1.18796
1.18461
1.18352
1.18349
1.1835
1.18379
1.18548
1.18885
1.19247
1.19443
1.19381
1.19106
1.18786
1.18634
1.18769
1.19117
1.1949
1.19728
1.19755
1.19541
1.1907
1.18387
1.17718
1.17462
1.17807
1.18482
1.19094
1.19462
1.19583
1.19516
1.19326
1.19083
1.18863
1.18726
1.18689
1.18729
1.18812
1.18913
1.19002
1.19036
1.18968
1.18752
1.18342
1.17681
1.16695
1.15364
1.14129
1.14051
1.15355
1.16912
1.17934
1.18359
1.18343
1.18049
1.17633
1.17252
1.17084
1.17291
1.1785
1.18513
1.19037
1.19337
1.19448
1.19444
1.19384
1.19297
1.19188
1.19062
1.18942
1.1886
1.18811
1.18692
1.18298
1.17445
1.16297
1.15635
1.16198
1.17643
1.19109
1.20178
1.20866
1.21315
1.21619
1.21793
1.21817
1.21708
1.21557
1.21479
1.21556
1.21817
1.22245
1.22753
1.23195
1.23423
1.23338
1.22914
1.22225
1.21513
1.21158
1.21332
1.21754
1.22011
1.21963
1.21751
1.21625
1.21781
1.22252
1.22919
1.23595
1.2414
1.24498
1.24661
1.24603
1.24253
1.23544
1.22528
1.21499
1.20933
1.21109
1.2179
1.22505
1.22977
1.23202
1.23298
1.23368
1.23429
1.23425
1.23308
1.23116
1.22963
1.22921
1.22912
1.2278
1.22465
1.22062
1.21696
1.21372
1.21035
1.2076
1.20761
1.21174
1.21876
1.2258
1.23051
1.2318
1.22947
1.2235
1.21401
1.20161
1.18855
1.1793
1.17779
1.18289
1.18986
1.19558
1.19924
1.20102
1.20165
1.20203
1.2026
1.20319
1.20337
1.2028
1.20131
1.19873
1.1948
1.18964
1.18416
1.18021
1.17954
1.18207
1.18584
1.18923
1.19199
1.19451
1.19682
1.19845
1.1988
1.19757
1.19513
1.19274
1.19174
1.19244
1.1943
1.19679
1.19929
1.20054
1.19892
1.19376
1.18674
1.18162
1.18108
1.18447
1.18924
1.19325
1.19553
1.19591
1.1945
1.19111
1.18493
1.17534
1.16443
1.15841
1.16155
1.17038
1.17946
1.18671
1.19183
1.19445
1.19395
1.18986
1.18248
1.17367
1.16688
1.16486
1.16722
1.1715
1.1757
1.17887
1.18063
1.18081
1.17934
1.17617
1.17138
1.16555
1.16021
1.15734
1.15774
1.16022
1.16308
1.16567
1.16821
1.17092
1.17353
1.17555
1.17658
1.17643
1.17503
1.17241
1.16877
1.16457
1.16055
1.15767
1.1566
1.15739
1.15948
1.16207
1.16447
1.16612
1.16639
1.16444
1.15942
1.15121
1.14135
1.13293
1.12881
1.13036
1.13682
1.14507
1.15145
1.1541
1.15347
1.15188
1.15234
1.15606
1.16124
1.1653
1.16701
1.16651
1.16452
1.16191
1.15947
1.1577
1.15663
1.15591
1.15511
1.15395
1.15246
1.15086
1.14939
1.14819
1.14728
1.14665
1.1463
1.14621
1.14634
1.14682
1.14794
1.14994
1.15267
1.15557
1.15798
1.15946
1.1599
1.1594
1.15815
1.1563
1.15408
1.15187
1.15003
1.14884
1.14867
1.15028
1.15401
1.15895
1.16349
1.16651
1.16771
1.16738
1.16602
1.16431
1.16293
1.16236
1.16269
1.16356
1.16446
1.16502
1.16516
1.1652
1.16573
1.16731
1.17006
1.17342
1.17637
1.17789
1.17721
1.17405
1.1688
1.16274
1.15795
1.15644
1.15888
1.16426
1.17076
1.17686
1.18169
1.18484
1.18608
1.18515
1.18184
1.17623
1.1693
1.16332
1.16103
1.16373
1.17016
1.17765
1.18403
1.18842
1.19085
1.19166
1.19108
1.18921
1.18632
1.18314
1.18083
1.18037
1.18187
1.18454
1.18737
1.18955
1.1905
1.18974
1.18686
1.18197
1.17645
1.17316
1.17453
1.17988
1.18626
1.19144
1.19475
1.19643
1.19686
1.19637
1.1952
1.19352
1.1914
1.18868
1.18466
1.17795
1.16667
1.15014
1.13248
1.1239
1.13177
1.15128
1.17136
1.18562
1.19374
1.19754
1.19858
1.19764
1.19505
1.19111
1.18664
1.18282
1.18012
1.17753
1.17375
1.16877
1.16425
1.16247
1.16484
1.17074
1.17752
1.18131
1.17885
1.16974
1.158
1.15018
1.14891
1.15174
1.1567
1.16369
1.17205
1.18026
1.18716
1.19246
1.19638
1.19919
1.20106
1.20201
1.20197
1.20071
1.19791
1.19319
1.1863
1.17773
1.16939
1.16438
1.16442
1.16789
1.17171
1.17449
1.17712
1.181
1.18626
1.1917
1.19601
1.19849
1.19904
1.19779
1.19484
1.19037
1.18472
1.17895
1.17566
1.17758
1.18367
1.18992
1.19389
1.19576
1.1966
1.19705
1.19715
1.19662
1.19507
1.1921
1.1875
1.18169
1.17638
1.1739
1.17505
1.17862
1.18348
1.18897
1.19401
1.19753
1.19941
1.20028
1.2008
1.20121
1.20131
1.20072
1.19916
1.19655
1.19295
1.18858
1.18413
1.18073
1.17909
1.17853
1.17833
1.18011
1.18555
1.19172
1.19409
1.19276
1.19227
1.19618
1.20331
1.21015
1.21437
1.21556
1.21481
1.21413
1.21483
1.21587
1.21452
1.20816
1.19567
1.17816
1.15962
1.14748
1.14922
1.1657
1.19016
1.21323
1.22908
1.23693
1.23832
1.23504
1.22874
1.22122
1.21443
1.20953
1.20641
1.20438
1.20329
1.20351
1.20517
1.20773
1.21028
1.21215
1.21304
1.21291
1.21192
1.2104
1.20887
1.2079
1.2078
1.20848
1.20955
1.21063
1.21147
1.21195
1.21202
1.21166
1.21088
1.20965
1.20793
1.20568
1.20302
1.20067
1.19986
1.20152
1.20537
1.21028
1.21501
1.21869
1.22077
1.22112
1.22005
1.21819
1.21634
1.21513
1.21494
1.2159
1.21784
1.22025
1.22244
1.22386
1.22446
1.22478
1.22562
1.2271
1.22798
1.22629
1.22158
1.21777
1.22069
1.22986
1.23924
1.24507
1.24728
1.2472
1.24638
1.24596
1.24629
1.24717
1.24856
1.25057
1.25311
1.25573
1.25797
1.2596
1.26067
1.26144
1.26234
1.26378
1.26549
1.26542
1.25901
1.23877
1.20159
1.17424
1.18385
1.20613
1.22672
1.24335
1.2549
1.2628
1.26826
1.27153
1.27263
1.27195
1.27015
1.26802
1.26617
1.2649
1.26408
1.26322
1.26167
1.25888
1.2548
1.24997
1.24516
1.24053
1.23556
1.23022
1.22568
1.22364
1.22463
1.22737
1.22995
1.23151
1.23271
1.2348
1.23834
1.24267
1.2465
1.24873
1.24871
1.24635
1.24207
1.23684
1.23167
1.22735
1.22475
1.22467
1.22615
1.22625
1.22262
1.21613
1.21158
1.2136
1.22112
1.22948
1.23558
1.23865
1.23907
1.2376
1.23509
1.23241
1.2303
1.22914
1.22874
1.22846
1.22753
1.22557
1.22277
1.21961
1.21593
1.21041
1.2021
1.19411
1.19286
1.19893
1.20641
1.21227
1.21739
1.22233
1.22601
1.227
1.22477
1.22007
1.21456
1.21
1.20719
1.20545
1.20348
1.20062
1.19759
1.19601
1.19688
1.19968
1.20305
1.206
1.20827
1.21001
1.21145
1.21272
1.21384
1.21471
1.21506
1.21445
1.21228
1.20779
1.20036
1.1904
1.18073
1.17619
1.17913
1.18678
1.19535
1.20298
1.20877
1.2121
1.21272
1.21095
1.2075
1.20323
1.19904
1.19559
1.19291
1.19047
1.18836
1.18821
1.19107
1.19544
1.19914
1.2016
1.20356
1.20576
1.20831
1.21089
1.21313
1.21481
1.21581
1.21604
1.21529
1.21324
1.20955
1.20402
1.19694
1.18917
1.18183
1.17533
1.1686
1.1604
1.15266
1.14875
1.14848
1.15268
1.16359
1.17642
1.18497
1.18892
1.19141
1.195
1.19985
1.2045
1.20757
1.20854
1.20759
1.2052
1.20207
1.19918
1.19752
1.19764
1.19926
1.20154
1.2037
1.20531
1.20626
1.2066
1.2064
1.20565
1.2043
1.20239
1.20017
1.19807
1.19625
1.19426
1.19132
1.18732
1.1839
1.18384
1.18822
1.19493
1.20089
1.20433
1.20483
1.20269
1.19869
1.19402
1.1897
1.18614
1.18353
1.18222
1.1823
1.18309
1.18378
1.18454
1.18664
1.19114
1.19749
1.20391
1.2087
1.21092
1.21011
1.20612
1.1995
1.19235
1.18814
1.18889
1.19328
1.19875
1.20385
1.20815
1.21141
1.21338
1.21381
1.21254
1.20965
1.20579
1.2025
1.20158
1.20359
1.20696
1.20918
1.20844
1.20469
1.19996
1.19712
1.19736
1.19977
1.20275
1.20459
1.20327
1.19714
1.1867
1.1761
1.17082
1.17296
1.18057
1.19041
1.19984
1.20756
1.21348
1.21819
1.22226
1.22598
1.22937
1.23237
1.23484
1.23663
1.2375
1.23707
1.23496
1.23095
1.22548
1.21981
1.21544
1.21286
1.21078
1.2067
1.19963
1.19342
1.19414
1.20209
1.21252
1.22198
1.22929
1.23432
1.23758
1.23986
1.24176
1.24315
1.24322
1.24094
1.23571
1.22815
1.22067
1.21623
1.21514
1.21452
1.21231
1.20984
1.20945
1.21101
1.2122
1.21127
1.20818
1.20437
1.20191
1.20203
1.20428
1.2071
1.20897
1.20891
1.20677
1.20394
1.20335
1.20677
1.21236
1.21683
1.21863
1.21789
1.21529
1.21133
1.20647
1.20144
1.19711
1.1941
1.19243
1.19134
1.18984
1.18798
1.18742
1.18964
1.1937
1.19733
1.19944
1.20029
1.20042
1.2001
1.19948
1.19875
1.19795
1.19687
1.1951
1.19204
1.18713
1.18003
1.17121
1.16246
1.15698
1.15783
1.16443
1.17176
1.17493
1.1725
1.16721
1.16487
1.16921
1.17781
1.18621
1.19231
1.19611
1.19816
1.19898
1.19896
1.19841
1.19761
1.19672
1.19575
1.19459
1.1931
1.19126
1.18932
1.18777
1.18711
1.18756
1.18878
1.18993
1.19007
1.1888
1.18666
1.1847
1.18349
1.18266
1.18191
1.18166
1.18262
1.18496
1.18823
1.19189
1.19558
1.19913
1.20234
1.20486
1.20625
1.20612
1.20414
1.20002
1.19353
1.18492
1.17568
1.1689
1.1674
1.17125
1.17798
1.18488
1.19018
1.19278
1.19189
1.18727
1.18022
1.17393
1.17141
1.1728
1.17565
1.17765
1.17823
1.17835
1.17928
1.18151
1.18463
1.18786
1.1906
1.19264
1.19409
1.19519
1.19616
1.19715
1.19819
1.19921
1.19998
1.20013
1.1991
1.1963
1.1913
1.18438
1.17717
1.1722
1.17082
1.17138
1.17071
1.16716
1.16312
1.16545
1.1777
1.19358
1.20571
1.21185
1.2118
1.20506
1.19511
1.19365
1.20584
1.22084
1.23009
1.23305
1.23142
1.22678
1.22055
1.21354
1.20548
1.19609
1.18718
1.18344
1.18834
1.19825
1.20648
1.21084
1.21324
1.21595
1.21953
1.22325
1.22612
1.22741
1.22663
1.22358
1.21856
1.21256
1.20728
1.20448
1.20466
1.20638
1.20704
1.20461
1.19874
1.19117
1.1853
1.18401
1.18735
1.19302
1.19862
1.20285
1.2054
1.20642
1.20619
1.20502
1.20311
1.20064
1.19777
1.19465
1.19152
1.18863
1.18627
1.18465
1.18389
1.18398
1.18476
1.18607
1.1877
1.18949
1.19134
1.19315
1.19486
1.19639
1.19765
1.19857
1.19903
1.19889
1.19787
1.19535
1.19023
1.18159
1.17128
1.16603
1.17092
1.18155
1.19106
1.19714
1.20025
1.20107
1.20007
1.1979
1.19565
1.19443
1.19422
1.19364
1.19127
1.18732
1.18425
1.18484
1.18931
1.19517
1.19969
1.20146
1.20029
1.19703
1.1935
1.19184
1.19319
1.19708
1.20197
1.20612
1.20818
1.20742
1.20399
1.19841
1.19024
1.17985
1.175
1.18399
1.19872
1.20727
1.20723
1.20178
1.19565
1.19259
1.19285
1.19386
1.19351
1.19172
1.18959
1.18777
1.18578
1.18299
1.17983
1.17769
1.17788
1.18056
1.18475
1.18891
1.19176
1.19271
1.19186
1.18981
1.18754
1.18606
1.18596
1.18718
1.18912
1.1911
1.19264
1.19356
1.19388
1.19367
1.19297
1.19179
1.19006
1.18776
1.18503
1.18224
1.17994
1.17847
1.17757
1.17649
1.17457
1.17184
1.16906
1.16712
1.16597
1.16454
1.16162
1.15725
1.1532
1.15186
1.15399
1.15782
1.16073
1.16168
1.16199
1.16369
1.167
1.17028
1.17191
1.17136
1.169
1.16571
1.16259
1.16055
1.15992
1.16018
1.16027
1.15928
1.15715
1.15501
1.15458
1.15663
1.16025
1.16384
1.16644
1.16796
1.16882
1.16947
1.17015
1.17087
1.17156
1.1722
1.17292
1.17383
1.1749
1.17588
1.17641
1.17615
1.17504
1.17358
1.17285
1.17387
1.17654
1.17953
1.18121
1.18046
1.1768
1.17051
1.16313
1.15758
1.15641
1.15946
1.16409
1.16773
1.16925
1.16863
1.16635
1.16294
1.15912
1.15596
1.15451
1.15501
1.15666
1.1584
1.15969
1.16068
1.16188
1.16364
1.16602
1.16874
1.17144
1.1738
1.17569
1.17714
1.1783
1.17928
1.17992
1.17972
1.17791
1.17375
1.16716
1.15932
1.15272
1.14914
1.14719
1.14471
1.14468
1.15213
1.1656
1.17903
1.18871
1.19429
1.19669
1.19655
1.19372
1.18705
1.17491
1.15899
1.14908
1.15358
1.16568
1.17624
1.18389
1.19032
1.19644
1.20222
1.20732
1.21159
1.21517
1.2185
1.22205
1.22596
1.22984
1.23274
1.2332
1.22905
1.21721
1.19558
1.17014
1.15559
1.15238
1.14897
1.14761
1.15777
1.17828
1.19909
1.21321
1.21977
1.22094
1.2193
1.21654
1.21309
1.20832
1.20118
1.1915
1.18217
1.17914
1.18485
1.19457
1.20304
1.20852
1.2113
1.21193
1.21085
1.20838
1.20485
1.20082
1.19726
1.1954
1.19612
1.19924
1.20374
1.20842
1.21243
1.2152
1.21625
1.21502
1.21101
1.20437
1.19694
1.19231
1.19299
1.19758
1.20283
1.20718
1.21091
1.21438
1.21706
1.21802
1.21656
1.21255
1.20655
1.19969
1.19326
1.18855
1.18624
1.18456
1.17967
1.17052
1.16259
1.16377
1.17464
1.18801
1.19841
1.20536
1.21027
1.21408
1.21701
1.21897
1.2199
1.21986
1.21895
1.21728
1.21493
1.21194
1.20815
1.20318
1.19689
1.1907
1.18797
1.19055
1.19555
1.19869
1.19834
1.19583
1.19378
1.19373
1.19444
1.1931
1.18781
1.17956
1.17275
1.17196
1.17687
1.18359
1.18936
1.19334
1.19549
1.19609
1.19559
1.19453
1.19323
1.19164
1.18951
1.1868
1.18402
1.18203
1.18123
1.18126
1.18143
1.18134
1.18105
1.18087
1.18114
1.18217
1.18415
1.18693
1.18998
1.19254
1.19421
1.19526
1.19642
1.19835
1.20123
1.20463
1.20781
1.21009
1.21106
1.21055
1.20864
1.20564
1.20228
1.19979
1.19932
1.20092
1.20342
1.20549
1.20667
1.20737
1.20837
1.21017
1.21274
1.21539
1.21695
1.21575
1.20956
1.1958
1.17454
1.15468
1.14853
1.15513
1.16761
1.18192
1.19376
1.20074
1.20355
1.20397
1.2035
1.20288
1.20226
1.20148
1.2003
1.19844
1.19559
1.19132
1.18536
1.17804
1.171
1.16678
1.16668
1.1695
1.17306
1.17588
1.17737
1.17744
1.17633
1.17465
1.17326
1.17303
1.17442
1.17719
1.1805
1.18339
1.18535
1.18666
1.18813
1.19042
1.19333
1.196
1.19771
1.19837
1.1986
1.19941
1.2017
1.20566
1.21065
1.21556
1.21944
1.22164
1.22155
1.21837
1.2118
1.20385
1.19943
1.20152
1.2075
1.21357
1.21847
1.22252
1.22632
1.23023
1.2343
1.23835
1.242
1.24479
1.24605
1.24486
1.24008
1.23081
1.21768
1.20436
1.19644
1.19679
1.20267
1.20887
1.21214
1.21257
1.21213
1.21245
1.21363
1.2149
1.2157
1.21611
1.21646
1.21688
1.21691
1.21486
1.20717
1.18971
1.16793
1.16475
1.18325
1.20047
1.20831
1.21037
1.21033
1.21002
1.21003
1.21025
1.21006
1.20834
1.20345
1.19363
1.17859
1.16235
1.15342
1.15711
1.16873
1.17916
1.18302
1.17958
1.17101
1.16184
1.15823
1.16296
1.17209
1.18009
1.18473
1.18636
1.18602
1.18457
1.18261
1.18066
1.17923
1.17866
1.17885
1.17934
1.17953
1.17899
1.17759
1.17554
1.17349
1.17234
1.1727
1.17438
1.17648
1.17799
1.17824
1.17688
1.17385
1.16934
1.16395
1.15893
1.15596
1.15635
1.15993
1.16509
1.16984
1.17269
1.17292
1.17097
1.16846
1.16715
1.16728
1.168
1.16921
1.1714
1.17393
1.17523
1.17408
1.17025
1.1651
1.1619
1.16347
1.16864
1.17408
1.17831
1.18194
1.18565
1.18904
1.19092
1.19008
1.18626
1.18139
1.17927
1.18158
1.18525
1.18617
1.183
1.17724
1.17164
1.1684
1.16849
1.17215
1.1789
1.18727
1.1955
1.20237
1.20744
1.21075
1.21232
1.21172
1.20765
1.19795
1.18259
1.17032
1.1732
1.18592
1.19529
1.19753
1.19467
1.18923
1.18306
1.17745
1.17305
1.16983
1.16734
1.16528
1.16407
1.16467
1.16766
1.17251
1.17779
1.18205
1.18455
1.18521
1.18438
1.18252
1.18005
1.1773
1.1745
1.17178
1.16911
1.16636
1.16334
1.15999
1.15653
1.1535
1.15149
1.15082
1.15121
1.15195
1.1522
1.1514
1.14942
1.14666
1.14387
1.14196
1.14149
1.14241
1.14414
1.14597
1.14739
1.14815
1.14822
1.14765
1.14652
1.14488
1.14289
1.14079
1.13906
1.13821
1.13855
1.13987
1.14156
1.14288
1.14318
1.14177
1.13774
1.13027
1.12063
1.11483
1.11914
1.13052
1.14127
1.14806
1.15142
1.15272
1.15298
1.15276
1.15235
1.15178
1.15102
1.15002
1.1489
1.14811
1.14818
1.14937
1.15128
1.15314
1.1543
1.15453
1.15402
1.15321
1.15268
1.15309
1.15495
1.15846
1.16317
1.16806
1.17182
1.17312
1.17103
1.16547
1.15813
1.15266
1.15237
1.15712
1.16365
1.16896
1.17191
1.17239
1.17015
1.16524
1.15876
1.15166
1.14395
1.13703
1.13466
1.13979
1.1511
1.16358
1.17291
1.17797
1.17972
1.17953
1.17844
1.17708
1.17574
1.17449
1.17321
1.17168
1.16955
1.16645
1.16224
1.15741
1.15333
1.15152
1.15235
1.15474
1.15711
1.15821
1.15735
1.15445
1.15017
1.1465
1.14654
1.15182
1.16032
1.1689
1.176
1.1815
1.18566
1.18851
1.18992
1.18973
1.18807
1.18569
1.18378
1.1832
1.18344
1.18312
1.18136
1.17803
1.1729
1.16619
1.16118
1.16338
1.17386
1.18722
1.19807
1.20492
1.20871
1.21083
1.212
1.21179
1.20877
1.20154
1.19171
1.18575
1.18842
1.19597
1.20304
1.20805
1.21121
1.21288
1.2135
1.21363
1.21375
1.21417
1.21488
1.21538
1.21472
1.21179
1.20569
1.19656
1.18698
1.18215
1.18583
1.19637
1.20881
1.21916
1.22605
1.22981
1.23132
1.23135
1.23051
1.22931
1.22823
1.22748
1.22662
1.22425
1.21849
1.20888
1.19937
1.19726
1.20399
1.21216
1.21413
1.20719
1.1943
1.18384
1.18362
1.19352
1.20722
1.21853
1.22417
1.22356
1.21814
1.21175
1.21034
1.21608
1.22421
1.22957
1.23085
1.22894
1.22508
1.22026
1.21528
1.21086
1.20759
1.2058
1.20538
1.20574
1.20572
1.20383
1.19899
1.19219
1.1872
1.18783
1.19363
1.20039
1.20455
1.2055
1.20439
1.20239
1.19978
1.19633
1.19192
1.18673
1.18116
1.17588
1.17196
1.17035
1.17073
1.1714
1.1713
1.1716
1.17436
1.17944
1.18461
1.18806
1.18939
1.18909
1.18777
1.18597
1.18409
1.18242
1.18119
1.1805
1.18034
1.18059
1.18105
1.18153
1.18187
1.18196
1.18176
1.18128
1.18052
1.17946
1.17801
1.1761
1.1737
1.17088
1.16777
1.16464
1.1622
1.16137
1.16227
1.16375
1.16484
1.16581
1.16738
1.16959
1.17177
1.17326
1.17386
1.17378
1.17343
1.17327
1.17377
1.17507
1.17661
1.17666
1.17201
1.15845
1.13671
1.12271
1.13003
1.14665
1.16073
1.16963
1.17238
1.16852
1.15892
1.14718
1.1398
1.14054
1.14674
1.15434
1.16161
1.16782
1.17184
1.17204
1.16754
1.16077
1.15766
1.16078
1.16511
1.1652
1.16019
1.15268
1.1467
1.14618
1.15288
1.1643
1.17576
1.18426
1.18905
1.18989
1.18642
1.17903
1.17103
1.16799
1.17144
1.17675
1.17958
1.17907
1.17638
1.17306
1.17025
1.16842
1.16772
1.16843
1.1707
1.17377
1.17567
1.17423
1.16857
1.1608
1.15543
1.15493
1.15746
1.16057
1.16371
1.16725
1.17119
1.17498
1.17801
1.17998
1.18086
1.18075
1.17973
1.17774
1.17469
1.17057
1.16589
1.16173
1.1589
1.15663
1.15274
1.14614
1.13968
1.13814
1.14121
1.14352
1.14193
1.13809
1.13641
1.1406
1.1502
1.16124
1.17027
1.17614
1.179
1.17917
1.17672
1.17171
1.16501
1.15919
1.1576
1.16101
1.16656
1.17067
1.17142
1.16866
1.1636
1.15853
1.15584
1.1566
1.15987
1.16377
1.16694
1.16915
1.17075
1.17203
1.17299
1.17335
1.17281
1.17148
1.16999
1.16893
1.16777
1.16516
1.1613
1.15952
1.16284
1.16958
1.17582
1.1797
1.18141
1.18166
1.18078
1.17862
1.17489
1.16952
1.163
1.15638
1.15081
1.14735
1.14722
1.15141
1.15931
1.1686
1.1768
1.18233
1.18473
1.18434
1.18203
1.17903
1.17662
1.17556
1.17562
1.17581
1.17512
1.17321
1.17057
1.16829
1.16715
1.16662
1.16548
1.16353
1.16193
1.16155
1.16171
1.16112
1.15933
1.15689
1.1549
1.15432
1.15557
1.1583
1.16181
1.16538
1.16858
1.17127
1.1734
1.17502
1.17615
1.17677
1.17682
1.17616
1.17464
1.17207
1.1684
1.1638
1.15872
1.15388
1.15015
1.14826
1.14854
1.15067
1.15375
1.15664
1.15846
1.15899
1.15873
1.15873
1.16066
1.16577
1.17299
1.17958
1.18354
1.18429
1.18194
1.17658
1.16825
1.15754
1.14691
1.14092
1.14234
1.14848
1.1547
1.15897
1.16161
1.16352
1.16526
1.16692
1.16835
1.16938
1.16995
1.17005
1.16975
1.16911
1.16825
1.1673
1.16642
1.16581
1.16562
1.16594
1.16663
1.16738
1.16767
1.16695
1.16501
1.16244
1.16076
1.16145
1.16454
1.16867
1.17246
1.17537
1.17745
1.17892
1.17994
1.18058
1.18089
1.18093
1.18083
1.18074
1.1808
1.18106
1.18149
1.18191
1.18206
1.18153
1.17988
1.17681
1.1726
1.16831
1.16543
1.16483
1.1663
1.16888
1.17122
1.17207
1.17108
1.16914
1.16788
1.16832
1.17005
1.17198
1.17351
1.17478
1.17618
1.17796
1.18
1.18203
1.18383
1.18526
1.18633
1.18706
1.18744
1.18741
1.18676
1.18519
1.18233
1.17813
1.17354
1.17087
1.17242
1.178
1.18508
1.19115
1.19491
1.1959
1.19397
1.18932
1.18278
1.17591
1.17029
1.1665
1.1642
1.16339
1.16487
1.16902
1.17447
1.17847
1.17833
1.17311
1.1654
1.16188
1.16727
1.17806
1.18809
1.19485
1.1987
1.20067
1.20153
1.20171
1.2014
1.20065
1.1995
1.19801
1.19625
1.19419
1.19165
1.18858
1.18547
1.18337
1.18316
1.18484
1.18789
1.19195
1.19674
1.20173
1.20623
1.20979
1.21234
1.21412
1.21545
1.21652
1.21733
1.21759
1.21681
1.21447
1.21061
1.20645
1.20399
1.2041
1.20563
1.2071
1.20825
1.2099
1.21289
1.21724
1.222
1.22585
1.22773
1.22706
1.22374
1.21845
1.21318
1.21049
1.2111
1.21292
1.21318
1.21073
1.2069
1.20478
1.20629
1.21017
1.21393
1.21638
1.2176
1.21811
1.2182
1.21794
1.21725
1.21605
1.21439
1.21249
1.21072
1.20954
1.20927
1.20996
1.21136
1.21297
1.21425
1.21468
1.21384
1.21146
1.20744
1.20217
1.19679
1.19303
1.19222
1.19458
1.19979
1.2074
1.21627
1.22464
1.23104
1.23479
1.23572
1.2339
1.22974
1.22448
1.22026
1.21927
1.2221
1.22747
1.23351
1.23903
1.24365
1.24745
1.2505
1.25265
1.25338
1.25201
1.24799
1.24129
1.23258
1.22292
1.21344
1.20569
1.20188
1.20287
1.20677
1.21119
1.21645
1.22385
1.23171
1.2366
1.23829
1.23975
1.24159
1.24053
1.23397
1.22254
1.20921
1.19765
1.19086
1.19018
1.19427
1.19976
1.20367
1.20518
1.20523
1.20513
1.20545
1.20589
1.20594
1.20538
1.20431
1.20298
1.20162
1.20033
1.19904
1.19754
1.19556
1.1929
1.18949
1.18546
1.18115
1.17724
1.17472
1.17452
1.17658
1.17971
1.1824
1.18371
1.18342
1.18183
1.17942
1.17671
1.17406
1.17171
1.16989
1.16896
1.16921
1.17072
1.17325
1.17637
1.17955
1.18231
1.18428
1.1852
1.18494
1.18352
1.18117
1.17847
1.17629
1.17547
1.1764
1.17868
1.18143
1.18368
1.18469
1.18396
1.18126
1.17669
1.171
1.16582
1.16347
1.16567
1.17204
1.18025
1.18787
1.19365
1.19739
1.19938
1.19994
1.19931
1.1976
1.19484
1.19115
1.18687
1.18283
1.18018
1.17977
1.18133
1.18356
1.18509
1.18521
1.18413
1.18255
1.18098
1.17919
1.17647
1.17263
1.16892
1.16762
1.16981
1.17419
1.17884
1.18302
1.18699
1.19106
1.19523
1.19922
1.20278
1.20574
1.20802
1.20963
1.21065
1.21125
1.21174
1.21246
1.21368
1.21534
1.21692
1.21751
1.21624
1.21271
1.20759
1.20278
1.20073
1.20284
1.20806
1.21359
1.217
1.21784
1.21746
1.21809
1.22143
1.22729
1.23378
1.23874
1.241
1.24061
1.23858
1.23659
1.23587
1.23616
1.23605
1.23464
1.23252
1.23126
1.23216
1.23556
1.24108
1.2476
1.25329
1.25646
1.25639
1.25374
1.25047
1.24857
1.24819
1.24833
1.24867
1.24924
1.24864
1.24397
1.23174
1.21309
1.20661
1.22679
1.2517
1.26389
1.26363
1.25408
1.23738
1.21845
1.20812
1.21378
1.22843
1.24174
1.25039
1.25542
1.25856
1.26095
1.26307
1.26489
1.26623
1.267
1.26727
1.26723
1.26704
1.26674
1.26624
1.26546
1.26437
1.26304
1.26153
1.25986
1.25796
1.25569
1.25285
1.24931
1.24521
1.24119
1.23838
1.23782
1.2397
1.24324
1.24731
1.25104
1.25392
1.25567
1.25603
1.25466
1.25111
1.245
1.23651
1.22707
1.21935
1.21564
1.2159
1.21829
1.22155
1.22563
1.23038
1.23466
1.23717
1.23744
1.23575
1.23269
1.22885
1.22471
1.22089
1.21816
1.21718
1.21789
1.21941
1.22069
1.22108
1.2205
1.21928
1.2179
1.21674
1.21595
1.21545
1.21506
1.21463
1.21403
1.21316
1.2118
1.20973
1.20722
1.20548
1.20595
1.20855
1.21129
1.21226
1.21094
1.20817
1.20531
1.20361
1.20378
1.20579
1.20907
1.21283
1.21622
1.21833
1.21809
1.21423
1.20546
1.19287
1.18361
1.18632
1.19827
1.21033
1.21857
1.22355
1.22661
1.22866
1.2302
1.23147
1.23253
1.23337
1.23387
1.23384
1.233
1.23107
1.22782
1.22326
1.21784
1.2123
1.20745
1.20433
1.20499
1.21123
1.22176
1.23272
1.2413
1.24685
1.24995
1.25132
1.25136
1.25013
1.24773
1.24467
1.24173
1.2395
1.23805
1.23694
1.23536
1.23223
1.22668
1.21971
1.21573
1.21977
1.23122
1.24479
1.25636
1.26453
1.26918
1.27059
1.26928
1.2661
1.2621
1.25809
1.25431
1.25103
1.24911
1.24917
1.25061
1.2524
1.25444
1.25762
1.26253
1.26848
1.27391
1.27736
1.27772
1.27384
1.26465
1.25121
1.23996
1.23839
1.2435
1.24623
1.24341
1.23887
1.23848
1.24336
1.24906
1.25177
1.25275
1.25598
1.26226
1.26826
1.27122
1.27088
1.26831
1.26467
1.26056
1.2561
1.25148
1.24743
1.24511
1.24519
1.24723
1.2499
1.2519
1.25245
1.25134
1.24872
1.24497
1.24064
1.23637
1.23288
1.23073
1.22989
1.22946
1.22807
1.22474
1.21959
1.21402
1.2104
1.21112
1.21652
1.22395
1.2303
1.234
1.23468
1.23289
1.2303
1.22914
1.23035
1.23269
1.23409
1.23334
1.23055
1.22715
1.22492
1.22426
1.22379
1.22285
1.22351
1.22827
1.23609
1.24377
1.24942
1.25298
1.25472
1.25409
1.24958
1.23949
1.2243
1.20935
1.20108
1.19768
1.19495
1.19521
1.2004
1.21055
1.22398
1.23609
1.2435
1.24628
1.24628
1.24516
1.24354
1.24093
1.23644
1.22949
1.22057
1.21204
1.20807
1.21173
1.22141
1.23241
1.24142
1.24763
1.25147
1.25359
1.25435
1.25368
1.25104
1.2455
1.23619
1.22402
1.21477
1.21628
1.22674
1.23608
1.23801
1.23146
1.2181
1.20339
1.19595
1.19957
1.20926
1.21863
1.22432
1.22537
1.22283
1.21966
1.21881
1.22064
1.2234
1.22544
1.2259
1.22434
1.22052
1.2145
1.20701
1.19975
1.19509
1.19474
1.19875
1.20563
1.21304
1.21877
1.22102
1.21795
1.20818
1.19454
1.18733
1.19208
1.19974
1.20177
1.19759
1.18947
1.17964
1.17077
1.16627
1.16746
1.172
1.17724
1.183
1.18993
1.19711
1.20264
1.20541
1.20541
1.20322
1.19955
1.19527
1.19134
1.1886
1.18735
1.18715
1.18719
1.1868
1.1858
1.18449
1.18339
1.18312
1.1842
1.18684
1.19063
1.19467
1.1981
1.20042
1.20145
1.20108
1.19905
1.19503
1.18904
1.18229
1.1772
1.17544
1.17641
1.17866
1.18136
1.18406
1.18635
1.18812
1.18964
1.19147
1.19409
1.1974
1.20083
1.20377
1.20599
1.20761
1.20883
1.20979
1.21052
1.21095
1.211
1.21055
1.2095
1.20778
1.20548
1.20294
1.20081
1.19976
1.20007
1.2014
1.20299
1.20411
1.2043
1.20347
1.20217
1.2016
1.20301
1.20662
1.21142
1.2162
1.22035
1.22379
1.22654
1.22854
1.22972
1.23007
1.22949
1.22763
1.22397
1.21803
1.20993
1.20059
1.19124
1.18274
1.17568
1.17187
1.17507
1.18708
1.20359
1.21831
1.22831
1.23372
1.23571
1.23541
1.23363
1.23092
1.2277
1.22434
1.22123
1.21859
1.21625
1.21364
1.21022
1.20638
1.20389
1.20478
1.20908
1.21466
1.21918
1.22139
1.22075
1.21686
1.2097
1.20111
1.19608
1.19906
1.20795
1.21678
1.22199
1.22301
1.22057
1.21565
1.20928
1.20267
1.19775
1.19658
1.19951
1.20456
1.20953
1.21333
1.21569
1.21664
1.21639
1.21542
1.21444
1.21399
1.21422
1.2149
1.21567
1.21628
1.21655
1.21622
1.21487
1.21186
1.20638
1.19782
1.18687
1.17698
1.1733
1.17731
1.185
1.19181
1.19597
1.19779
1.19828
1.19829
1.19816
1.19788
1.19732
1.19664
1.19638
1.19735
1.19993
1.20351
1.20672
1.20819
1.20721
1.20407
1.20008
1.19699
1.1957
1.19538
1.19461
1.19283
1.19055
1.18868
1.18788
1.18848
1.19074
1.19486
1.20053
1.20659
1.21169
1.21497
1.21634
1.21611
1.21475
1.21252
1.20934
1.20466
1.19763
1.1877
1.17581
1.16596
1.16462
1.17436
1.18919
1.20155
1.20816
1.2083
1.20163
1.18888
1.17441
1.1649
1.16337
1.16956
1.18121
1.1932
1.20182
1.20666
1.20873
1.20907
1.20838
1.20706
1.20532
1.20319
1.20062
1.19756
1.19416
1.19093
1.18878
1.18858
1.19063
1.19429
1.19833
1.20133
1.20207
1.19973
1.19425
1.18712
1.18135
1.17879
1.1774
1.17373
1.16854
1.16863
1.17874
1.19407
1.20744
1.21612
1.22029
1.22052
1.21704
1.21035
1.20236
1.19662
1.19568
1.19888
1.20415
1.20985
1.21428
1.21579
1.21391
1.20856
1.19947
1.19306
1.19983
1.21406
1.22717
1.23985
1.25076
1.25622
1.2551
1.24902
