0.0394353
0.037015
0.0352417
0.034048
0.0332672
0.0327502
0.0324075
0.0322209
0.0322243
0.0324753
0.0330329
0.0339477
0.035259
0.0369911
0.0391476
0.041673
0.0444462
0.0472648
0.0499262
0.0523468
0.0545958
0.0568028
0.0589723
0.0608187
0.061742
0.06106
0.0586125
0.0552886
0.0526122
0.0516822
0.0525147
0.0539474
0.0543366
0.053047
0.0510153
0.049637
0.0497566
0.0514603
0.0539961
0.0558399
0.0556755
0.053656
0.0510184
0.0488414
0.0476505
0.0475502
0.0483082
0.049433
0.0503802
0.050864
0.0509944
0.0510941
0.0514142
0.0519844
0.0526297
0.0530825
0.0531108
0.0526197
0.051683
0.050506
0.0493307
0.0483637
0.047768
0.0477265
0.0484952
0.0503749
0.0534173
0.0567505
0.0583119
0.0566447
0.052808
0.0488792
0.0459537
0.0441406
0.0431783
0.0427615
0.0426548
0.042714
0.0429052
0.0432919
0.0440021
0.0451607
0.0467997
0.0487826
0.0508144
0.0525386
0.0537334
0.0543866
0.0545256
0.0540114
0.0526789
0.0507211
0.0487781
0.0476503
0.0481059
0.0509005
0.0564584
0.0634026
0.0675
0.0660274
0.0614787
0.0569957
0.0537053
0.0517671
0.0511778
0.0519878
0.0542704
0.0578938
0.0622288
0.0661526
0.0685941
0.0691086
0.067872
0.0654199
0.0624542
0.0596447
0.0573878
0.0557015
0.0543524
0.0530953
0.051817
0.0505412
0.0494976
0.0491935
0.0501437
0.0523839
0.0551492
0.0571751
0.057675
0.0569143
0.0556103
0.0542696
0.0531827
0.0525587
0.0524206
0.0525104
0.0524505
0.0520023
0.0511672
0.0501278
0.0491324
0.0483729
0.0478873
0.0475714
0.0472803
0.0469404
0.0465433
0.0461005
0.0456143
0.0451291
0.0447546
0.044638
0.0448486
0.045245
0.0454489
0.0450725
0.0441018
0.0429868
0.0423485
0.0427201
0.0444667
0.047721
0.0520729
0.0561938
0.0583892
0.0582316
0.0569743
0.056308
0.0573433
0.0599634
0.0623007
0.0622337
0.0603599
0.0587692
0.0575817
0.055558
0.0527877
0.0505214
0.0494738
0.0495024
0.0500359
0.0504387
0.0502846
0.0495031
0.0482753
0.0468468
0.045539
0.044872
0.0454945
0.0478371
0.0515117
0.0550359
0.0569119
0.0570406
0.0562673
0.0555338
0.0558994
0.0583543
0.0621803
0.0630299
0.0581622
0.0517088
0.0476467
0.0464416
0.0471281
0.0483486
0.0488002
0.0480601
0.0467608
0.0456733
0.0450136
0.0445167
0.0437966
0.0426643
0.0412219
0.0397281
0.0384237
0.0374533
0.0369005
0.0367966
0.0371395
0.0378679
0.0388121
0.0396775
0.0401378
0.0400287
0.0394848
0.0388416
0.038419
0.0383997
0.0388195
0.0396191
0.0406773
0.0418647
0.0430642
0.0442057
0.0452344
0.0461057
0.0467999
0.0473539
0.0478544
0.0483931
0.049031
0.0497643
0.0505373
0.0512733
0.0519342
0.0525359
0.0530995
0.0535882
0.053951
0.0542383
0.0546546
0.055428
0.0565629
0.0577581
0.0586073
0.0589233
0.0588895
0.0588584
0.0590504
0.0594504
0.0598926
0.0601536
0.0600292
0.0593449
0.0579904
0.0559598
0.0533775
0.0504665
0.0474876
0.0446934
0.0423029
0.0404853
0.0393451
0.0389095
0.0391414
0.039925
0.0410703
0.042319
0.0433831
0.0440219
0.0441255
0.0437484
0.0430329
0.0420675
0.0408272
0.0392909
0.0376065
0.0360512
0.0348551
0.0340846
0.0336641
0.0334495
0.0333244
0.0332513
0.0332825
0.0335153
0.0340341
0.0348829
0.0360485
0.037472
0.0390349
0.0405406
0.0417257
0.0423236
0.0422149
0.0415189
0.0405418
0.039654
0.0391701
0.0393193
0.0402356
0.0419511
0.0443409
0.0470922
0.0497705
0.052016
0.0537241
0.0550429
0.0562251
0.0575876
0.0594653
0.0616785
0.0630273
0.0621928
0.0593487
0.0558953
0.0528998
0.0505381
0.0485951
0.0471317
0.0466412
0.0476431
0.0503004
0.0542004
0.0581435
0.0602961
0.0594484
0.0562936
0.0527302
0.0502131
0.0491976
0.049544
0.0508969
0.0526741
0.053899
0.0534837
0.051183
0.0478936
0.0447139
0.0422135
0.0405061
0.0395526
0.0393429
0.0399551
0.041508
0.0440026
0.0470275
0.0497372
0.0515395
0.0526553
0.0532725
0.0529584
0.0518148
0.0508724
0.0507625
0.0512419
0.0519951
0.0529962
0.0537596
0.0530623
0.0503679
0.0467401
0.0435689
0.0414653
0.0404198
0.0402443
0.0407505
0.0417915
0.0432577
0.0451175
0.0474388
0.0503172
0.0536497
0.0569477
0.0596001
0.0615545
0.0633854
0.0654497
0.0672494
0.0677251
0.0663119
0.0636293
0.0609147
0.0590796
0.0584037
0.0586315
0.0591385
0.0592194
0.0584939
0.0570785
0.0553636
0.0536924
0.0522075
0.0508582
0.0495115
0.0481207
0.0468989
0.0463392
0.047089
0.0496589
0.0538158
0.0577462
0.0589702
0.0574519
0.0553389
0.0538944
0.0530058
0.0522473
0.0514622
0.0507718
0.0504225
0.05069
0.0518588
0.0540873
0.0570038
0.0593831
0.059963
0.0587834
0.0568006
0.0546736
0.0526781
0.0509894
0.0495442
0.0478931
0.0456255
0.0429193
0.0404124
0.0386266
0.0377652
0.0378513
0.0389076
0.0410335
0.04428
0.0482151
0.0513923
0.0521419
0.0505762
0.0483916
0.0468401
0.0461718
0.0462308
0.046911
0.048237
0.0502376
0.0527951
0.0558302
0.0596527
0.0639603
0.0657387
0.0622788
0.0565388
0.0526244
0.0516444
0.0530197
0.0555791
0.0577686
0.0583517
0.0574672
0.0563221
0.0558456
0.0561146
0.056738
0.0574065
0.0581091
0.0590131
0.0602576
0.0616251
0.0624133
0.062018
0.0606813
0.059316
0.0587316
0.0592218
0.0604385
0.0614324
0.0611663
0.0592894
0.0563502
0.0533155
0.0509578
0.0495892
0.0491635
0.04945
0.0500995
0.0506344
0.0506005
0.0499859
0.0492415
0.0486876
0.0482122
0.0477734
0.0477787
0.0485865
0.0497831
0.0502299
0.0491171
0.0468621
0.0445611
0.0429279
0.0420287
0.0416145
0.0414911
0.0416995
0.0424782
0.0440617
0.0464568
0.0493503
0.0522414
0.0547345
0.0567265
0.0583428
0.0596601
0.0604399
0.0601516
0.0583289
0.0550122
0.0508607
0.0468562
0.0438992
0.0426066
0.0433009
0.0460417
0.0505846
0.0563331
0.0623746
0.0675033
0.0702581
0.0697065
0.0665746
0.0628971
0.0604744
0.0598085
0.0599586
0.059276
0.0569232
0.053623
0.0506551
0.0488558
0.0485807
0.049942
0.0527394
0.0559304
0.0575404
0.056481
0.0540556
0.0521408
0.0513536
0.0512241
0.0509683
0.0501018
0.0486939
0.047198
0.0460824
0.0455718
0.0456083
0.0459802
0.0464788
0.0469417
0.0471668
0.0468661
0.0457966
0.0440386
0.042032
0.0402994
0.0391585
0.0386529
0.0386583
0.039013
0.0396054
0.0404053
0.0414091
0.0425586
0.0436762
0.0445046
0.044843
0.0446811
0.0442058
0.0436839
0.0433866
0.0435857
0.0445961
0.0467578
0.0503177
0.0551027
0.0600879
0.063525
0.0643026
0.0630573
0.0612761
0.0598437
0.058743
0.0576058
0.0563735
0.0554811
0.05551
0.0567212
0.0588594
0.061306
0.0635043
0.0652851
0.0667574
0.0679219
0.068138
0.0661997
0.0622434
0.0583062
0.0560204
0.055624
0.0565805
0.058068
0.0592442
0.0597289
0.0600492
0.0611451
0.0627928
0.0627106
0.0591389
0.0537471
0.0491301
0.0461864
0.0446554
0.0440775
0.0441423
0.0447309
0.0458404
0.047474
0.0495072
0.0516134
0.0533202
0.0542684
0.0544903
0.0544404
0.0547245
0.0556559
0.0569078
0.057679
0.0574511
0.0564715
0.0552723
0.0540609
0.0527133
0.0510663
0.0491544
0.047237
0.0456693
0.0447303
0.0445935
0.0453799
0.0471653
0.0498912
0.0532835
0.0569371
0.0601491
0.0616144
0.0603371
0.0569313
0.052925
0.049433
0.0468703
0.0452444
0.0444364
0.0443253
0.0448077
0.0457384
0.0468627
0.0478266
0.048323
0.0482668
0.047791
0.0470935
0.046391
0.0459562
0.0461047
0.0470725
0.048878
0.0512306
0.0535575
0.0552476
0.0559761
0.0558586
0.0552943
0.0546717
0.0541949
0.0539027
0.0537985
0.0539383
0.0544545
0.0555144
0.0572387
0.0595621
0.0620255
0.0637431
0.0639554
0.0627757
0.0609548
0.0590314
0.0570581
0.054898
0.0525177
0.0501061
0.0479594
0.0463299
0.0453069
0.0447882
0.0445306
0.0442429
0.0437135
0.042902
0.0419627
0.0411736
0.04082
0.0411096
0.0421126
0.0437392
0.0457582
0.0478975
0.050036
0.0523072
0.0550118
0.0583658
0.0622501
0.0660545
0.0687096
0.0690993
0.0668012
0.062447
0.0572317
0.0521746
0.0478241
0.0443455
0.0417036
0.0397837
0.0384512
0.0375854
0.0370897
0.0368949
0.0369507
0.0372213
0.0376753
0.0382793
0.0389971
0.0397901
0.0406334
0.0415422
0.042617
0.0440876
0.0463054
0.0494618
0.0528512
0.05449
0.0530728
0.0499609
0.0472578
0.0457573
0.045252
0.0452881
0.0455053
0.0457029
0.0458029
0.0458139
0.0457861
0.0458092
0.0460097
0.0465394
0.0475358
0.0490641
0.0510376
0.0531684
0.0549274
0.0557104
0.055297
0.0540678
0.0524963
0.0507477
0.0489306
0.0473468
0.0463419
0.046103
0.046631
0.0477774
0.0492421
0.0505739
0.0513245
0.0512818
0.0506109
0.0497775
0.0493869
0.0499658
0.0516967
0.054187
0.0565969
0.0580647
0.0577852
0.055214
0.051009
0.0467296
0.0434754
0.0415032
0.0406235
0.0405566
0.0410614
0.0419612
0.0431543
0.0445786
0.0461888
0.047912
0.0496551
0.0513171
0.0528212
0.0541559
0.0554319
0.056868
0.0586411
0.060611
0.0621898
0.0625554
0.0611111
0.0578444
0.0533943
0.0487309
0.0446768
0.0417149
0.0400805
0.0399428
0.0415438
0.0452162
0.0512601
0.0595288
0.0688397
0.0767557
0.0804491
0.0784882
0.0722093
0.0645167
0.0574607
0.0516601
0.0470584
0.043506
0.0409116
0.0391921
0.0382501
0.0379857
0.0383119
0.0391669
0.0405037
0.0423004
0.0445411
0.0471936
0.0501125
0.0528882
0.0549107
0.0558116
0.0557822
0.0552614
0.0546013
0.0541053
0.0540544
0.0545954
0.055686
0.0570965
0.0584381
0.0593251
0.0596035
0.0593665
0.0587493
0.0577952
0.0565054
0.0548906
0.0530032
0.050949
0.0488903
0.0470003
0.0454605
0.0444458
0.0441389
0.0447102
0.046283
0.0488563
0.0522524
0.0560954
0.059864
0.0630441
0.0652583
0.0661348
0.0651752
0.0622426
0.0580292
0.0535013
0.0492832
0.0457415
0.0431939
0.0419159
0.042112
0.0439505
0.0476231
0.0532969
0.0606801
0.0683217
0.0742311
0.0782648
0.0813336
0.081523
0.0757334
0.0656742
0.0557718
0.0482215
0.0431158
0.0399109
0.0381024
0.0373931
0.0376822
0.0390316
0.041611
0.0455841
0.0508467
0.0566095
0.0612608
0.0631873
0.0621371
0.0594568
0.056839
0.055187
0.0545275
0.0545059
0.0547935
0.0551898
0.0555022
0.0554903
0.0549419
0.0538271
0.0524189
0.0512792
0.0510555
0.0521465
0.054341
0.0565911
0.0574344
0.0561465
0.0533372
0.0502269
0.0477128
0.0461687
0.0456704
0.0462266
0.0477762
0.0499247
0.0516087
0.0516112
0.0498919
0.0476942
0.0463092
0.0467063
0.050229
0.058929
0.0715106
0.0764891
0.0704822
0.0645706
0.0619109
0.0604578
0.0581455
0.054333
0.0501321
0.046901
0.0451389
0.0446588
0.0450344
0.0458476
0.0468027
0.0477889
0.0488617
0.050071
0.0511613
0.0514927
0.0504908
0.0482332
0.0454129
0.0427815
0.0408101
0.0396715
0.0393596
0.0397825
0.0407879
0.0421646
0.0436818
0.0451689
0.0465786
0.0479191
0.0491102
0.0499051
0.0499841
0.0491876
0.0476984
0.0459786
0.0445593
0.0438641
0.0441528
0.0455213
0.0478445
0.0506651
0.0531895
0.0546412
0.0548013
0.0540779
0.053075
0.0523179
0.0522116
0.0529789
0.0545086
0.0562678
0.0574317
0.0572841
0.055604
0.052744
0.049387
0.0462184
0.0437167
0.0421207
0.0415046
0.0418617
0.0430985
0.044922
0.0466735
0.0474995
0.0470268
0.0457611
0.0445636
0.0440119
0.044283
0.0453363
0.0470084
0.0490308
0.0510586
0.0527818
0.0539528
0.0542656
0.0534037
0.0514302
0.0488969
0.0464792
0.0446413
0.0436678
0.0438526
0.0455074
0.0485544
0.0516512
0.0523353
0.0497452
0.0457749
0.0424268
0.0403457
0.039422
0.0394066
0.0400951
0.0413503
0.043079
0.0452162
0.0477215
0.0505678
0.0536776
0.0567591
0.0591031
0.0596969
0.057986
0.0545561
0.0507197
0.047629
0.0458821
0.045533
0.0460169
0.0462598
0.0455141
0.0442356
0.0434889
0.0436365
0.0438504
0.0429442
0.0407945
0.0384439
0.0369175
0.0366263
0.0375146
0.0392315
0.0412356
0.0430769
0.0448055
0.046966
0.0500581
0.0540019
0.0580696
0.061417
0.0637605
0.0653439
0.0660567
0.0650874
0.062233
0.0586931
0.0557556
0.0537266
0.0521748
0.0505565
0.0486289
0.0464946
0.0443876
0.0424641
0.0407609
0.0392584
0.0379511
0.0368644
0.0360372
0.0355056
0.0353004
0.0354503
0.0359956
0.0370009
0.0385506
0.0407289
0.0435788
0.047038
0.0508885
0.0547857
0.0584098
0.0616091
0.0643666
0.0665789
0.0677233
0.0668567
0.0634727
0.05838
0.0531236
0.0488252
0.0458798
0.0442547
0.0438061
0.044394
0.0457938
0.0474939
0.0487446
0.0492242
0.0495697
0.0507579
0.0531125
0.0560681
0.0586787
0.060315
0.0607872
0.0600013
0.0579541
0.0551127
0.0523332
0.0502998
0.0491769
0.0487017
0.0485336
0.0485955
0.0492053
0.0509862
0.054647
0.0604386
0.0668036
0.0698259
0.0672124
0.061487
0.0559643
0.0517773
0.0487654
0.046643
0.0453128
0.0447851
0.0450427
0.0459402
0.0471419
0.0481466
0.0484849
0.047989
0.0468776
0.0455557
0.0443577
0.0434472
0.0428522
0.042546
0.0425093
0.0427667
0.0433937
0.0444962
0.0461741
0.0484507
0.0512034
0.054067
0.0563644
0.0572162
0.0561404
0.0536735
0.0510197
0.049178
0.0486484
0.0497191
0.0528129
0.058516
0.0666649
0.0741521
0.0751333
0.0678711
0.0574994
0.0488954
0.0432097
0.0398478
0.0381399
0.0377784
0.0388683
0.0418757
0.0470868
0.0527832
0.0545147
0.0510101
0.0464793
0.0438922
0.0433562
0.0441048
0.0453645
0.0464585
0.0468975
0.0465475
0.0456464
0.0446089
0.0437717
0.0433206
0.0433549
0.0439542
0.0451842
0.0470226
0.0492534
0.0514575
0.0532216
0.0544824
0.055661
0.0574334
0.0603965
0.0648525
0.0705539
0.0763199
0.0801353
0.0803768
0.0768155
0.0704833
0.0633774
0.0571301
0.0522143
0.0487762
0.0471533
0.0476423
0.0502444
0.0545002
0.0593294
0.0630582
0.0640809
0.0620578
0.0583201
0.0546996
0.0523068
0.0513444
0.0514508
0.0520646
0.0527233
0.0532434
0.0537501
0.054542
0.0558896
0.0578184
0.0599729
0.0617713
0.0628183
0.0631653
0.0631748
0.063361
0.0642187
0.0656741
0.0665412
0.0653049
0.0618173
0.0573346
0.0531167
0.0497373
0.0472739
0.0456723
0.0449789
0.0453926
0.0471446
0.0502155
0.0539291
0.0569052
0.0580271
0.0576024
0.0569178
0.0565861
0.0558662
0.0538737
0.0511005
0.0487956
0.0475732
0.0472244
0.0472088
0.0470532
0.0465427
0.0457277
0.0448252
0.0440862
0.043725
0.0438992
0.0447045
0.0461378
0.0480193
0.049942
0.0513729
0.0519621
0.0518208
0.0514396
0.0513254
0.0517389
0.0526814
0.0540003
0.0554779
0.0568143
0.0575911
0.0574278
0.0563119
0.054652
0.0529544
0.0515141
0.0504054
0.0496015
0.0490475
0.0486465
0.0483101
0.0480966
0.0482714
0.0491906
0.0510657
0.0538166
0.0570431
0.060026
0.0617209
0.0610768
0.0577765
0.0527545
0.047646
0.0436203
0.040995
0.0396091
0.0391844
0.0394813
0.0402999
0.0414274
0.0425852
0.0434273
0.0436483
0.0431683
0.0422177
0.0411925
0.0404297
0.0401142
0.040309
0.0410069
0.0421658
0.0437396
0.0456811
0.0479445
0.0504209
0.0528392
0.0547695
0.0558226
0.055916
0.0553621
0.0547962
0.0549258
0.0561835
0.0584766
0.0610924
0.0628627
0.0628286
0.0610294
0.0584762
0.0563261
0.0552493
0.0553777
0.0565426
0.0585724
0.0613002
0.0637118
0.0633041
0.0589402
0.0530161
0.0480633
0.0447079
0.0426566
0.0415783
0.0413081
0.041809
0.0430339
0.0446828
0.0459751
0.0459692
0.0444883
0.0423784
0.0406409
0.0397842
0.039916
0.0409855
0.0428824
0.0453689
0.0479872
0.0501266
0.0513486
0.0516754
0.0515139
0.0513883
0.0516864
0.0524757
0.0534006
0.0538749
0.0535622
0.052645
0.0515749
0.0506886
0.0500861
0.0496907
0.0493299
0.0488401
0.0481495
0.0473136
0.0465018
0.0459386
0.0458538
0.0464295
0.0477396
0.0496778
0.0519037
0.0538708
0.0549831
0.0548839
0.0537395
0.0522417
0.0511778
0.050906
0.0510836
0.0509097
0.0498988
0.048322
0.046675
0.0451066
0.043583
0.0422183
0.0413012
0.041125
0.0419137
0.0438199
0.0468199
0.0504258
0.0534474
0.0545845
0.0536245
0.0515257
0.0494014
0.047937
0.0474138
0.0478261
0.0489606
0.0504427
0.0518478
0.0528084
0.0531477
0.052988
0.0526188
0.0521984
0.0516951
0.0511087
0.0505839
0.0503368
0.0506183
0.051714
0.05382
0.0567867
0.0598766
0.0618883
0.0619718
0.0604324
0.058429
0.0570354
0.0566934
0.0571667
0.0577713
0.0577949
0.0569221
0.0554665
0.0542207
0.0540742
0.0556823
0.05919
0.0639064
0.0681778
0.0702173
0.0696257
0.0672443
0.0636621
0.0592173
0.0546175
0.0506919
0.0478677
0.0460431
0.0448688
0.0441664
0.0441093
0.0450231
0.0470201
0.049691
0.0520114
0.0528436
0.0519698
0.0503171
0.0490144
0.0486431
0.0492375
0.0504867
0.0518841
0.0528031
0.0526615
0.0512386
0.0489159
0.0464925
0.044698
0.0438607
0.0439125
0.0445546
0.0454318
0.0462731
0.0469096
0.0472161
0.0470747
0.0464911
0.0456532
0.0448191
0.0442026
0.0439716
0.0442774
0.0452154
0.0466795
0.0482216
0.0491379
0.0489449
0.0477785
0.046174
0.0445932
0.0432469
0.0422076
0.0415229
0.04125
0.0414214
0.0419464
0.0425076
0.0426264
0.0419733
0.0406768
0.0392147
0.0380481
0.0374369
0.0374802
0.0382341
0.039779
0.0422202
0.0455367
0.0492274
0.0520316
0.0526552
0.0513026
0.0496326
0.0493071
0.051217
0.0551174
0.0591286
0.0610379
0.0610986
0.0610552
0.0614022
0.0615081
0.0609006
0.0596463
0.0579406
0.0558096
0.0532999
0.0507493
0.0486607
0.0473684
0.046826
0.0466525
0.0463441
0.0455934
0.0444691
0.0432891
0.0424171
0.0422488
0.0432498
0.045816
0.0498388
0.0542287
0.0572653
0.0581089
0.0573453
0.0557528
0.053493
0.0505575
0.0472814
0.0442307
0.0418607
0.040402
0.0399397
0.0405006
0.0421176
0.0448076
0.0484425
0.0525086
0.056054
0.058175
0.0588678
0.0591186
0.0599801
0.0617775
0.0640021
0.0657616
0.0665331
0.0664064
0.065599
0.0640967
0.0617823
0.0586614
0.0550242
0.0514628
0.0486161
0.0468442
0.0461473
0.046283
0.0468973
0.0476856
0.0484939
0.0492673
0.0498904
0.0501149
0.0497261
0.0488071
0.0478264
0.0475284
0.0486543
0.051154
0.0529413
0.0513315
0.0472008
0.0435384
0.0415996
0.0411277
0.0417487
0.0434318
0.0462807
0.0501141
0.0542497
0.0576147
0.0592207
0.0587319
0.0566816
0.0540729
0.0518081
0.0503964
0.0499912
0.0505176
0.0517379
0.0532512
0.0544601
0.0545947
0.0530722
0.0500861
0.0466333
0.0437951
0.0421561
0.0417917
0.0424754
0.043838
0.0455345
0.0473752
0.0493
0.051169
0.0526268
0.0532684
0.0529429
0.051822
0.0502153
0.0483536
0.0463215
0.0441455
0.0419011
0.0397493
0.0378634
0.036356
0.0352682
0.0345794
0.0342349
0.0341485
0.0342179
0.0343336
0.0344119
0.0344431
0.0345096
0.0347942
0.0355502
0.0370705
0.0395797
0.042945
0.0462865
0.0482272
0.0481401
0.0466761
0.0447552
0.0429276
0.0415039
0.0407104
0.0406772
0.0414501
0.0430158
0.0452683
0.0478878
0.0502661
0.0516806
0.0517795
0.0508237
0.0493852
0.0479982
0.0470931
0.0470795
0.0483622
0.0511444
0.054973
0.0584355
0.0601005
0.0599787
0.0591536
0.0585777
0.0588122
0.0599899
0.0612094
0.0606181
0.0575541
0.0534334
0.0496664
0.0466373
0.0442969
0.0426518
0.0418186
0.0419059
0.0429011
0.0445783
0.0464666
0.0480081
0.04888
0.0491453
0.0490388
0.0487036
0.0481293
0.0472847
0.0462107
0.0450307
0.0438954
0.0429352
0.0422232
0.041794
0.041639
0.0417242
0.0419737
0.0422787
0.0425185
0.0426115
0.0425508
0.0424216
0.0423633
0.0424658
0.042634
0.0425508
0.0418904
0.0406507
0.0391923
0.0379467
0.0371738
0.0369361
0.0371939
0.0378772
0.0389148
0.0402354
0.0417452
0.0433194
0.0447893
0.0459627
0.0466838
0.0469104
0.0467458
0.0463965
0.0460849
0.0460074
0.046316
0.0471062
0.0484021
0.0501461
0.0521131
0.0537897
0.0544122
0.0534475
0.0511619
0.0484745
0.04627
0.0449857
0.0446176
0.0448804
0.0454212
0.0460007
0.0465638
0.0472247
0.0482001
0.0496962
0.0517312
0.0537901
0.0544981
0.0525826
0.0487991
0.0452564
0.0432813
0.0430562
0.0442624
0.0464389
0.04905
0.05159
0.0539451
0.0567561
0.0613355
0.0687444
0.0779362
0.0842042
0.0829516
0.0762819
0.0698979
0.0665912
0.0658619
0.0661839
0.0664489
0.0661874
0.0652944
0.0638027
0.0617752
0.059313
0.0566009
0.0538426
0.0511805
0.0487188
0.0466058
0.0450642
0.0443345
0.0445748
0.0456364
0.0467461
0.0466975
0.0450345
0.0426885
0.0409577
0.0405284
0.0415157
0.0437271
0.0466792
0.0494633
0.0508664
0.0500884
0.047434
0.0440426
0.0410031
0.0388984
0.0379052
0.0380266
0.039221
0.0414045
0.0443597
0.0476352
0.0505626
0.0525404
0.0534969
0.0540508
0.0550591
0.0570106
0.0596349
0.0616936
0.0616552
0.0595038
0.0569938
0.0556651
0.0556004
0.0556024
0.0543613
0.0518472
0.0490764
0.0468178
0.0451601
0.0438891
0.0428145
0.0418813
0.0411264
0.0406433
0.0405512
0.0409847
0.0420565
0.0438281
0.0462706
0.0492086
0.0523109
0.0551444
0.0573942
0.0591333
0.0609143
0.0634604
0.0669083
0.0699786
0.0704622
0.067639
0.0632226
0.0594098
0.0573301
0.0570624
0.0580111
0.059106
0.0591835
0.0577178
0.0551305
0.0522431
0.0496486
0.0475841
0.0460853
0.045101
0.0445496
0.0443501
0.0444836
0.0450573
0.0462783
0.0482406
0.0505251
0.0520533
0.0520226
0.0509833
0.0501379
0.0500246
0.0503051
0.0502826
0.0494542
0.0478067
0.0457594
0.0438196
0.0422878
0.0411804
0.0403387
0.0395839
0.0388582
0.038254
0.0379665
0.0382036
0.0391355
0.040868
0.0433996
0.0465605
0.0500033
0.0534235
0.0568691
0.0605525
0.0635435
0.0631517
0.058306
0.0516959
0.0460172
0.042035
0.0396072
0.03849
0.0384868
0.039377
0.0408409
0.0424608
0.0438457
0.0447867
0.0452686
0.0453612
0.0451541
0.0447678
0.0443469
0.0440265
0.0439322
0.0442278
0.0451372
0.0469591
0.0500204
0.0545755
0.0605392
0.067114
0.0726752
0.0754716
0.0749553
0.0724155
0.0698252
0.0680463
0.0663874
0.063653
0.059461
0.0545813
0.0500795
0.0465682
0.0442097
0.0429501
0.042604
0.0428294
0.0431318
0.0430735
0.0425496
0.0418308
0.0412982
0.0412109
0.0416546
0.0425957
0.0439254
0.0454457
0.0468753
0.0479142
0.0484181
0.0485024
0.0484625
0.0485861
0.0490231
0.0497901
0.0508407
0.0521384
0.0536527
0.0552675
0.0566814
0.0575064
0.057559
0.0568783
0.0554902
0.0533916
0.0508013
0.0481278
0.045723
0.0437712
0.0423455
0.0415063
0.0413333
0.0418941
0.0431689
0.0449196
0.046547
0.0472225
0.0464489
0.0445619
0.0424221
0.0407413
0.0398177
0.0396786
0.0402331
0.0413492
0.0428616
0.0445566
0.0461924
0.0475425
0.0484294
0.0487425
0.0484475
0.0476159
0.0464228
0.0450921
0.0438455
0.0428985
0.042496
0.042877
0.0441471
0.0460509
0.0478857
0.0489529
0.0492772
0.0495014
0.0501328
0.0512041
0.0524482
0.053602
0.0546351
0.0558534
0.0578236
0.0611114
0.0654688
0.0682942
0.0660962
0.0600974
0.0545022
0.0511273
0.0496748
0.0494341
0.0498911
0.0507814
0.0519617
0.0532158
0.0541267
0.0541895
0.0531672
0.0513522
0.049336
0.0475788
0.0461902
0.0449997
0.0437724
0.0424055
0.040993
0.0397368
0.0388089
0.0382998
0.0382238
0.0385477
0.0392183
0.0401762
0.0413748
0.0428082
0.0445057
0.0464639
0.0484945
0.0501364
0.050833
0.0503544
0.0490417
0.0475181
0.0462783
0.0455369
0.0453315
0.0455579
0.045933
0.046054
0.0456907
0.0450303
0.0445193
0.0445092
0.0451146
0.0462826
0.0478369
0.0493881
0.0503147
0.0503399
0.0503205
0.0520414
0.0569921
0.06409
0.0674588
0.0630831
0.0555907
0.0494831
0.0453144
0.0424747
0.04051
0.0391891
0.0383879
0.0380229
0.0379971
0.0381766
0.0383961
0.0385005
0.0384005
0.038099
0.037663
0.0372028
0.0368253
0.0366242
0.0366831
0.0370744
0.0378557
0.0390817
0.0408111
0.0430973
0.0459386
0.0490719
0.0517092
0.0528574
0.052454
0.0517559
0.0521546
0.0541441
0.0572601
0.0605015
0.0629445
0.0641517
0.0640438
0.0626208
0.0601158
0.0571801
0.0545163
0.0525395
0.0514152
0.0511305
0.051446
0.051843
0.0517136
0.0506972
0.0488911
0.0466742
0.0444308
0.0424352
0.0408948
0.0400013
0.0399149
0.0407529
0.0425326
0.0450373
0.0475824
0.0489818
0.0482586
0.045627
0.0422559
0.0391867
0.0368763
0.0354046
0.0347511
0.0349223
0.0359814
0.0380019
0.0409535
0.0445902
0.0484622
0.0521961
0.055746
0.0592073
0.0624105
0.0648566
0.0661397
0.0663408
0.065914
0.0651014
0.0635635
0.0608239
0.0570586
0.0531017
0.0497849
0.047578
0.0466762
0.0472167
0.0493048
0.0527057
0.0564573
0.0592148
0.0605077
0.0610599
0.0616023
0.0620556
0.0618492
0.0605902
0.058426
0.0559278
0.05374
0.0522908
0.0516386
0.0514864
0.0514643
0.0514987
0.0518855
0.0528695
0.0539859
0.0536667
0.0504603
0.0452402
0.0403213
0.0369965
0.0352777
0.0347042
0.0348162
0.0352567
0.0357853
0.0362753
0.0367088
0.0371498
0.0376832
0.0383739
0.0392291
0.0401882
0.0411406
0.041963
0.0425583
0.0428802
0.0429399
0.0427968
0.0425484
0.0423332
0.0423262
0.0427309
0.0437319
0.0454289
0.0477845
0.0506746
0.0541004
0.0583942
0.064092
0.0711189
0.077314
0.0791458
0.0762295
0.0712467
0.0656825
0.0599112
0.0546579
0.0507006
0.0482733
0.0470683
0.046468
0.045846
0.0448685
0.0436094
0.0424019
0.0416191
0.0415152
0.0421401
0.0433517
0.0449131
0.0466155
0.0483021
0.0498228
0.0510097
0.0516739
0.0516339
0.0508082
0.0493269
0.0475289
0.0458192
0.0445062
0.0437294
0.0434943
0.0437518
0.0444672
0.045637
0.0472575
0.0492574
0.0514371
0.0535391
0.0554174
0.0570099
0.0579486
0.0577185
0.0568066
0.0567804
0.0587845
0.0625802
0.0666691
0.0692557
0.0695631
0.0676693
0.063889
0.059409
0.0557833
0.0536364
0.0527054
0.0525006
0.0526556
0.0529808
0.0533138
0.0533076
0.0524445
0.0504721
0.0477431
0.0450203
0.0429703
0.0419108
0.041834
0.0425136
0.0435995
0.0447161
0.045641
0.0464826
0.0476629
0.0495516
0.0518169
0.053133
0.0521921
0.0491676
0.0453412
0.0417602
0.0388603
0.0367272
0.0353176
0.0345461
0.0343301
0.034597
0.0352954
0.0363974
0.0378888
0.0397563
0.0419932
0.0446264
0.0477297
0.0513519
0.0552444
0.0584302
0.0594351
0.0578024
0.0548079
0.0519524
0.0497898
0.0481881
0.0468898
0.0457894
0.044969
0.0446304
0.0449984
0.0462182
0.0482655
0.0509008
0.0537105
0.0562489
0.0581985
0.0593594
0.0594619
0.0581529
0.0554647
0.0520319
0.0486766
0.0459639
0.0441895
0.0435588
0.0442097
0.0458433
0.0471887
0.0465438
0.0437631
0.0404061
0.0377909
0.0362262
0.035508
0.0353673
0.0356065
0.0361039
0.0367828
0.0375919
0.0384742
0.0393698
0.0402036
0.0409082
0.0414396
0.0418188
0.0421412
0.0425736
0.0432855
0.0442867
0.0452112
0.0453656
0.044324
0.0425664
0.0412517
0.041613
0.0446247
0.0502487
0.0560738
0.0592739
0.0606457
0.060966
0.0593855
0.0574134
0.0570904
0.0581023
0.0587686
0.0579209
0.0555078
0.0524407
0.0498199
0.0481763
0.0475478
0.047736
0.0484414
0.0494086
0.0505633
0.0520678
0.0541745
0.0568737
0.0594563
0.060852
0.0609447
0.0606928
0.0604813
0.0594524
0.0567145
0.0525504
0.0480758
0.0443511
0.0421869
0.0424859
0.0462925
0.0529472
0.0567702
0.0533574
0.047872
0.0447828
0.0435101
0.0424021
0.0408044
0.0390171
0.0375934
0.0369574
0.0374378
0.0393571
0.0428731
0.0472998
0.0505984
0.051057
0.0495456
0.0479875
0.0471685
0.0469161
0.0469027
0.0469376
0.0469703
0.0470193
0.0471021
0.0471843
0.0472059
0.0471429
0.0470623
0.047149
0.0476075
0.0484945
0.0495748
0.0504523
0.0508423
0.0506317
0.0497582
0.0482477
0.0463485
0.0445226
0.0432933
0.0430753
0.0441037
0.0464383
0.0499587
0.054244
0.0584861
0.0619222
0.0645712
0.0669989
0.06896
0.068842
0.0654452
0.0599277
0.0547039
0.0516144
0.0520498
0.0569683
0.0641559
0.0665387
0.0619618
0.05573
0.0506527
0.046879
0.0442116
0.0423538
0.0408982
0.0395156
0.0381366
0.0369637
0.0363198
0.0365197
0.0377874
0.0401234
0.0431679
0.0462508
0.0489185
0.0513466
0.0539648
0.0567003
0.0586061
0.0585329
0.0567423
0.0549287
0.0544057
0.0551767
0.0563271
0.0569924
0.0571242
0.0572575
0.05779
0.0587065
0.0597148
0.0603441
0.059978
0.0582366
0.0555506
0.0528985
0.0509941
0.0499841
0.0496537
0.0496978
0.0498437
0.0498334
0.0493819
0.0482376
0.0463915
0.0441706
0.0420747
0.0405294
0.0397789
0.0399165
0.0409319
0.0426429
0.0445817
0.0460613
0.0466269
0.0464694
0.0461753
0.0461862
0.0465881
0.0472223
0.0478737
0.0483827
0.0487302
0.0490426
0.0495304
0.0503924
0.0517024
0.0532663
0.0545419
0.0548343
0.0538194
0.0518029
0.0493947
0.0471088
0.0452795
0.0440966
0.0436157
0.0437606
0.0443261
0.0450393
0.045647
0.04603
0.0463043
0.0468103
0.0479801
0.0501267
0.0532192
0.0567605
0.0600066
0.0625395
0.0644696
0.0656139
0.0651606
0.0629879
0.0601499
0.0576696
0.0559627
0.0549366
0.0539943
0.0523895
0.049999
0.0474415
0.0453563
0.043943
0.0430642
0.0424832
0.0420049
0.0415251
0.0410243
0.0405311
0.0401062
0.0398213
0.0397621
0.0400565
0.0409139
0.0426813
0.0458669
0.0508451
0.0567689
0.0605671
0.0594327
0.0543643
0.04848
0.0440527
0.0418455
0.0417133
0.0432209
0.0458375
0.0488566
0.0513591
0.0524847
0.0518658
0.0498153
0.0470634
0.0443745
0.0422543
0.0408846
0.0402204
0.0401141
0.0403627
0.040723
0.0409266
0.0407586
0.0401788
0.0393702
0.0386742
0.0384869
0.0391828
0.0410398
0.0439957
0.0472805
0.0495617
0.0501569
0.049673
0.0489888
0.0484767
0.0481992
0.0481525
0.0482961
0.0485617
0.0488911
0.049279
0.049805
0.0506103
0.0516553
0.0524264
0.0522046
0.0507986
0.0486906
0.0466595
0.045526
0.0458572
0.0476304
0.0501792
0.0525439
0.0540593
0.054626
0.0545142
0.0540904
0.0536192
0.0531309
0.0525524
0.0519755
0.0516288
0.0515033
0.0510976
0.0497897
0.0475692
0.0450851
0.0430376
0.0418106
0.0415375
0.0422569
0.0439633
0.046593
0.0499996
0.0539335
0.0579837
0.061399
0.063172
0.0628832
0.061186
0.0589754
0.0566078
0.0540741
0.0515272
0.0494861
0.0485984
0.0492511
0.0513141
0.0540524
0.0563136
0.0571709
0.0565578
0.0552077
0.0540156
0.053481
0.0534677
0.0533216
0.0523395
0.0504144
0.0482759
0.047064
0.0477915
0.051058
0.056742
0.0636458
0.069789
0.0732225
0.0728397
0.0695018
0.0654673
0.0621144
0.0595208
0.0577007
0.0570783
0.0579073
0.0597021
0.0612644
0.0613985
0.0598076
0.0571786
0.0544464
0.0521833
0.050457
0.049016
0.0477463
0.047005
0.0475408
0.0499843
0.0539528
0.0575618
0.0585622
0.056455
0.0527425
0.0492797
0.0470975
0.0463386
0.0465645
0.047017
0.0468991
0.0457513
0.0437066
0.0413146
0.0391174
0.0374305
0.0364016
0.0361427
0.0368032
0.0385274
0.0413127
0.0448433
0.0485096
0.0515993
0.0532461
0.0527413
0.0505931
0.0482654
0.0466319
0.0455497
0.0445446
0.0434743
0.0425827
0.0421744
0.0423965
0.0432039
0.0443765
0.0455687
0.0464658
0.0469969
0.0473762
0.0477912
0.0480204
0.0475917
0.046452
0.0451459
0.044221
0.0438185
0.0438127
0.0441229
0.0448303
0.046071
0.0478628
0.049951
0.051762
0.0525708
0.0519239
0.0499524
0.0472248
0.0443428
0.0417234
0.0396059
0.0381153
0.0373137
0.0372233
0.0378177
0.0390263
0.0407214
0.0427275
0.0448327
0.0468018
0.0484033
0.0494438
0.0498048
0.0494707
0.0485496
0.0472331
0.045728
0.0442008
0.0427859
0.0416379
0.0409575
0.0409764
0.0418803
0.0436604
0.0459786
0.0482779
0.0502225
0.0519566
0.0537098
0.0553688
0.056688
0.0577376
0.0587566
0.0596392
0.0599405
0.0594729
0.0585794
0.0576748
0.0567675
0.0555671
0.0538533
0.0516853
0.0493546
0.0472451
0.0457224
0.0450478
0.0453346
0.0465329
0.0484359
0.0506533
0.0525458
0.0532714
0.0521729
0.0493732
0.0458102
0.0426232
0.0405806
0.0399961
0.0409119
0.0432392
0.0467531
0.0509628
0.0549511
0.0575001
0.0577394
0.0558836
0.053023
0.0501976
0.047869
0.0460307
0.0445278
0.0432606
0.0422446
0.0415644
0.0413227
0.0415931
0.0424148
0.0437782
0.0456055
0.0476657
0.0494721
0.0503271
0.049779
0.0481
0.0460743
0.0443857
0.0433576
0.0430669
0.0434774
0.0445413
0.0462146
0.0484425
0.051106
0.0538554
0.0558791
0.0561279
0.0543623
0.0516067
0.0491372
0.0475823
0.0469504
0.0469816
0.0473459
0.0477766
0.0481366
0.0484357
0.0487418
0.0490837
0.049396
0.0495554
0.0494439
0.0490164
0.0483233
0.0474861
0.0466567
0.045978
0.0455893
0.0456641
0.0464315
0.0481545
0.0509278
0.0541916
0.0564389
0.0563616
0.0545253
0.0525768
0.0514674
0.0512342
0.0515452
0.0520811
0.0526254
0.052964
0.0528844
0.0524042
0.0519212
0.0519314
0.0526581
0.0539622
0.0554485
0.0566706
0.0573154
0.0573676
0.0570927
0.0568136
0.0566659
0.0564608
0.0557553
0.0542141
0.0520192
0.0497895
0.0480806
0.0470851
0.0466698
0.0465541
0.0464786
0.0462938
0.0459778
0.0456121
0.0453467
0.0453881
0.0459517
0.0472058
0.0492062
0.0518399
0.0547731
0.0573809
0.0588243
0.0584343
0.0562402
0.0529693
0.0494881
0.046363
0.0438194
0.0418765
0.0404649
0.0394974
0.0389082
0.0386598
0.038747
0.0391811
0.0399659
0.0410655
0.042372
0.0436971
0.0448054
0.0454906
0.0456359
0.0452677
0.0445396
0.0436807
0.0429222
0.04245
0.0423905
0.0428322
0.0438427
0.0454852
0.0477973
0.0507428
0.0541396
0.0575425
0.0601568
0.061013
0.059662
0.056759
0.0535759
0.0510471
0.0494689
0.0487231
0.0485322
0.0486143
0.0487617
0.0488898
0.0490214
0.0492197
0.0495566
0.05011
0.0509015
0.0517785
0.052459
0.0527966
0.0529338
0.0529727
0.0525992
0.05155
0.0503649
0.0499534
0.0505517
0.0514589
0.0517427
0.0511747
0.0503948
0.0502354
0.0510732
0.0527604
0.0549875
0.0576841
0.0609434
0.0644458
0.0671521
0.0679195
0.0665176
0.0637885
0.0607915
0.0581255
0.0558784
0.0538284
0.051658
0.0491791
0.0464899
0.0439389
0.041973
0.0411203
0.042101
0.0457927
0.0519036
0.0561504
0.0537495
0.0478472
0.0433471
0.0410025
0.0399019
0.0393829
0.0392785
0.039723
0.0409495
0.0431215
0.0461211
0.0493478
0.0517422
0.0523333
0.0511437
0.0493012
0.047925
0.0472787
0.0469784
0.0465929
0.0459982
0.0453482
0.0448689
0.044734
0.0450704
0.0460079
0.0476871
0.0501008
0.0527372
0.0544584
0.0543418
0.0527877
0.0511225
0.0504119
0.0509732
0.052383
0.0536859
0.0540288
0.0534649
0.0529888
0.0535361
0.0548603
0.0555524
0.0545816
0.0523931
0.0500743
0.0484042
0.0476728
0.0476675
0.0479262
0.0484152
0.0497443
0.0521725
0.05455
0.0549849
0.0531508
0.0509757
0.0508123
0.0536106
0.0572509
0.0570619
0.052355
0.0471874
0.0438833
0.0423731
0.042154
0.0429944
0.0448731
0.0477151
0.051008
0.0536328
0.0546066
0.0542119
0.0535531
0.0530415
0.0520362
0.0499302
0.0471171
0.0445552
0.0429481
0.0425575
0.0433238
0.0448815
0.0465664
0.0477032
0.0480224
0.0476674
0.0468426
0.0457058
0.0445303
0.043706
0.0435732
0.0443335
0.0460542
0.0486714
0.0519297
0.0553478
0.0584387
0.0611879
0.0641492
0.0676436
0.0704798
0.0702055
0.0663406
0.0613253
0.057223
0.0543857
0.0523705
0.050692
0.0490785
0.0475053
0.0460863
0.0449642
0.0442498
0.0440164
0.0442902
0.0450315
0.0460837
0.0471667
0.0479777
0.0483374
0.0482349
0.0477493
0.0469417
0.0458349
0.0444534
0.0428765
0.0412436
0.0397333
0.038501
0.0376486
0.0372035
0.0371335
0.0373705
0.0378539
0.0385605
0.0395221
0.0408035
0.0424589
0.044476
0.0466946
0.0487365
0.0500425
0.0502028
0.049348
0.0480687
0.0469112
0.0460335
0.0452833
0.0444691
0.0435295
0.0425344
0.0416028
0.0408653
0.0404736
0.0405606
0.0412384
0.0425745
0.044582
0.0472437
0.0505425
0.0544043
0.0582289
0.0602174
0.0584961
0.0539231
0.0491592
0.0456782
0.0435404
0.0423873
0.0419417
0.0420701
0.0427253
0.043866
0.045413
0.0472329
0.0491701
0.0510512
0.0526947
0.0539641
0.0548218
0.0552729
0.0552366
0.0545914
0.0533222
0.051559
0.0494893
0.0473198
0.0452391
0.0433684
0.0417567
0.0404074
0.0393169
0.0384952
0.0379658
0.0377534
0.0378877
0.0383915
0.0392804
0.0405579
0.0421956
0.0441299
0.0462423
0.0483696
0.0503274
0.0519794
0.053291
0.0543396
0.055198
0.0557565
0.0556474
0.054539
0.0525855
0.0504392
0.0487846
0.0479826
0.0480256
0.0486577
0.0495461
0.0504502
0.0513146
0.0521898
0.0531103
0.0540566
0.0550018
0.0559042
0.0566261
0.0569246
0.0565803
0.0555919
0.0542088
0.0527299
0.0512546
0.0496508
0.0477469
0.045546
0.0432579
0.0411277
0.0392825
0.0377419
0.0364826
0.0354943
0.0347798
0.0343521
0.0342261
0.0344128
0.0349245
0.0357675
0.0369281
0.0383358
0.0398239
0.041133
0.0420144
0.0424155
0.0425434
0.0427407
0.0433124
0.0444624
0.0463336
0.0490287
0.0523947
0.0556761
0.0577689
0.0583849
0.0583247
0.0583149
0.0583167
0.0579589
0.0571998
0.0565535
0.0567055
0.0580024
0.0602516
0.062867
0.0651287
0.0663261
0.0658122
0.0632958
0.0592531
0.0547012
0.0505043
0.047108
0.0446645
0.0431966
0.0426768
0.0430737
0.0443322
0.0462731
0.0483622
0.0497425
0.0498463
0.0489706
0.0477819
0.0465447
0.0451494
0.0436159
0.0422788
0.0415687
0.0417906
0.0430296
0.0450999
0.0474711
0.0492903
0.0497627
0.0486964
0.0466326
0.0444126
0.0426919
0.0417833
0.0417391
0.0424559
0.0437068
0.0451356
0.0463079
0.0468631
0.0466763
0.0458642
0.0446438
0.0432237
0.0417743
0.0404482
0.0393859
0.0387193
0.0385643
0.0390293
0.0402069
0.0421289
0.0446749
0.047437
0.0497646
0.0511126
0.0514643
0.0512819
0.0510839
0.0511269
0.0513075
0.0512516
0.0505873
0.049269
0.0475831
0.0459345
0.0446835
0.0441042
0.0443704
0.0454853
0.0471554
0.0487587
0.0496261
0.0495205
0.0487783
0.0479939
0.0476415
0.0479256
0.0487717
0.0499114
0.0510641
0.0521506
0.0533636
0.055014
0.0572017
0.0594856
0.0609513
0.0609556
0.059688
0.0577034
0.0553064
0.0525667
0.0496114
0.0467112
0.0441701
0.0421935
0.0408547
0.0401031
0.0398089
0.039788
0.039845
0.0398387
0.0397385
0.0396431
0.0397309
0.0401652
0.0409998
0.0421152
0.0432226
0.0440039
0.0443208
0.0443017
0.0442246
0.0443667
0.0449543
0.0461821
0.0481147
0.0502869
0.0514465
0.0505039
0.0479836
0.0454335
0.0438362
0.0432918
0.043453
0.0438714
0.0441823
0.0442315
0.0440964
0.0439982
0.0441451
0.044594
0.0451915
0.0456327
0.0456534
0.0452258
0.0445731
0.044013
0.0437987
0.044049
0.0447588
0.045841
0.0471931
0.0487858
0.0507304
0.0532034
0.0561143
0.0587034
0.0598371
0.0592528
0.0580004
0.0573542
0.0577806
0.0585138
0.0579343
0.0553234
0.051838
0.0489517
0.0471781
0.0463152
0.0460294
0.0461442
0.0466894
0.0477821
0.0494741
0.0514886
0.0529698
0.0528714
0.0511058
0.0487307
0.0467934
0.0456513
0.0451797
0.0451226
0.0452993
0.0456429
0.0462032
0.04709
0.0484089
0.0501947
0.0523803
0.0548707
0.0575914
0.060119
0.0611289
0.059324
0.05526
0.0507791
0.047296
0.0453786
0.0450643
0.0461027
0.0480619
0.0503851
0.0524952
0.05399
0.0547874
0.0551113
0.0552782
0.0554244
0.0553937
0.0548466
0.0535378
0.0515089
0.0490551
0.0465626
0.0443461
0.0425871
0.0413472
0.040632
0.0404348
0.0407733
0.0416382
0.0428817
0.0440919
0.0447174
0.0445599
0.044084
0.0440318
0.0448458
0.0464255
0.0482807
0.0499118
0.051149
0.0520666
0.052632
0.0526377
0.0520483
0.0512411
0.0507286
0.0507663
0.0512638
0.0519857
0.0527784
0.0536244
0.0545111
0.055455
0.0567747
0.0588456
0.0608728
0.0608087
0.0582132
0.0550036
0.0526566
0.0513427
0.0508363
0.0509851
0.0516273
0.052474
0.0531673
0.0534264
0.053173
0.0525002
0.0515679
0.0505166
0.0494722
0.0485666
0.0479433
0.0477395
0.0480483
0.048885
0.0501934
0.0519102
0.0540945
0.0569312
0.0602516
0.062754
0.0626427
0.0599385
0.0563914
0.0532659
0.0508133
0.0489088
0.0474184
0.0462719
0.0454397
0.0449093
0.0446551
0.0446107
0.0446372
0.0445373
0.0441209
0.043292
0.042116
0.0407912
0.0395682
0.0386624
0.0382194
0.0383009
0.0388966
0.0399255
0.0412481
0.0427222
0.0442593
0.0458325
0.0474175
0.0489476
0.0503496
0.0516394
0.0529195
0.0542485
0.0555625
0.056781
0.0578041
0.0581238
0.0568718
0.0537616
0.0496342
0.0457132
0.0427379
0.0408412
0.0398303
0.0394241
0.0393682
0.0394611
0.039564
0.0396033
0.0395602
0.0394621
0.0393648
0.0393406
0.039462
0.0397996
0.0403889
0.0412136
0.0421937
0.0432228
0.0442721
0.045495
0.047229
0.0498855
0.053759
0.0587731
0.0640829
0.0678356
0.0683225
0.0659875
0.0628463
0.0602403
0.0582837
0.0565248
0.0546053
0.0525846
0.0508425
0.0497673
0.0495264
0.0499713
0.0506384
0.050887
0.0501985
0.0484642
0.0459938
0.0432631
0.0406744
0.0384938
0.0368865
0.03596
0.0357797
0.0363692
0.0376887
0.0395894
0.041769
0.0437988
0.0452462
0.0458968
0.0458722
0.0455202
0.0451651
0.0449159
0.0446173
0.0439935
0.0429014
0.0415175
0.0402259
0.0393846
0.0391925
0.0397142
0.040925
0.0427135
0.0448173
0.0467172
0.047683
0.0471328
0.0451118
0.0423015
0.0395517
0.0374832
0.0364437
0.0366703
0.0384218
0.0420215
0.0476663
0.0547092
0.060908
0.0639629
0.0645319
0.0649623
0.0661518
0.0674726
0.0682216
0.0685025
0.0688058
0.0690063
0.0683141
0.0663113
0.0634206
0.060236
0.0570306
0.0538864
0.0508707
0.0480875
0.0456668
0.0437617
0.0425424
0.042184
0.0428257
0.0445181
0.047128
0.0502542
0.0532379
0.055382
0.0562625
0.0558712
0.0545473
0.0529007
0.0517244
0.0516867
0.0526753
0.0533288
0.0520861
0.0491372
0.0459904
0.0436475
0.0422307
0.0415371
0.0413806
0.041714
0.0426116
0.0441762
0.0464188
0.0491626
0.0520509
0.0545357
0.0558508
0.0552535
0.0526222
0.0487463
0.0449154
0.0421883
0.0409885
0.0411969
0.0424063
0.0441654
0.0461248
0.0481435
0.05027
0.0525624
0.054852
0.056676
0.0573986
0.0565495
0.0542052
0.0509472
0.0474292
0.0440925
0.0411691
0.0387615
0.0369094
0.0356203
0.0348873
0.0347038
0.0350637
0.0359527
0.0373413
0.0391658
0.0413313
0.0437597
0.046418
0.049266
0.0521132
0.0545715
0.0563333
0.0576463
0.0593479
0.0622244
0.0662908
0.0706055
0.0737508
0.0748429
0.0744317
0.074322
0.075753
0.0767659
0.0740528
0.0689881
0.0650786
0.0634899
0.0638887
0.0647391
0.0633112
0.0587771
0.0535156
0.0496414
0.047346
0.0458395
0.0444448
0.0431059
0.0421791
0.0419317
0.0423054
0.0429953
0.0436372
0.0439819
0.0439723
0.0437202
0.0434224
0.0432494
0.0432874
0.0435337
0.0439632
0.0446016
0.0455012
0.0466154
0.0476958
0.0484821
0.0491337
0.0502399
0.0521735
0.0545173
0.0562961
0.0567644
0.0558912
0.0542308
0.0524599
0.0509677
0.0498085
0.048926
0.0483171
0.0480425
0.048169
0.0487428
0.0497743
0.0512378
0.0530807
0.0552781
0.0577996
0.0603443
0.0620767
0.0620058
0.059953
0.0567554
0.0534499
0.0505831
0.0482359
0.0463964
0.0451497
0.0445131
0.044177
0.0435518
0.0422282
0.0403652
0.0385193
0.037207
0.0367377
0.037306
0.0391238
0.0424888
0.0476992
0.054508
0.0608997
0.0634965
0.0619102
0.0593172
0.0577247
0.0568862
0.0558338
0.0539639
0.051416
0.0488043
0.0467182
0.0454622
0.045055
0.0452443
0.0455375
0.0454167
0.044703
0.0437195
0.0430372
0.0431448
0.0443032
0.0464433
0.0490143
0.0510809
0.0520494
0.0522957
0.052667
0.0535314
0.0544752
0.0548055
0.054361
0.0535959
0.0527738
0.0516031
0.0498547
0.04778
0.0457534
0.0439943
0.0426569
0.0419386
0.0420787
0.0433248
0.0459528
0.0502468
0.0558483
0.0602815
0.0599475
0.0549369
0.0487598
0.0440559
0.0416411
0.0414548
0.0432874
0.047009
0.0522451
0.0574661
0.0600885
0.0594014
0.0575294
0.0562206
0.0555582
0.0550047
0.0542494
0.0533928
0.0527611
0.0526025
0.0528631
0.053127
0.0528565
0.0517904
0.0501866
0.0486317
0.0476757
0.0475932
0.0482895
0.049301
0.0500569
0.0503336
0.0503764
0.0504108
0.0502061
0.0492973
0.0476188
0.0457259
0.0443437
0.0438937
0.0444086
0.0456311
0.0471667
0.0486609
0.0498459
0.0504123
0.0499998
0.0485132
0.0463552
0.0441653
0.042417
0.0412935
0.0407718
0.04075
0.0411148
0.0417454
0.042511
0.043267
0.0439109
0.044461
0.0450821
0.0460156
0.0474658
0.0494952
0.0519956
0.0547268
0.0572709
0.0588478
0.0585906
0.05666
0.0545012
0.0536073
0.0546371
0.0572514
0.0600657
0.0610803
0.0590009
0.0542906
0.0486491
0.0436375
0.0399561
0.0376222
0.0363801
0.03598
0.0362811
0.0372822
0.0390991
0.0418667
0.0455486
0.0496771
0.0532658
0.0552874
0.0555938
0.0551747
0.0553491
0.0568486
0.0593816
0.0614874
0.0611695
0.0577581
0.052655
0.0476798
0.0438417
0.0414547
0.040515
0.0408995
0.0424051
0.0447395
0.0475334
0.0504586
0.0533357
0.0560649
0.0584481
0.0602428
0.0614528
0.0624406
0.0636506
0.065062
0.0658525
0.0649744
0.0623347
0.0588154
0.0553126
0.05229
0.0498747
0.0480283
0.0467017
0.045919
0.0457478
0.0461749
0.0469663
0.0476222
0.0476217
0.046935
0.0461517
0.0459842
0.0468143
0.04872
0.0516557
0.0553481
0.0588792
0.0607306
0.059948
0.0571377
0.053771
0.0510122
0.0493545
0.0487997
0.049068
0.0497222
0.0502831
0.0503861
0.0499242
0.0489736
0.0476587
0.0462178
0.0451667
0.0452451
0.047118
0.0507772
0.0549425
0.0576732
0.0580589
0.0564677
0.0542159
0.0528897
0.0529604
0.0536221
0.0537695
0.0530058
0.0519455
0.0514708
0.0518698
0.0526621
0.0530304
0.0524126
0.0508347
0.0487945
0.0468768
0.0454252
0.0445146
0.0440911
0.0441678
0.0449443
0.0468058
0.0500591
0.0541865
0.0571944
0.0571882
0.0550632
0.0532253
0.0528944
0.0536501
0.0540832
0.0530732
0.0508758
0.0485365
0.0467422
0.0456096
0.0450011
0.0447579
0.0447696
0.0449789
0.0453422
0.0457762
0.0461092
0.0461121
0.0456045
0.0445989
0.0433075
0.042008
0.0409149
0.0401346
0.0397016
0.0396149
0.0398761
0.0405159
0.0416015
0.0432264
0.0454356
0.0480662
0.0506099
0.0523981
0.0531427
0.0531436
0.0528439
0.0524064
0.0517623
0.0508435
0.0497062
0.0484989
0.0473783
0.0464282
0.0456428
0.0449471
0.0442413
0.0434465
0.042532
0.0415304
0.0405098
0.0395534
0.0387241
0.0380666
0.0376022
0.0373354
0.0372751
0.0374282
0.0378108
0.0384446
0.039347
0.040524
0.0419469
0.0435485
0.0452104
0.0467953
0.0481764
0.0492834
0.050121
0.0507661
0.0513318
0.0519154
0.0525528
0.0531674
0.0535562
0.0534484
0.0526732
0.0513046
0.0496601
0.0481265
0.0469862
0.046327
0.0460457
0.0459231
0.0457563
0.0454841
0.0452463
0.0453351
0.0460863
0.0477694
0.0504601
0.0538172
0.0568797
0.0584564
0.0581572
0.0566825
0.0549043
0.0532546
0.0519261
0.0511543
0.051127
0.051617
0.0518579
0.0511896
0.0498876
0.0488534
0.048707
0.0494962
0.0508881
0.0523504
0.0532545
0.0530941
0.0517697
0.0496797
0.0475474
0.0461935
0.0463538
0.0484375
0.0520375
0.0556319
0.0578023
0.0588233
0.0595051
0.0595337
0.0581731
0.0554916
0.0522945
0.0493832
0.0471772
0.0457257
0.0449034
0.0445818
0.044669
0.045069
0.0456349
0.0461657
0.0464595
0.0463904
0.0459668
0.0453125
0.0445914
0.0439141
0.0432845
0.0426226
0.0418357
0.040884
0.0398223
0.0387711
0.037871
0.0372519
0.0370283
0.037317
0.0382549
0.0399965
0.042672
0.0463023
0.0506626
0.0552825
0.059643
0.063379
0.0661819
0.0676992
0.067777
0.0666689
0.0648379
0.0626306
0.060276
0.0580142
0.0560749
0.0545288
0.0532459
0.0519406
0.0502866
0.0481313
0.0456693
0.0432864
0.0412855
0.0397821
0.0387854
0.0382734
0.0382269
0.0386235
0.0394243
0.0405631
0.0419211
0.0433013
0.0444446
0.045162
0.045489
0.0456805
0.0460172
0.0465937
0.0473094
0.0480528
0.0488301
0.0495579
0.0497509
0.0489164
0.0473194
0.0457501
0.0446885
0.0441901
0.0442189
0.044781
0.0457591
0.0467756
0.0474634
0.0479116
0.0486167
0.049939
0.0517044
0.053252
0.0538228
0.0530352
0.0510783
0.0484953
0.0458635
0.0436613
0.0423071
0.0421983
0.043706
0.0470217
0.0517556
0.0564406
0.0587825
0.0572667
0.0525824
0.0468858
0.0419666
0.0385084
0.0364484
0.0354823
0.0353061
0.0356868
0.0364437
0.0374184
0.0384441
0.039336
0.0399585
0.0403137
0.0405847
0.0410922
0.0421963
0.044174
0.0470718
0.0506283
0.0545528
0.0589831
0.0638726
0.0671309
0.065535
0.0595728
0.0529116
0.0480112
0.0455827
0.0456869
0.0481747
0.0525113
0.0572849
0.0602055
0.0596746
0.056433
0.0525194
0.0493048
0.0471087
0.0457766
0.0451708
0.0454135
0.0469203
0.0501521
0.0549891
0.0599349
0.0624334
0.0610933
0.0571294
0.0528442
0.0497464
0.0481621
0.047693
0.0476697
0.0474818
0.0468098
0.0457066
0.0445171
0.0437071
0.0436962
0.044707
0.0465824
0.0487243
0.0503914
0.0512706
0.0515578
0.0515025
0.0512535
0.0512017
0.0520725
0.0544575
0.0582421
0.0624326
0.0658107
0.0677766
0.0680818
0.0668526
0.0655745
0.0657235
0.0668566
0.0674677
0.0668124
0.0650875
0.0626211
0.0596102
0.0562848
0.0529492
0.0498823
0.0472521
0.0451081
0.0434344
0.0421969
0.0413696
0.0409221
0.0407987
0.0409239
0.0412414
0.041794
0.0427857
0.0445731
0.0474807
0.0513836
0.0552552
0.0574568
0.0571994
0.0551624
0.0523675
0.0494164
0.0465904
0.044021
0.0417872
0.0400429
0.0391082
0.0394354
0.0413421
0.0443355
0.0465486
0.0461886
0.0439754
0.0419704
0.0411705
0.0414348
0.0422925
0.0433757
0.0445251
0.045777
0.0472726
0.0490937
0.0510939
0.0527933
0.0535877
0.0531924
0.0518404
0.0500055
0.0480836
0.0463172
0.0448212
0.0436429
0.0427915
0.0422516
0.0420128
0.0421116
0.0426779
0.043892
0.0456553
0.0470938
0.046791
0.044386
0.041188
0.038631
0.0372751
0.0371102
0.0380031
0.0398951
0.0427842
0.046501
0.0503614
0.0531298
0.0539435
0.0531514
0.0516477
0.0499541
0.0481993
0.0464509
0.0448287
0.0434698
0.0424844
0.0419315
0.0418175
0.0421068
0.0427523
0.0437129
0.0449811
0.0465862
0.0485932
0.0510914
0.0541579
0.0577628
0.0613773
0.0634415
0.0620923
0.0575664
0.0522848
0.0482368
0.0459279
0.0450026
0.0448805
0.0450483
0.0451586
0.0450466
0.0446647
0.043992
0.0430033
0.0417589
0.0404561
0.0393723
0.0387342
0.0386697
0.0392218
0.0403849
0.0421103
0.0443037
0.0468099
0.0494135
0.0518608
0.0538936
0.0552891
0.0559357
0.0559251
0.0555366
0.0550767
0.054612
0.0538182
0.0521923
0.0495509
0.0463005
0.043143
0.0405952
0.0388406
0.0378152
0.0373727
0.0373743
0.0377206
0.0383613
0.0392792
0.0404489
0.0417797
0.0430783
0.0440648
0.0444958
0.0442911
0.0435794
0.0425932
0.0415303
0.040504
0.0395729
0.0388161
0.0383722
0.038444
0.0392505
0.0409681
0.0436171
0.0469342
0.0503384
0.0531066
0.0545751
0.0543248
0.0524486
0.0496465
0.0468416
0.0447085
0.0435094
0.0431609
0.0433455
0.0436505
0.0437737
0.0436823
0.0435746
0.043673
0.0440585
0.044643
0.0452193
0.0455556
0.0455162
0.0451404
0.0446525
0.0444102
0.0447968
0.046092
0.048293
0.0509074
0.0530171
0.0538661
0.053582
0.0531147
0.0534078
0.0547182
0.0565858
0.0583156
0.0595406
0.0603258
0.0608906
0.0613576
0.0615856
0.0611389
0.0595236
0.0566302
0.0529254
0.0491499
0.045909
0.043535
0.0421313
0.041653
0.0419297
0.0426598
0.043453
0.0439575
0.044031
0.0437501
0.043279
0.042719
0.0421153
0.0415507
0.0412432
0.0415697
0.043009
0.0459158
0.0500543
0.054099
0.0561018
0.0549719
0.0511441
0.045986
0.0409308
0.0368523
0.0339991
0.0322807
0.0315432
0.0317408
0.0329957
0.0356122
0.0398802
0.0453984
0.0502871
0.0524431
0.0521687
0.0511821
0.0503523
0.0499326
0.0500861
0.0507156
0.051415
0.0518041
0.0518653
0.0519174
0.0523223
0.0532601
0.054719
0.0566718
0.0594481
0.0641514
0.0722113
0.081591
0.0824452
0.071931
0.0607709
0.0544818
0.0526238
0.0533721
0.0543081
0.0534305
0.0508598
0.0480208
0.0457223
0.0439196
0.0423716
0.0410348
0.0400525
0.039584
0.0396641
0.0401734
0.0408883
0.0415382
0.0419025
0.0418712
0.0414688
0.0407859
0.0399184
0.0389385
0.0379095
0.0368959
0.0359646
0.0351763
0.0346023
0.0343833
0.0347987
0.0363365
0.0396256
0.044757
0.0497669
0.0513511
0.0498049
0.0486628
0.0496051
0.0517758
0.0533037
0.0527732
0.0503883
0.047474
0.0449717
0.0429453
0.0411469
0.0395131
0.038164
0.0372088
0.0366659
0.0365031
0.0367049
0.0372928
0.0383112
0.0397883
0.0417204
0.0440804
0.0468766
0.0501589
0.0539161
0.0579794
0.0619328
0.0646977
0.0647139
0.0618335
0.0577575
0.0540375
0.0512269
0.0492026
0.0474618
0.0455959
0.0437259
0.0423559
0.041902
0.0423964
0.0434433
0.0443913
0.0447507
0.0445524
0.0442518
0.0443172
0.0449174
0.0458863
0.0468578
0.0475177
0.0479244
0.0486565
0.0504951
0.0537181
0.0573728
0.0596201
0.059847
0.0593398
0.0585581
0.0566665
0.0541993
0.0528498
0.0534251
0.0556947
0.059108
0.0631743
0.0672782
0.0701274
0.0700237
0.0666995
0.0617183
0.0565831
0.0518985
0.0478336
0.0445093
0.0420475
0.040514
0.039889
0.0400905
0.0410207
0.0426113
0.0448242
0.0475657
0.0504818
0.0529249
0.0543724
0.0549419
0.0552878
0.0560904
0.0577071
0.0599459
0.0621439
0.0635659
0.0636255
0.0619314
0.0588196
0.0555308
0.0532633
0.0523472
0.0522999
0.0524258
0.0524655
0.052736
0.0536642
0.05533
0.0573969
0.0593101
0.0605153
0.0606185
0.0595004
0.0573028
0.0543622
0.0511266
0.0480303
0.0453916
0.0434011
0.0421864
0.0418271
0.0422954
0.0433281
0.0443574
0.0447436
0.0442989
0.0434807
0.0429495
0.0430691
0.0437707
0.0446661
0.0452657
0.0452099
0.0443954
0.0429746
0.041253
0.039555
0.0381285
0.0370983
0.036485
0.0362513
0.0363355
0.0366763
0.0372349
0.0379969
0.0390006
0.0403261
0.0420263
0.0439852
0.0458378
0.0472278
0.0481891
0.0491591
0.0506375
0.0528794
0.0555211
0.057302
0.0570063
0.0549883
0.0527237
0.0513424
0.0512357
0.0523287
0.0542692
0.0565374
0.0586343
0.0602157
0.0609253
0.0602354
0.0577879
0.0539454
0.0496115
0.045568
0.0421672
0.0394609
0.0373979
0.0359163
0.0349649
0.0345023
0.0344962
0.0349086
0.0356784
0.0366849
0.0377373
0.0386195
0.03919
0.0394674
0.0396267
0.0399163
0.040546
0.0416205
0.0431373
0.0450478
0.0473066
0.0498734
0.0526756
0.0555809
0.0580741
0.0588766
0.057141
0.0541512
0.0519053
0.0510908
0.0512107
0.0515377
0.051744
0.0518689
0.0519434
0.0518634
0.0515296
0.0509885
0.0504101
0.0498512
0.0489386
0.047029
0.0440562
0.0408096
0.0380405
0.0358676
0.0340655
0.0325247
0.0313417
0.0306379
0.0304056
0.0305129
0.0307939
0.0311458
0.0315765
0.0321765
0.0330463
0.0342172
0.0356633
0.0373811
0.0394991
0.0422704
0.0457169
0.0489662
0.0504536
0.049814
0.0484718
0.0478457
0.0484328
0.0499654
0.0514774
0.051781
0.0506187
0.0488537
0.0473708
0.0464214
0.0458661
0.0457479
0.0466102
0.0491087
0.0527795
0.0553906
0.0555522
0.0548818
0.055066
0.0557106
0.0555846
0.0545643
0.0538752
0.0545657
0.0568975
0.0604919
0.0638085
0.0643459
0.0611639
0.0560603
0.0512321
0.0476185
0.0453094
0.0443266
0.0449167
0.0474435
0.0518508
0.0568872
0.0601409
0.0598809
0.0563882
0.0510417
0.0454418
0.0410205
0.0385977
0.0383191
0.039886
0.0426844
0.0457874
0.0481371
0.049023
0.0484093
0.0467509
0.0446049
0.0424895
0.0409691
0.0408266
0.0431611
0.0485304
0.0538158
0.0526276
0.0458966
0.0397449
0.0360868
0.03414
0.0331128
0.0326407
0.0326006
0.032959
0.0337015
0.0348235
0.0363153
0.0381404
0.0401989
0.0423095
0.0442506
0.0458542
0.0470596
0.0478814
0.0483615
0.0485628
0.0485618
0.0484195
0.0481523
0.0477588
0.0472745
0.0468094
0.0465385
0.0466997
0.0475644
0.0493257
0.0516891
0.0533855
0.0528385
0.0501058
0.0469072
0.0447023
0.0440318
0.0449931
0.0475633
0.0514122
0.0553632
0.0574082
0.0562593
0.052659
0.0483209
0.0445285
0.0419224
0.040732
0.0409679
0.0427048
0.046477
0.0523415
0.0560607
0.0518777
0.0437583
0.0379427
0.0352962
0.0347197
0.0354227
0.0371532
0.0400076
0.0441384
0.0492004
0.0538636
0.0567143
0.0580473
0.0590199
0.0595283
0.0586524
0.0563645
0.0535803
0.0510621
0.0490157
0.0473382
0.045936
0.0448442
0.0442234
0.0442855
0.0452263
0.0471909
0.0502215
0.0541991
0.0587513
0.0632046
0.0666113
0.0679455
0.066645
0.0631946
0.0589666
0.0552849
0.0526
0.0503858
0.0478761
0.044955
0.0420861
0.0396678
0.0377899
0.0363726
0.0353459
0.0347163
0.0345442
0.0348486
0.0354698
0.036058
0.0363111
0.0362967
0.0364545
0.0372509
0.0388805
0.0412054
0.0438948
0.0466512
0.0493644
0.0519949
0.0543313
0.0559573
0.0564753
0.0556507
0.0533921
0.0499499
0.0461204
0.0428775
0.0408541
0.0403014
0.0412889
0.043801
0.0476621
0.052392
0.057164
0.0609681
0.062969
0.0629482
0.0613951
0.0590515
0.0564397
0.0537394
0.0509836
0.0483033
0.0459555
0.0441819
0.0431283
0.0428558
0.0433593
0.0445403
0.0462007
0.0480937
0.0500356
0.0519838
0.0539645
0.0559101
0.0575619
0.0585651
0.0586853
0.0578829
0.0561616
0.053556
0.0503463
0.0470944
0.0443519
0.0424291
0.0414044
0.0412603
0.0419594
0.0434495
0.0455455
0.0477877
0.0494985
0.0502591
0.0502329
0.0497824
0.0489885
0.047799
0.0464045
0.0452327
0.0446372
0.0447503
0.0455081
0.0467476
0.0482648
0.0498473
0.0512849
0.0523828
0.0529939
0.0530437
0.0525448
0.0515913
0.0503481
0.0489927
0.0476446
0.0463043
0.0448914
0.0433593
0.0417901
0.0403719
0.039329
0.0388589
0.0391297
0.040302
0.0425289
0.0458883
0.0501249
0.0542524
0.0564621
0.0550678
0.0504202
0.044964
0.0407409
0.0382877
0.0374056
0.0378461
0.0394844
0.0422243
0.0458515
0.0498772
0.0532695
0.0544974
0.0529705
0.050109
0.0477083
0.046382
0.0457826
0.0453634
0.0448899
0.0445327
0.044609
0.0452787
0.0464442
0.0479369
0.0498515
0.0526161
0.0563605
0.0598429
0.06073
0.0582884
0.0545515
0.051823
0.0508849
0.0513687
0.0525892
0.0539946
0.0552547
0.0561403
0.056268
0.0551147
0.0526516
0.0496786
0.0471244
0.0454286
0.0446154
0.0445676
0.0451125
0.0460013
0.0470034
0.0480586
0.0492876
0.0507947
0.0525274
0.0543852
0.0563889
0.0586127
0.0607071
0.0616831
0.0608834
0.0590725
0.0576712
0.0574258
0.0579902
0.058302
0.0576335
0.0563024
0.0551427
0.0544705
0.0535119
0.0512472
0.0479577
0.0451013
0.0438056
0.0441958
0.0456717
0.0473425
0.0484683
0.0487478
0.048298
0.0473941
0.0462708
0.0450704
0.0438907
0.0428396
0.0420612
0.0417064
0.0418594
0.0425183
0.0436103
0.0450498
0.0467752
0.048755
0.0509894
0.0533451
0.0553187
0.0561592
0.0555567
0.0539276
0.05184
0.0495386
0.0470291
0.0443732
0.0418054
0.0396315
0.0380791
0.0372448
0.0371243
0.0376217
0.0385379
0.0395713
0.0404157
0.0409246
0.0411816
0.0413968
0.0417233
0.0421896
0.0427591
0.0434166
0.0442269
0.045346
0.047015
0.049432
0.0523262
0.0545851
0.0551563
0.0545892
0.0544091
0.0553739
0.0572019
0.0592351
0.0609334
0.0619451
0.0619898
0.0608678
0.0586022
0.0555068
0.0520907
0.0488511
0.046122
0.0440698
0.0427467
0.0421524
0.0422583
0.0429912
0.0442284
0.0457895
0.0473959
0.0485615
0.0486233
0.0472835
0.045109
0.0431668
0.0422975
0.0428485
0.0446435
0.0468499
0.0481879
0.0479479
0.0465939
0.0450007
0.0436943
0.042876
0.0426262
0.0429672
0.0438793
0.0453119
0.0471572
0.049181
0.0509886
0.0521131
0.0522807
0.0516688
0.0508211
0.0502587
0.0501474
0.0502234
0.0499702
0.0489792
0.0473047
0.0455114
0.0443712
0.044651
0.0470982
0.052078
0.0580687
0.061302
0.0610313
0.0609865
0.062378
0.0622362
0.0589481
0.0549578
0.0527498
0.0528833
0.0549258
0.0580825
0.0614506
0.0640232
0.0641626
0.0609256
0.0561718
0.0524524
0.05081
0.0511489
0.0528314
0.0548177
0.0557618
0.0545173
0.0511046
0.0467926
0.0428981
0.0400057
0.0381615
0.0372689
0.0372996
0.0383167
0.0403116
0.0428654
0.0449125
0.0454001
0.0444663
0.0432545
0.0427001
0.0431286
0.0445956
0.0471519
0.0507431
0.0547531
0.0576796
0.0581077
0.0563819
0.0541787
0.0528506
0.0529534
0.0544976
0.0569941
0.0593995
0.0605607
0.0600668
0.058381
0.0561694
0.0539003
0.0519361
0.0505503
0.0498147
0.0496568
0.0500222
0.0508921
0.0522185
0.0538888
0.0557193
0.057454
0.058799
0.0595698
0.059777
0.0595736
0.0591338
0.0586005
0.0581481
0.0581243
0.0590833
0.0614642
0.0647232
0.0664124
0.0640167
0.0586199
0.0532341
0.0493247
0.0469127
0.0456983
0.0454939
0.0461852
0.0475421
0.0491316
0.0504851
0.0514162
0.0520783
0.0526833
0.0532359
0.053573
0.0535505
0.0530671
0.052005
0.0503236
0.0482438
0.0462027
0.0445802
0.0435239
0.0429735
0.0427606
0.0427166
0.0427566
0.0428983
0.0432628
0.0440478
0.0454936
0.0477714
0.0506289
0.0528995
0.0529645
0.0506298
0.0474533
0.0448708
0.0433195
0.0427115
0.0429393
0.0440747
0.04627
0.0493392
0.0521611
0.0530981
0.0519099
0.0501393
0.049231
0.0496593
0.0512893
0.0536333
0.0558784
0.0572096
0.0574043
0.0567752
0.055485
0.0534484
0.0509192
0.0486811
0.0476661
0.0486573
0.0520633
0.0572701
0.0617584
0.062381
0.058994
0.0544114
0.0508443
0.0487101
0.0475545
0.0468974
0.0465453
0.0465811
0.0471644
0.0481959
0.0490417
0.0488651
0.0475575
0.0459345
0.0448733
0.0447227
0.0453842
0.0465517
0.0478895
0.0491827
0.0504521
0.0518906
0.0536543
0.0556279
0.0573825
0.058437
0.0585821
0.0579054
0.0565727
0.0547482
0.0527608
0.0511757
0.0506202
0.0514843
0.0535782
0.0556699
0.0556282
0.0525757
0.0482548
0.0447767
0.0428684
0.0422817
0.0424661
0.0428868
0.0432009
0.0433122
0.0433138
0.0433559
0.0435689
0.044025
0.0447128
0.045511
0.0462162
0.046641
0.0467228
0.0465776
0.0464267
0.0464221
0.0465068
0.0464171
0.0458889
0.0448813
0.0436068
0.0423705
0.0413823
0.0406957
0.0402422
0.0399028
0.0395763
0.0392131
0.0388274
0.038476
0.0382311
0.0381638
0.0383158
0.0386962
0.0392743
0.0400044
0.040873
0.0419472
0.0433817
0.0453426
0.0478882
0.0509081
0.0541823
0.0574704
0.0603833
0.0621547
0.0620748
0.0606006
0.0594689
0.0602738
0.0629777
0.065439
0.0651735
0.0621126
0.0579349
0.0538893
0.0504542
0.0477488
0.045741
0.0443018
0.0432741
0.0425416
0.0420727
0.0419454
0.0423293
0.0434209
0.045245
0.0473234
0.0485996
0.0482629
0.0467299
0.0451756
0.0444408
0.0447485
0.0459315
0.0476192
0.0493388
0.0506737
0.0513869
0.0514018
0.0507386
0.049546
0.0482245
0.0475556
0.0488938
0.0538319
0.0607816
0.0610072
0.0522608
0.0436218
0.0388469
0.0368413
0.0363208
0.0366123
0.0374029
0.0385107
0.0397545
0.0409274
0.0418261
0.0423316
0.0424282
0.04218
0.0417169
0.04125
0.041048
0.0413782
0.0424325
0.0442325
0.0464569
0.0483588
0.0491718
0.0488458
0.0480768
0.0475547
0.0474837
0.047684
0.0478678
0.0478331
0.0475427
0.0470679
0.0465108
0.0459579
0.0454781
0.0451368
0.045001
0.0451335
0.0455776
0.0463442
0.047392
0.0486541
0.0500569
0.0514254
0.0522281
0.0516665
0.049565
0.0468574
0.0447375
0.0438312
0.0442186
0.0456849
0.047798
0.0498817
0.0511736
0.0513277
0.0507492
0.0501434
0.0497954
0.0494517
0.048752
0.0476025
0.0461461
0.0446017
0.0431413
0.0418587
0.0407787
0.0399079
0.0392398
0.0387841
0.038576
0.0386957
0.0392626
0.0403707
0.0420016
0.0439159
0.0456672
0.046866
0.047496
0.0479114
0.0485045
0.0494062
0.0504437
0.0513951
0.0522649
0.0530667
0.0532968
0.0521527
0.0496091
0.0465935
0.0440116
0.0422023
0.0411015
0.0405146
0.0402258
0.0400434
0.0398204
0.0394737
0.0390064
0.0384895
0.0380339
0.0377483
0.0377324
0.0380638
0.0388075
0.0399957
0.0416127
0.0435452
0.0456031
0.0475885
0.0493553
0.0507364
0.051453
0.0513259
0.0505569
0.0496275
0.0489133
0.0484922
0.0482393
0.0479982
0.0476949
0.0473496
0.0470338
0.0468174
0.0467379
0.0467967
0.0469592
0.0471773
0.0474045
0.0476241
0.0478338
0.0480239
0.0481629
0.0481657
0.0479033
0.0472436
0.0461332
0.0446649
0.0430435
0.041479
0.0401198
0.0390337
0.0382494
0.037798
0.037751
0.0382712
0.0396537
0.0423286
0.0466453
0.0521832
0.0570833
0.0593569
0.0591121
0.05776
0.056568
0.0565463
0.0581131
0.060361
0.060792
0.0578785
0.0534056
0.049584
0.0468454
0.0448189
0.043367
0.0427351
0.0433258
0.0453633
0.0482625
0.0501925
0.0495877
0.0472921
0.0452657
0.0444207
0.0446501
0.0455811
0.0469192
0.048464
0.0500334
0.0514198
0.0524083
0.052803
0.05247
0.0514383
0.0499081
0.0481206
0.0462506
0.0444248
0.0427916
0.0415492
0.0409039
0.0410483
0.0421449
0.0442858
0.0473899
0.0510214
0.0543375
0.0564233
0.0568759
0.0560118
0.054537
0.0530949
0.052025
0.0513829
0.0510681
0.0508897
0.0506072
0.0500813
0.0494599
0.0491737
0.0497563
0.0516347
0.0548489
0.0585548
0.0609582
0.0608176
0.0588813
0.0567073
0.0551161
0.054121
0.0534135
0.052746
0.0521997
0.0520796
0.0525156
0.0532599
0.0538661
0.0539474
0.0532707
0.0517683
0.0495691
0.0469778
0.0443658
0.0420567
0.0402841
0.0391944
0.038883
0.0394102
0.0408014
0.0429921
0.0457626
0.0486552
0.0510152
0.0521968
0.0518763
0.0502251
0.0477751
0.0451199
0.0426717
0.0406214
0.0390156
0.0378426
0.0371068
0.0368305
0.0370494
0.0377835
0.0390138
0.0406537
0.0425198
0.0442951
0.0455431
0.0458803
0.0452926
0.0441942
0.0431198
0.0424568
0.042436
0.0432648
0.0451849
0.0483527
0.0525111
0.0566735
0.0595464
0.0605174
0.0597598
0.0575849
0.0543483
0.0505846
0.0469
0.0437467
0.0413376
0.0397023
0.0387854
0.0385266
0.0388747
0.0397921
0.0412074
0.0429757
0.0448509
0.0465647
0.0479904
0.0492968
0.0508635
0.052976
0.0554952
0.0577734
0.0590766
0.059255
0.058813
0.0583255
0.058059
0.0580093
0.0581098
0.0583141
0.0584931
0.0583263
0.0574335
0.0557011
0.0534433
0.0511812
0.0493266
0.0480282
0.0472216
0.0467313
0.0463581
0.0459317
0.0453384
0.0445272
0.0435238
0.0424478
0.0415028
0.0409367
0.0409985
0.0418345
0.0432748
0.0445791
0.0446843
0.0431826
0.0407987
0.0385586
0.0370221
0.0363222
0.0364685
0.0375473
0.0398277
0.043792
0.0498831
0.0575113
0.0636801
0.0646451
0.0607938
0.0561567
0.0536209
0.0534988
0.0545299
0.0550289
0.0541261
0.0522436
0.0502195
0.0484851
0.0470919
0.0460136
0.0452702
0.0448467
0.0445803
0.0441731
0.0434226
0.0424436
0.0416019
0.041268
0.0416549
0.0427936
0.0445208
0.0464588
0.0480553
0.048822
0.0486975
0.0481563
0.047848
0.0481429
0.0489237
0.0496952
0.0499294
0.0494172
0.048329
0.0470052
0.0457702
0.0448877
0.044576
0.0450134
0.0462882
0.0483625
0.0510658
0.0540676
0.0568461
0.0586359
0.0581801
0.0545529
0.0490378
0.0441395
0.0412732
0.0405708
0.0416277
0.0438765
0.0465441
0.048563
0.0491432
0.0486345
0.0482081
0.0487487
0.0504352
0.0529382
0.0557402
0.0584722
0.0610379
0.0632579
0.064516
0.0642271
0.062693
0.0608403
0.0591749
0.057431
0.0551862
0.0525805
0.0502521
0.0487203
0.0480686
0.0480181
0.0481297
0.0479652
0.0472184
0.0458296
0.0440147
0.042128
0.0404806
0.0392444
0.0384505
0.0380426
0.0379051
0.0378856
0.0378465
0.0377427
0.0376927
0.0379423
0.0387434
0.040229
0.042347
0.0448519
0.0473817
0.0496076
0.0513866
0.0527751
0.0539122
0.0548845
0.0556861
0.0562131
0.0562628
0.0556005
0.0541071
0.0518694
0.0491354
0.0462718
0.0436999
0.0417516
0.0405421
0.0399887
0.0399711
0.0404605
0.0414461
0.0427302
0.0438189
0.0441277
0.0433633
0.041748
0.0399089
0.0386065
0.0384341
0.0395253
0.0412777
0.0424118
0.0419737
0.0403896
0.0389363
0.0386274
0.0399378
0.0429927
0.0475541
0.0527498
0.0569988
0.0587817
0.0576913
0.0544884
0.0504196
0.0465603
0.0435237
0.0415021
0.0404399
0.040168
0.0404708
0.0411155
0.0418756
0.0425501
0.0429905
0.0431281
0.0429798
0.0426207
0.0421412
0.0416378
0.0411957
0.0408955
0.0408185
0.041041
0.0416314
0.0426478
0.0441331
0.0461314
0.0486765
0.0517798
0.0553364
0.0589567
0.0619118
0.0634339
0.0631512
0.0610734
0.0574674
0.0530424
0.0488384
0.0457561
0.044331
0.044834
0.0474147
0.0520969
0.0585212
0.0653323
0.0696637
0.0687155
0.0627957
0.0548291
0.0475091
0.0420392
0.0384426
0.0362678
0.035055
0.0344913
0.034409
0.0347368
0.0354696
0.0366355
0.0382656
0.0403664
0.0428561
0.0454915
0.0479139
0.0498985
0.0515686
0.0531391
0.0545177
0.0554528
0.0561162
0.0572637
0.0596213
0.0630368
0.0661771
0.06748
0.0666309
0.0643991
0.0611957
0.056963
0.0523698
0.0487466
0.0469164
0.0468498
0.0479608
0.0494047
0.0503093
0.0500475
0.0484712
0.0459699
0.0432652
0.0410722
0.0399037
0.040088
0.0418368
0.0451696
0.0496651
0.0544821
0.0591725
0.0641096
0.0691558
0.0725442
0.072263
0.0683449
0.062755
0.0573993
0.0530408
0.0497033
0.0473516
0.0459726
0.0453535
0.0450327
0.0445398
0.0436908
0.0426214
0.0415878
0.0407665
0.0402178
0.0399137
0.0397846
0.039745
0.0397267
0.039744
0.0399181
0.0404308
0.0413908
0.0427237
0.0441913
0.0456097
0.0470077
0.0484449
0.0497933
0.0508733
0.0517513
0.0526903
0.054058
0.0564499
0.0606219
0.0666008
0.072438
0.0755116
0.0757621
0.0744176
0.0716019
0.0674951
0.063296
0.0602478
0.0588222
0.0588226
0.059467
0.0595266
0.0583526
0.056416
0.0544726
0.05319
0.053268
0.054994
0.0576797
0.0596532
0.0595713
0.0579354
0.0562099
0.0549621
0.0537359
0.0520519
0.0499984
0.0479879
0.0463482
0.04523
0.0447288
0.0448909
0.045641
0.0467085
0.0476811
0.0481898
0.0480994
0.0476026
0.0471283
0.0471526
0.0479715
0.0494326
0.0507926
0.0511574
0.0503799
0.0491494
0.0481712
0.0476578
0.0474821
0.0474561
0.0474773
0.0475589
0.0478036
0.048336
0.0492558
0.0505506
0.0520507
0.0534254
0.0542731
0.054227
0.0530546
0.0508476
0.0480721
0.0452903
0.0428793
0.0409826
0.0396006
0.0386853
0.0381807
0.0380398
0.0382346
0.038762
0.0396445
0.0409409
0.0427394
0.0451531
0.0482631
0.0520209
0.0561514
0.0601443
0.0633363
0.0649908
0.0646006
0.0623465
0.0590029
0.0553553
0.0518691
0.0487253
0.0459991
0.0437922
0.042259
0.0415425
0.0417354
0.042841
0.0447117
0.0469883
0.049243
0.0513741
0.0537354
0.0563859
0.0580132
0.0569016
0.0536543
0.0505291
0.0487402
0.0481012
0.0479236
0.0476491
0.0471289
0.0466022
0.0464688
0.0470378
0.0483843
0.0503128
0.0524699
0.0546165
0.0568441
0.059499
0.0628486
0.066737
0.0703416
0.0720427
0.0697847
0.0631942
0.0550503
0.048372
0.0440409
0.0415378
0.0400966
0.0392407
0.0389052
0.0393437
0.0408373
0.0432286
0.0455414
0.0464923
0.0459074
0.0448082
0.0440333
0.0436886
0.0435668
0.0435101
0.0434894
0.043587
0.0439606
0.0447571
0.0459937
0.0474672
0.048781
0.0494903
0.0493183
0.0483043
0.0467732
0.0451969
0.0440512
0.0437613
0.0446899
0.0470503
0.0505589
0.0540332
0.0558648
0.0554879
0.0536424
0.0512592
0.048958
0.0471037
0.0458245
0.0450723
0.044703
0.0445561
0.0444965
0.044444
0.044392
0.044412
0.0446111
0.0450893
0.0458946
0.0470045
0.0483201
0.0496806
0.0509126
0.0518596
0.0524045
0.0524607
0.0519778
0.0509665
0.0495261
0.0478309
0.0460934
0.0445291
0.0433494
0.0427654
0.0430135
0.044325
0.0468356
0.0502776
0.0536037
0.0551827
0.0540607
0.0509386
0.047351
0.0443629
0.0422728
0.0409582
0.0401931
0.0397824
0.0395977
0.039555
0.0396109
0.0397399
0.0399311
0.0401832
0.040501
0.0408997
0.0414176
0.042128
0.043132
0.0444954
0.0460996
0.0475094
0.0481768
0.048004
0.0475882
0.0477335
0.0488808
0.0509246
0.0532955
0.0552299
0.0562377
0.0564643
0.0565645
0.0571427
0.0580235
0.057973
0.0558684
0.0522715
0.048744
0.0462305
0.0448152
0.0442085
0.044085
0.0442306
0.0445528
0.0450495
0.0457431
0.0466661
0.0478528
0.049283
0.0507246
0.0516523
0.0515353
0.0503551
0.0486814
0.0471882
0.0462376
0.0458291
0.0457744
0.0459043
0.046146
0.0464805
0.0468841
0.0473349
0.0478632
0.0485662
0.049584
0.0510048
0.0527862
0.0547369
0.0565883
0.0580383
0.0586959
0.0581076
0.056157
0.0533625
0.0505486
0.048329
0.0469291
0.0462595
0.0460046
0.0457502
0.0451596
0.0441351
0.0428657
0.0417225
0.04112
0.0414172
0.0428404
0.0452679
0.0478735
0.0493203
0.0490202
0.0478196
0.0468847
0.0466989
0.0471593
0.0479666
0.0488409
0.0495985
0.0501654
0.0505412
0.0507356
0.0506738
0.0501523
0.0489533
0.0470919
0.0449092
0.0428666
0.0412948
0.040346
0.0400694
0.0404965
0.0416687
0.0436145
0.0462659
0.0493496
0.052334
0.054515
0.0552725
0.0543563
0.052023
0.0489296
0.0459005
0.0436869
0.0428393
0.04369
0.0463363
0.0505335
0.055488
0.0598727
0.0623482
0.0624193
0.0607413
0.058461
0.056275
0.0542468
0.0523854
0.0509251
0.050108
0.0501488
0.0513168
0.0538245
0.0575931
0.0618509
0.0647261
0.0643109
0.0609626
0.0567878
0.0532568
0.050688
0.048879
0.0475377
0.0464279
0.0454121
0.0444643
0.04364
0.0430318
0.0427213
0.0427679
0.0432316
0.044202
0.0458094
0.0481685
0.05115
0.0540388
0.0557047
0.0557172
0.0549575
0.0545548
0.0548758
0.0555423
0.0559062
0.0555264
0.0545131
0.0535431
0.05349
0.054785
0.0567893
0.0580643
0.0578341
0.0561654
0.0529586
0.048602
0.0443883
0.0413448
0.0396689
0.0390768
0.039178
0.0396189
0.0401032
0.0404159
0.0404487
0.0402215
0.0398482
0.0394812
0.0392777
0.0394337
0.0402368
0.042103
0.0454139
0.0496994
0.0525817
0.0516198
0.0481461
0.0452566
0.0441918
0.0446617
0.0460679
0.0480005
0.050274
0.0527512
0.0550865
0.0567496
0.05741
0.0571188
0.056059
0.0544098
0.0524715
0.0506262
0.0491772
0.0482539
0.0478225
0.0477628
0.0479374
0.0482298
0.0485609
0.0489054
0.0492749
0.0496715
0.0500489
0.0503631
0.0506552
0.0510525
0.0516159
0.0521477
0.052254
0.0517079
0.0505958
0.0489803
0.0468463
0.0444239
0.0421793
0.0404921
0.0395067
0.0392305
0.0396542
0.0408058
0.0427406
0.0454864
0.0489518
0.0528376
0.0566022
0.0596179
0.0614965
0.0623166
0.062492
0.0623565
0.0618394
0.0606058
0.0586509
0.0565608
0.0550506
0.0544576
0.0546008
0.0548606
0.054468
0.0530199
0.0508134
0.0485505
0.0468418
0.0460093
0.0461854
0.0474017
0.0494183
0.0513282
0.0517134
0.0499877
0.0471691
0.044645
0.0430822
0.0425242
0.0427762
0.0435855
0.0446608
0.0456897
0.0464317
0.046815
0.0469237
0.0468798
0.0467989
0.0468191
0.0471177
0.0478729
0.0492481
0.0513917
0.0544482
0.0585803
0.0636592
0.067896
0.0676607
0.0625447
0.056551
0.0524106
0.0504301
0.0501296
0.0509258
0.0521911
0.0532825
0.0535028
0.0522906
0.0497993
0.0469717
0.0447177
0.0433916
0.0429157
0.0430606
0.0436246
0.0444957
0.0456322
0.046993
0.0484748
0.0499556
0.051465
0.0533651
0.0563271
0.0608331
0.0660503
0.0690916
0.0675176
0.0626862
0.0576179
0.0538352
0.0513897
0.0498848
0.0490448
0.0488294
0.0492858
0.050304
0.0515233
0.0525006
0.0529376
0.0527323
0.0519899
0.0510668
0.050532
0.0509357
0.0526187
0.0556202
0.0595692
0.0634816
0.0659666
0.0664516
0.0659483
0.06585
0.0666051
0.067691
0.0682158
0.0675082
0.065487
0.0626357
0.0596636
0.05713
0.0552961
0.0542437
0.0540975
0.0550957
0.0573909
0.0606496
0.0636911
0.0647688
0.062971
0.0592074
0.0551818
0.05191
0.0494903
0.0475851
0.0458981
0.0444119
0.0433424
0.042857
0.0428096
0.0427939
0.0425908
0.0424903
0.0430111
0.0443091
0.0460031
0.0476245
0.04911
0.050559
0.0516281
0.0515575
0.0499397
0.0473096
0.0447571
0.0431923
0.0430486
0.04444
0.0473369
0.0516055
0.0568542
0.0620872
0.0655906
0.0659834
0.0637502
0.0605838
0.0576403
0.0553079
0.053604
0.0523249
0.0512039
0.0501233
0.0491693
0.048512
0.0482743
0.0485089
0.0492649
0.0505775
0.052338
0.0541422
0.0553022
0.0552216
0.0539853
0.0523097
0.0507945
0.0495592
0.0485213
0.0477127
0.0473174
0.047534
0.0484396
0.0498384
0.0512385
0.0521439
0.0524324
0.0522878
0.0519173
0.051578
0.0517552
0.0530001
0.0554639
0.0584362
0.0605344
0.0608103
0.0595057
0.0575277
0.0556671
0.0543411
0.0536784
0.0537058
0.0545336
0.056433
0.05953
0.0629379
0.0644347
0.0626274
0.0587749
0.0547258
0.0512512
0.0485657
0.0468897
0.0464823
0.047494
0.0497496
0.0524762
0.0543804
0.0544886
0.0529619
0.0506738
0.0483642
0.0464322
0.045077
0.0443944
0.0444313
0.0451968
0.0466162
0.0484119
0.0499818
0.0506044
0.0500169
0.0486579
0.0471303
0.0456917
0.0443121
0.0429772
0.0418199
0.0410462
0.0408165
0.0412118
0.0422462
0.0438752
0.045982
0.0483464
0.0506298
0.0524492
0.0535357
0.053866
0.0536537
0.0532025
0.0527905
0.0526631
0.05308
0.0543471
0.0567222
0.0601562
0.0639744
0.0669922
0.0681511
0.0669797
0.0638188
0.0598634
0.0564601
0.0542968
0.0532286
0.0524382
0.050901
0.0482786
0.0452649
0.0427939
0.0413234
0.0408283
0.0410555
0.0416829
0.042405
0.0430289
0.0435186
0.0439826
0.0445596
0.0453228
0.0462477
0.0472366
0.0481827
0.0490198
0.0497261
0.0502906
0.0507021
0.0509618
0.0510762
0.0510001
0.0506312
0.0499057
0.0489096
0.0478692
0.0470364
0.0465854
0.0465661
0.0469372
0.0476241
0.0485399
0.0495658
0.0505353
0.0512823
0.0516827
0.0515764
0.0507114
0.0490189
0.046889
0.0449351
0.0435939
0.0429953
0.043058
0.0435906
0.0443393
0.0450425
0.0455127
0.0457189
0.0457832
0.0458848
0.046153
0.0466007
0.0471046
0.0474497
0.0474439
0.0470756
0.0465696
0.0463072
0.0466675
0.047908
0.050083
0.0529773
0.0560351
0.0584351
0.0594262
0.0587763
0.0568848
0.0544411
0.0520509
0.0500995
0.0488025
0.0482906
0.0486658
0.0499877
0.0521609
0.0547451
0.0568598
0.0575156
0.0563005
0.0537174
0.0507595
0.0482427
0.0465342
0.0456565
0.045509
0.046002
0.0470589
0.0485166
0.0500531
0.0512008
0.0515919
0.0511879
0.050276
0.0492399
0.0483924
0.0479654
0.0481442
0.0490438
0.0505649
0.0521357
0.0526986
0.0514473
0.0487014
0.0455433
0.0428197
0.040833
0.0395735
0.0389489
0.0388708
0.0392679
0.040083
0.0412922
0.0429519
0.0452956
0.048769
0.053898
0.0606621
0.0672782
0.0700359
0.0665458
0.0587322
0.0505731
0.0444217
0.0405633
0.0385089
0.0377898
0.0381382
0.0394134
0.0414458
0.0438824
0.0462572
0.048382
0.0505645
0.0531919
0.0561707
0.0588455
0.0603827
0.0603175
0.0589306
0.0572481
0.0566814
0.0583391
0.0622354
0.0667894
0.0696441
0.0698883
0.0683285
0.0656227
0.0619016
0.0575162
0.0531166
0.0491977
0.0459524
0.0433835
0.0414565
0.0401522
0.0394901
0.0395152
0.0402983
0.0419348
0.0445057
0.0480048
0.0521333
0.0560689
0.0586518
0.0592793
0.0585356
0.0574797
0.0565939
0.0555997
0.0540789
0.0520633
0.050028
0.048481
0.0476983
0.0477397
0.0485671
0.0501098
0.0522517
0.0547815
0.0572072
0.0585278
0.05782
0.0555219
0.0530625
0.0513062
0.0502393
0.0495451
0.0490332
0.0487075
0.0486784
0.0490824
0.0500335
0.051563
0.0534396
0.0549935
0.055388
0.0543725
0.0523908
0.0498825
0.047159
0.0446851
0.0428721
0.041796
0.0412567
0.0410384
0.0410689
0.0414177
0.0422022
0.0435025
0.0453196
0.0475937
0.0501806
0.0527822
0.0549531
0.0564322
0.057433
0.0581504
0.0580129
0.0565595
0.0549067
0.0545682
0.0554226
0.0558854
0.0547975
0.0526462
0.0506804
0.0497333
0.0499726
0.0510241
0.0521986
0.0530816
0.0540643
0.0560918
0.0599969
0.0660179
0.0735364
0.0808607
0.0851572
0.0838193
0.0767275
0.0664877
0.0565876
0.0492527
0.0449535
0.043273
0.0436173
0.0453551
0.0477482
0.0500248
0.0516948
0.0527329
0.0533162
0.0534607
0.0530313
0.0520058
0.0506166
0.0492109
0.0480552
0.0472856
0.0469232
0.046911
0.0471095
0.0473111
0.0473072
0.0469833
0.0463822
0.0456563
0.0449606
0.0444066
0.0440531
0.0439339
0.0440619
0.0444344
0.0450438
0.045887
0.0469476
0.0481258
0.0491245
0.0494833
0.0488932
0.0474787
0.0456842
0.0439853
0.0427431
0.0421766
0.042342
0.0431269
0.0442736
0.0454798
0.0464941
0.0471628
0.0474344
0.047378
0.0471877
0.047113
0.0473431
0.0478783
0.0485096
0.0489566
0.0491985
0.0496723
0.051023
0.0532815
0.0549801
0.0541722
0.0511819
0.0481383
0.0463389
0.0458473
0.0462044
0.0468537
0.047372
0.0476203
0.0476382
0.0474378
0.0469929
0.0463635
0.0457265
0.0452758
0.0451061
0.0452183
0.0455436
0.0459612
0.0463777
0.0469885
0.0486039
0.0528618
0.0621668
0.0768111
0.0868102
0.083657
0.0756519
0.0675067
0.0603012
0.0545844
0.0500333
0.0463654
0.0435842
0.0417195
0.040662
0.0401765
0.0399893
0.0398738
0.0397303
0.0396092
0.0396842
0.0401828
0.0412771
0.0429526
0.0449683
0.0470235
0.0490345
0.0511197
0.0532236
0.0548821
0.0554979
0.0549138
0.0536027
0.0522404
0.0511307
0.0500617
0.048635
0.0467196
0.0446075
0.0428027
0.0417395
0.041664
0.0426104
0.0443871
0.0466125
0.048869
0.0508136
0.0520887
0.052425
0.0522019
0.052431
0.0538615
0.0560631
0.0572975
0.0560307
0.0527496
0.0491236
0.0462997
0.0446229
0.0440154
0.0442324
0.0449608
0.0458746
0.0466918
0.0472711
0.047671
0.048117
0.0488584
0.0500121
0.0514846
0.0530932
0.0548743
0.057228
0.0603364
0.0629521
0.062874
0.0600513
0.0565446
0.0534072
0.0504417
0.0475801
0.0452798
0.0440667
0.0441094
0.0451138
0.0464482
0.0474601
0.0478632
0.047879
0.0479431
0.0482568
0.048545
0.0482463
0.0470469
0.0451755
0.0431441
0.0413314
0.0398719
0.0387568
0.037941
0.0373982
0.0371486
0.0372474
0.0378011
0.0389577
0.040918
0.0438884
0.0479712
0.0528379
0.0573052
0.0595846
0.0589028
0.0562751
0.0530701
0.0500492
0.0476367
0.0461417
0.0456837
0.0461607
0.0473059
0.0487635
0.0501788
0.0512784
0.0520109
0.0525196
0.0527117
0.0520148
0.0501263
0.0476278
0.0453001
0.043369
0.0416333
0.0398925
0.0381575
0.0365807
0.035334
0.0345317
0.0342437
0.0345281
0.0354628
0.0371507
0.0396858
0.0430818
0.047182
0.0516275
0.0559929
0.0601073
0.0642755
0.06875
0.0726771
0.0748201
0.0751697
0.0733548
0.0688164
0.0634114
0.0593012
0.0566286
0.0543718
0.0517352
0.0487305
0.0459162
0.0438091
0.0426117
0.0422751
0.0426112
0.0433286
0.0440463
0.0443831
0.0441416
0.0434293
0.0425496
0.0417951
0.0413387
0.0412311
0.0414656
0.0420223
0.0428961
0.0440842
0.0455403
0.0471424
0.0487142
0.0501788
0.0516629
0.0533861
0.0553022
0.0567681
0.0568185
0.0551511
0.0525886
0.0502685
0.0488685
0.0485799
0.0493111
0.0507583
0.0524642
0.0540286
0.055266
0.0560779
0.056323
0.0559882
0.0553213
0.0545955
0.053743
0.0523402
0.0500862
0.0472545
0.0445403
0.0425917
0.0417878
0.0422971
0.0441308
0.0469966
0.0500257
0.0519339
0.0520177
0.0507663
0.0490787
0.0474992
0.0462511
0.045466
0.0452682
0.0457604
0.0469805
0.0488583
0.0510868
0.053069
0.0541446
0.0541503
0.0536665
0.0535951
0.0545657
0.0565607
0.0588318
0.0603845
0.0608229
0.0604852
0.0599487
0.0598544
0.0609224
0.06367
0.0677739
0.0716512
0.0733399
0.0721429
0.0687643
0.0643728
0.0599567
0.0560416
0.0527173
0.0498408
0.0472676
0.0449398
0.0428915
0.0411935
0.0399306
0.0392001
0.0391155
0.0398172
0.0414335
0.0439863
0.0472444
0.0506799
0.0537123
0.0561299
0.0583454
0.0611352
0.0646597
0.0674186
0.0673231
0.0643897
0.0603308
0.0564314
0.0532281
0.050871
0.0492679
0.0481921
0.0474887
0.0472411
0.0477442
0.0493317
0.0521405
0.0558312
0.0594399
0.0618805
0.063046
0.0638947
0.0650708
0.0660899
0.066191
0.0655064
0.0648654
0.0648829
0.0655596
0.0663657
0.0665719
0.0657562
0.0640967
0.0621469
0.0604582
0.0593859
0.0589747
0.0587208
0.0576437
0.0552397
0.0522586
0.0498722
0.0486547
0.0485681
0.0493776
0.0508598
0.0527761
0.0547882
0.0565077
0.0576639
0.058225
0.0584286
0.0585869
0.0586426
0.0580129
0.0562542
0.0537736
0.0513984
0.0495564
0.0482012
0.0471939
0.0464676
0.0459816
0.0456875
0.045584
0.0457535
0.0463522
0.0475703
0.0495768
0.0524112
0.055802
0.059004
0.0608229
0.0602275
0.0575659
0.0546715
0.0532619
0.0537841
0.0552045
0.0554722
0.0533671
0.0497886
0.0462965
0.0436509
0.0419145
0.0409365
0.0405554
0.040629
0.0410335
0.041655
0.0424124
0.0432736
0.0442555
0.0453798
0.046613
0.0478342
0.0488469
0.0494554
0.0495923
0.0493963
0.0491855
0.0492925
0.0498517
0.0506659
0.0513645
0.0517613
0.051964
0.0520618
0.0518939
0.0512326
0.0500517
0.0485376
0.0469252
0.0453762
0.043995
0.0428976
0.0422379
0.0421847
0.0428784
0.0444138
0.0468481
0.0501676
0.0541612
0.0581462
0.0609319
0.0615139
0.0599247
0.0570921
0.0540481
0.051519
0.0499815
0.0497558
0.050885
0.0528293
0.0544039
0.0545394
0.0532173
0.0512952
0.0495774
0.0482636
0.0470388
0.0454981
0.0435129
0.0412749
0.0391039
0.0372548
0.0358443
0.0348689
0.0342755
0.034007
0.0340256
0.0343306
0.0349662
0.0360189
0.0376238
0.039959
0.0431991
0.047417
0.0523907
0.0574193
0.0615273
0.0642205
0.0660459
0.0680334
0.0706354
0.0728534
0.072291
0.067953
0.0621946
0.057645
0.0551999
0.0550304
0.0572363
0.0603606
0.0603098
0.0556514
0.0502266
0.0469532
0.0461051
0.0471553
0.049537
0.0526924
0.0562593
0.0602143
0.0644872
0.0682538
0.069783
0.0679628
0.0641861
0.0607663
0.0584767
0.056714
0.0547792
0.0525492
0.0503364
0.0485316
0.0474364
0.0472465
0.0480132
0.0495836
0.0515319
0.0531936
0.0539232
0.0535582
0.0526412
0.0520903
0.052599
0.0542413
0.0563207
0.0575895
0.0570467
0.0547123
0.0514239
0.0480687
0.0451666
0.0428975
0.0412601
0.0401854
0.0395915
0.0393986
0.0395431
0.0399533
0.0405449
0.0412129
0.0418388
0.0423026
0.0425098
0.0424101
0.0420153
0.0413828
0.0405964
0.0397455
0.0389123
0.0381625
0.0375569
0.037144
0.036972
0.0370905
0.0375466
0.0383865
0.0396699
0.0414858
0.0440329
0.0476241
0.0524248
0.0575522
0.060526
0.0597146
0.0567712
0.0540927
0.0525542
0.0521095
0.0525712
0.0537742
0.055458
0.0571836
0.0585435
0.0595305
0.0605868
0.0621341
0.0639829
0.065205
0.0648345
0.0628582
0.0602103
0.0578991
0.0564791
0.0560569
0.0563341
0.0566547
0.0562802
0.054841
0.0525585
0.0500399
0.0479539
0.0468329
0.0469476
0.0482341
0.0504791
0.0537389
0.0576357
0.0593023
0.0561614
0.0512527
0.0486321
0.0491134
0.0516022
0.0544286
0.0562768
0.0570662
0.057641
0.0586564
0.0600819
0.0615021
0.0626768
0.063745
0.0648752
0.0658826
0.0662568
0.0655701
0.0638063
0.0613686
0.0588516
0.0567551
0.0553217
0.0545375
0.0541821
0.0539001
0.0533258
0.0522447
0.0506958
0.048899
0.0471228
0.0455525
0.0442807
0.0433232
0.0426705
0.0423193
0.0422773
0.0425599
0.0431605
0.0440108
0.044954
0.0457789
0.046367
0.046807
0.0473558
0.0482263
0.0493842
0.0505388
0.0513843
0.0519348
0.0525648
0.0536435
0.0550892
0.0562244
0.0562219
0.0548691
0.0528292
0.0510384
0.0498674
0.0488689
0.0474118
0.0454937
0.0437315
0.042711
0.0426267
0.0433372
0.0445069
0.0457207
0.0466238
0.0470934
0.0473031
0.0476073
0.0482945
0.0493354
0.0502875
0.0505414
0.0498457
0.0485495
0.0472266
0.0462364
0.0456201
0.0452494
0.044974
0.0447075
0.0444462
0.0442145
0.0440084
0.0437836
0.0435064
0.0431993
0.0429576
0.0429185
0.0431967
0.0437979
0.0445241
0.0449883
0.044859
0.0442172
0.0435734
0.0435165
0.044448
0.046505
0.0495082
0.0528049
0.0552952
0.0560706
0.0552315
0.0537262
0.0524808
0.0519305
0.052102
0.0528452
0.0539541
0.0551419
0.0560037
0.0561721
0.0555888
0.054547
0.0534354
0.0524528
0.0515551
0.0505828
0.0494274
0.0480989
0.046714
0.0454312
0.0443849
0.0436516
0.0432349
0.0431025
0.04324
0.0437152
0.0447165
0.0465044
0.0492835
0.052994
0.0570909
0.0606121
0.062892
0.0643774
0.0656618
0.065625
0.0626764
0.0575397
0.0524244
0.0487163
0.0466405
0.0459705
0.0465215
0.0483358
0.0517592
0.0571709
0.0636653
0.0676491
0.0664116
0.0623887
0.0586167
0.0555818
0.0528149
0.0500842
0.047468
0.0451333
0.0431818
0.0415985
0.0402701
0.0390747
0.0380161
0.037303
0.0373345
0.0386761
0.0421078
0.0486125
0.0586046
0.0695353
0.0762303
0.0786471
0.0803728
0.0803689
0.0756198
0.0669272
0.057972
0.051318
0.0474148
0.045608
0.0450421
0.0451289
0.0456975
0.0469205
0.0490793
0.0520983
0.0548191
0.055154
0.0523985
0.0482608
0.0445719
0.0419855
0.0404806
0.0399001
0.0401019
0.0409533
0.0422945
0.043869
0.0452761
0.0460429
0.0458656
0.0448264
0.0433258
0.0418232
0.0406712
0.0401145
0.0403579
0.0415955
0.0439583
0.0472958
0.0508398
0.0532608
0.0537126
0.0527338
0.0514716
0.0504991
0.0497848
0.049283
0.0492151
0.0499192
0.051612
0.054285
0.0576628
0.0612607
0.0645418
0.0670063
0.0684192
0.0694347
0.0713263
0.0742677
0.0762134
0.0745138
0.0691732
0.0627899
0.0573141
0.0530237
0.0495555
0.046657
0.0442954
0.0425196
0.0413568
0.0407837
0.0407571
0.0412258
0.0421334
0.0434444
0.0451749
0.0473995
0.0500795
0.0526075
0.0537727
0.0530213
0.0514236
0.0504603
0.0506717
0.0515775
0.0522611
0.0522362
0.0519788
0.0524674
0.0542928
0.0569971
0.0589568
0.0586191
0.0561769
0.0530095
0.0501293
0.0479044
0.0464105
0.0455989
0.0453214
0.045403
0.0457284
0.0463101
0.0472139
0.0484106
0.0496814
0.0507045
0.0513247
0.0516563
0.0519283
0.0522563
0.0526052
0.0528543
0.0528667
0.05253
0.0517873
0.0507008
0.0494926
0.048443
0.0477016
0.0471771
0.0466251
0.0458279
0.0447623
0.0436058
0.0426473
0.0421498
0.042277
0.0430751
0.0444932
0.0463709
0.048386
0.0500484
0.0509278
0.0510086
0.050702
0.0504731
0.0504913
0.0506252
0.0506442
0.0504088
0.049992
0.0496929
0.0499832
0.0514718
0.0549193
0.0610664
0.0695083
0.0767663
0.0785615
0.0752753
0.0692369
0.062051
0.05546
0.0504568
0.0469512
0.0444074
0.0423682
0.0406011
0.039072
0.037856
0.0370555
0.0367805
0.0371484
0.0382861
0.0402417
0.0428059
0.0453046
0.0467981
0.0468418
0.0458699
0.0446609
0.0437557
0.0433888
0.0436094
0.0443158
0.0452697
0.0461338
0.0465813
0.0464513
0.0458413
0.0450603
0.0444584
0.0442145
0.0442309
0.0442228
0.0439816
0.043597
0.0433714
0.0435523
0.0441487
0.0449238
0.0455053
0.0455818
0.0451044
0.0443442
0.0437169
0.0435878
0.0442133
0.0458124
0.0486063
0.0525787
0.0568385
0.0595805
0.0598069
0.0584636
0.0568684
0.0554981
0.0543039
0.053145
0.051945
0.0507328
0.049631
0.0488143
0.0484995
0.048957
0.0505212
0.0535575
0.0582634
0.0642164
0.0699176
0.0732937
0.0733628
0.0711187
0.0684042
0.066367
0.065005
0.0636779
0.0618845
0.0596517
0.057311
0.0551051
0.053067
0.0511455
0.0493616
0.0479518
0.0475598
0.0494174
0.0547039
0.0609865
0.0604077
0.0525975
0.0453459
0.0413543
0.03955
0.0387649
0.0383936
0.0382323
0.0383225
0.0388948
0.0403495
0.043226
0.0480217
0.0546075
0.0612904
0.0649718
0.0639191
0.0599245
0.0562013
0.0546638
0.0555723
0.0581034
0.0605467
0.0607194
0.0577557
0.053133
0.0488062
0.0456217
0.0435393
0.042251
0.0414777
0.0410049
0.0406406
0.0401968
0.0395655
0.0387911
0.0380578
0.0375846
0.0375274
0.0379216
0.0386639
0.0394947
0.0400819
0.0402151
0.0399818
0.0397218
0.039811
0.0405073
0.0419258
0.0440601
0.0467863
0.0498078
0.0526007
0.0545015
0.0550438
0.0543165
0.0529261
0.0516151
0.0509511
0.0511889
0.0521658
0.0532792
0.0539185
0.0540011
0.0538035
0.0533537
0.0525361
0.0516281
0.0512083
0.0517022
0.053135
0.0549503
0.0559407
0.055162
0.0530749
0.0508523
0.0490242
0.0474445
0.0459597
0.0447687
0.0443285
0.0450561
0.0469768
0.0493323
0.0507815
0.0508113
0.0505172
0.0512788
0.0534857
0.0565169
0.0593106
0.0610023
0.0611566
0.0596491
0.0567025
0.0529473
0.049147
0.045864
0.0433769
0.0417724
0.0411125
0.0415834
0.0436381
0.0478987
0.0540647
0.0587946
0.0581014
0.0540762
0.0511906
0.050747
0.0521125
0.0544141
0.0569545
0.0592236
0.0609364
0.0620645
0.0627341
0.0630079
0.0627115
0.0615236
0.0592846
0.0562443
0.0529779
0.0500513
0.0477862
0.0462503
0.0453551
0.0449526
0.0448925
0.0450486
0.0453303
0.0456856
0.0461096
0.0466389
0.0473171
0.0481343
0.0489862
0.0496563
0.0499198
0.0496752
0.0490349
0.0482776
0.0477117
0.0475464
0.047818
0.0483762
0.0489235
0.0491314
0.0488029
0.0479726
0.0468604
0.0457445
0.0448331
0.0442342
0.0439778
0.0440516
0.0444282
0.0450659
0.0458952
0.0467903
0.0475649
0.0480194
0.0480502
0.0477463
0.047349
0.0471425
0.0473813
0.0483136
0.0502296
0.0533122
0.0569244
0.0588371
0.0570137
0.0526749
0.0485161
0.0457432
0.04426
0.0436532
0.0435923
0.0438687
0.0443785
0.0450781
0.0459619
0.0470143
0.0481515
0.0491913
0.0499215
0.0502557
0.050333
0.0504255
0.0507564
0.0513904
0.0522432
0.0531325
0.0538203
0.0540651
0.0536775
0.0526317
0.0511323
0.049601
0.0485628
0.0485108
0.0497724
0.0522975
0.0553788
0.0576612
0.0579941
0.056488
0.0543161
0.0525689
0.0516883
0.0517656
0.0528903
0.0549843
0.0575871
0.0602777
0.0628938
0.0647677
0.0645127
0.0611939
0.0554633
0.0492427
0.0441596
0.0407208
0.0386826
0.037621
0.0371825
0.0371446
0.03739
0.0378819
0.0386404
0.0397313
0.0412504
0.0432845
0.0458179
0.0485904
0.0510526
0.0526371
0.0532162
0.053181
0.0531051
0.0534397
0.0544244
0.0560615
0.0580525
0.059617
0.0596493
0.0576882
0.0545103
0.0512518
0.0485214
0.0464365
0.0449784
0.0441701
0.0440776
0.04474
0.0460697
0.0477543
0.0493279
0.0504748
0.0513618
0.0524422
0.0539818
0.0559854
0.0584789
0.0612433
0.0630046
0.061883
0.0576834
0.0524077
0.0479885
0.0450384
0.0433158
0.0424025
0.042093
0.0425449
0.0442211
0.0474641
0.0514987
0.0539436
0.0532509
0.0507831
0.0483758
0.0466198
0.0455113
0.0449608
0.0448089
0.0448661
0.0449659
0.0450136
0.0450407
0.04526
0.0460131
0.047681
0.0505096
0.0543105
0.0579998
0.059668
0.0580533
0.0538423
0.04887
0.0446185
0.041681
0.0400335
0.0394295
0.0396135
0.0403664
0.0414862
0.0427923
0.0442012
0.0458717
0.0482734
0.0519892
0.0569983
0.0617343
0.0636698
0.0624716
0.0607793
0.0612027
0.0645684
0.0696431
0.0733545
0.0730076
0.0687574
0.0628835
0.0576376
0.0542821
0.0530849
0.0535394
0.0542389
0.0531511
0.0496838
0.0455842
0.0426457
0.0413517
0.0414179
0.0424025
0.0439129
0.0456034
0.0471653
0.0483459
0.0490042
0.0491757
0.0490892
0.0491677
0.049929
0.0516765
0.053948
0.0553542
0.0546111
0.0519794
0.0489973
0.0469363
0.046061
0.0460092
0.0464071
0.0471507
0.0482917
0.049825
0.0516385
0.0535244
0.0551848
0.0561992
0.0562308
0.0554165
0.0543548
0.0533993
0.0521378
0.0499313
0.0469219
0.0439389
0.0416483
0.0402185
0.039508
0.0393059
0.0394161
0.0396828
0.03998
0.0402214
0.0403588
0.040397
0.0403862
0.0404021
0.0405218
0.040813
0.0413155
0.0420403
0.042983
0.0441297
0.0454742
0.0470211
0.0487736
0.0507014
0.0527374
0.0547798
0.0566718
0.0581172
0.0587668
0.0586022
0.0580347
0.0574143
0.0566671
0.0555854
0.0542058
0.0527977
0.0516122
0.0507414
0.0501302
0.0496562
0.049175
0.0485588
0.0478002
0.0471736
0.0473435
0.0494487
0.0547931
0.0626688
0.0672759
0.0643557
0.0582049
0.052847
0.0493913
0.048326
0.0498243
0.0534792
0.0578346
0.0605346
0.0603037
0.0580951
0.0553266
0.0526811
0.0505236
0.0493371
0.0497101
0.0518585
0.0547966
0.0564192
0.055958
0.0551829
0.0559035
0.0583293
0.0614549
0.0637713
0.0638746
0.0612196
0.0567948
0.0523402
0.048986
0.0471173
0.0468772
0.0483823
0.0513748
0.0545534
0.0559512
0.0551316
0.0537092
0.0531592
0.0537589
0.0550909
0.0565852
0.0578068
0.0585532
0.058749
0.0583024
0.0572009
0.0557887
0.0547997
0.0550114
0.0566629
0.0589241
0.0601933
0.059654
0.0579426
0.0558902
0.0537019
0.0513044
0.0487658
0.0463332
0.044265
0.0427169
0.0417331
0.0413023
0.0414125
0.0420769
0.0433162
0.0450807
0.0471433
0.049089
0.0506259
0.0520236
0.0539932
0.0567882
0.0593089
0.0599376
0.0589005
0.0580402
0.0583741
0.059276
0.0592076
0.0569666
0.0528375
0.0482901
0.0445889
0.0422124
0.0411716
0.0413819
0.042791
0.0453002
0.0484759
0.0512926
0.0525476
0.0520138
0.0507265
0.0499398
0.0503214
0.051896
0.0541637
0.0562491
0.0572715
0.0568562
0.0553549
0.0534668
0.0516989
0.0501893
0.0488693
0.047683
0.0466783
0.04598
0.0456949
0.0457865
0.0460294
0.0462333
0.0465874
0.0475131
0.0488324
0.0493478
0.048088
0.0457287
0.0436501
0.0425313
0.0423454
0.0428763
0.0440206
0.0458011
0.0482727
0.0513765
0.0548437
0.0582087
0.0609622
0.0626534
0.0628044
0.0610944
0.0578413
0.0539506
0.0503975
0.0478215
0.0464461
0.0461776
0.0466988
0.047554
0.0482652
0.0485571
0.0485114
0.0484768
0.0487912
0.0495577
0.0505753
0.0514477
0.051907
0.0521369
0.0525346
0.0531322
0.0535131
0.0534057
0.0530597
0.0529055
0.0530885
0.0533839
0.0533961
0.0527798
0.0514134
0.0494398
0.0471559
0.0448553
0.0427405
0.0409172
0.0394357
0.0383234
0.0375974
0.0372815
0.037411
0.0380337
0.0391974
0.0409351
0.043218
0.045929
0.0488337
0.0515962
0.0538432
0.0552657
0.0557285
0.0553527
0.0544742
0.0535252
0.0528371
0.0524909
0.0523147
0.0519271
0.0507588
0.0484467
0.0454608
0.0428207
0.0412761
0.0410687
0.0421776
0.0445415
0.04806
0.0523721
0.0564335
0.0585605
0.0578373
0.0552704
0.0524737
0.0501991
0.048402
0.0468234
0.0453164
0.0438868
0.0426104
0.0415671
0.0407978
0.0403111
0.0400942
0.0401154
0.0403305
0.0406787
0.041087
0.0414726
0.0417677
0.0419418
0.0420378
0.0421765
0.0425357
0.0432795
0.0444352
0.0457319
0.0465872
0.0464744
0.0454091
0.0438976
0.0424493
0.041293
0.0404447
0.0398568
0.0394925
0.0393313
0.0393561
0.0395325
0.0398032
0.0401026
0.0403704
0.0405769
0.0407368
0.0409087
0.0411951
0.0417381
0.0426824
0.0440988
0.0458394
0.0474758
0.0484667
0.0485171
0.04773
0.0464933
0.0453321
0.044709
0.0447452
0.0451048
0.0452065
0.0447
0.0437317
0.042671
0.0417274
0.0408693
0.0399751
0.0389928
0.0379823
0.0370582
0.0363256
0.0358456
0.0356343
0.0356938
0.0360272
0.0366631
0.0376601
0.0391089
0.0410893
0.043548
0.0460563
0.0477345
0.0478015
0.0463877
0.0444432
0.0429064
0.0422963
0.0428304
0.0445706
0.047404
0.0509596
0.0546009
0.0577051
0.0600085
0.0615669
0.0623239
0.0620082
0.0605632
0.0585571
0.0570185
0.0568877
0.0584182
0.0605508
0.0608985
0.0579499
0.0530369
0.048334
0.0447721
0.0423174
0.040687
0.0396451
0.0390527
0.0388465
0.0389983
0.0394798
0.0402439
0.0412447
0.0424696
0.0439379
0.045617
0.0472814
0.0485242
0.0490344
0.0488111
0.0480315
0.046839
0.0453679
0.0438481
0.0425591
0.041694
0.0412988
0.0413088
0.0416265
0.0421908
0.0430136
0.0441922
0.0458797
0.0482085
0.0510781
0.0539535
0.0560607
0.0570622
0.0573188
0.0573018
0.0570825
0.0564001
0.0550112
0.0529823
0.0507296
0.0487882
0.0475801
0.0473356
0.0480819
0.049516
0.050877
0.0512611
0.0504543
0.0492057
0.0484657
0.0485943
0.0490795
0.0488427
0.0472751
0.044869
0.0425139
0.0406634
0.0393265
0.0383682
0.0377019
0.0373188
0.0372466
0.0375038
0.0380568
0.0388029
0.0395829
0.0402237
0.0406016
0.0407056
0.0406418
0.0406016
0.0408024
0.0414394
0.0426605
0.0445467
0.0470745
0.0500333
0.0529353
0.0551028
0.0560404
0.0556625
0.0540989
0.0515793
0.0485932
0.0458412
0.0438925
0.04303
0.0433235
0.0447164
0.04698
0.0495789
0.0516603
0.0524202
0.0516645
0.0498909
0.0478064
0.0459028
0.0443883
0.0433118
0.0427056
0.042672
0.0434158
0.045168
0.0480757
0.052062
0.0567761
0.061718
0.0663533
0.0699993
0.071827
0.07155
0.0698671
0.0676073
0.0647156
0.060901
0.0569081
0.0539725
0.0521745
0.050539
0.0489625
0.0485857
0.0502296
0.0535817
0.0575028
0.0606231
0.0618561
0.0607673
0.0578875
0.0544663
0.0515662
0.0495028
0.0479719
0.0465434
0.0450455
0.0435904
0.0423597
0.0414365
0.0407943
0.0403518
0.0400325
0.0398066
0.0397036
0.0397986
0.0401797
0.0409038
0.0419685
0.0432947
0.0447108
0.0459328
0.0465778
0.0463276
0.0452354
0.043767
0.0424882
0.0417607
0.0416761
0.0421391
0.0429654
0.043952
0.0449428
0.0458175
0.0464588
0.0467235
0.0465
0.0457728
0.0446451
0.0433079
0.0419814
0.0408739
0.040152
0.0399253
0.0402424
0.0410801
0.0423193
0.0437158
0.0449223
0.0456136
0.0456575
0.0452066
0.0446007
0.0442003
0.0442908
0.0450512
0.0465445
0.0486695
0.0510814
0.0531116
0.0538961
0.0528446
0.0501544
0.0467193
0.0434642
0.0409083
0.0391891
0.038257
0.0380205
0.0384005
0.0393404
0.0407862
0.042642
0.0447158
0.0466502
0.0479918
0.048437
0.0481041
0.0474805
0.0470797
0.0471609
0.0476769
0.0483926
0.0491344
0.0499727
0.0511165
0.0525568
0.0537864
0.0539918
0.0528352
0.0508072
0.0485984
0.0465063
0.0445009
0.0425221
0.0406319
0.0389611
0.0376344
0.0367394
0.0363132
0.0363609
0.0368423
0.0376758
0.0387333
0.0398623
0.0409543
0.0420211
0.0432389
0.0449035
0.0472851
0.0504395
0.0540283
0.0572836
0.0592873
0.0595586
0.0585029
0.0571361
0.0563082
0.0561867
0.0562851
0.0558359
0.0543016
0.0518146
0.0491106
0.0469919
0.0459043
0.0458422
0.0464301
0.0470724
0.0473381
0.0473319
0.0475197
0.0481732
0.049046
0.0495686
0.0492949
0.0481212
0.046236
0.0441094
0.0424509
0.0418899
0.0426796
0.044555
0.046792
0.0486936
0.0501846
0.0515832
0.0529745
0.0543775
0.0562978
0.0596992
0.0656079
0.0731477
0.0756255
0.0688077
0.0604846
0.0564737
0.0568118
0.0604831
0.0665773
0.073077
0.0760696
0.0731939
0.0670154
0.0610663
0.0565363
0.0531618
0.0504184
0.0479497
0.0456247
0.0434769
0.0415914
0.0400222
0.0387548
0.0377319
0.0369035
0.0362588
0.0358221
0.0356235
0.0356565
0.0358956
0.0363013
0.0368574
0.0375692
0.0384752
0.039616
0.040994
0.0425126
0.0438872
0.0446854
0.0445378
0.0434042
0.0416043
0.0395882
0.0377313
0.0362749
0.035382
0.0351876
0.0358354
0.0374736
0.0401781
0.043781
0.0476497
0.0507366
0.0521918
0.0520236
0.0508594
0.049165
0.0470218
0.0445902
0.0423601
0.0408335
0.0402133
0.0404173
0.0412328
0.0424321
0.043798
0.0450755
0.0459581
0.0462091
0.0458686
0.0452573
0.0447622
0.0446164
0.044848
0.0453305
0.0458835
0.046357
0.0466858
0.0468827
0.0470028
0.0470987
0.047211
0.0473804
0.0476774
0.048163
0.0487107
0.0488734
0.0481773
0.0467244
0.0452433
0.044421
0.0444278
0.0449624
0.0455321
0.0456825
0.0451661
0.0440113
0.0424572
0.0408304
0.0394894
0.0388067
0.0391768
0.0410352
0.0446993
0.0495467
0.0528663
0.0517742
0.0473993
0.0429036
0.0396904
0.0376763
0.0364802
0.035817
0.0355249
0.0355246
0.035783
0.0363047
0.0371239
0.0382987
0.0399071
0.0420218
0.0446728
0.0477854
0.0511305
0.0543576
0.0571031
0.0589215
0.0590781
0.057019
0.053333
0.0494425
0.0463939
0.0444783
0.0435487
0.0433819
0.0438501
0.0449065
0.0464705
0.0483248
0.0501514
0.0517159
0.0529771
0.0540831
0.0553018
0.0569895
0.0593666
0.0619494
0.063103
0.0611538
0.0564608
0.0509464
0.0461237
0.0426006
0.040512
0.0398047
0.0402878
0.0416233
0.0433776
0.0452136
0.0469756
0.0484878
0.0494069
0.0495134
0.0490192
0.0482804
0.0473266
0.0458848
0.0438264
0.0414831
0.0394836
0.0384154
0.0387242
0.0408118
0.0449519
0.0505609
0.0551931
0.0563333
0.0551441
0.0546389
0.0557672
0.057097
0.0566266
0.0540775
0.0510617
0.0488833
0.047129
0.0445289
0.0409761
0.0376911
0.035654
0.034971
0.0352686
0.0361293
0.0372955
0.0386643
0.0400998
0.0412791
0.0417714
0.041351
0.0402215
0.0388898
0.0378653
0.0374647
0.0377919
0.0387998
0.0403412
0.0421953
0.0440987
0.0457708
0.0470052
0.0478227
0.0485427
0.0496337
0.0513915
0.0537048
0.0560003
0.0573965
0.0570558
0.0549451
0.0520653
0.0495467
0.0479909
0.0475499
0.0480216
0.0487798
0.0490417
0.0485109
0.0476474
0.0471732
0.0475045
0.0485645
0.0498243
0.0506465
0.0508949
0.0510061
0.051131
0.0505183
0.0483944
0.0452273
0.0422078
0.0400495
0.0388601
0.0386355
0.039612
0.0423086
0.0472118
0.0539308
0.0603885
0.0643394
0.0663818
0.067751
0.0676124
0.0653814
0.061144
0.0556794
0.0507297
0.047529
0.046118
0.0458964
0.0462912
0.0470885
0.0484191
0.0505302
0.0535157
0.0570573
0.0601743
0.0613292
0.0594947
0.0553575
0.0506356
0.0465784
0.043582
0.0415871
0.0404407
0.0400564
0.0404754
0.0418808
0.0445423
0.0486373
0.0536313
0.0573226
0.0570805
0.0537797
0.050947
0.0507595
0.0535829
0.0586881
0.0639488
0.0662652
0.0644259
0.0602254
0.0559264
0.0527905
0.051224
0.0508748
0.050702
0.0497111
0.0478256
0.0456804
0.043887
0.0427908
0.0425771
0.0433266
0.0449722
0.0471861
0.0492725
0.0503471
0.0498047
0.0476649
0.0445476
0.0413728
0.0390295
0.0382462
0.0396846
0.0437092
0.0490687
0.0520977
0.0511244
0.0493386
0.0495668
0.0519821
0.0557584
0.0600049
0.0636282
0.0653699
0.0647854
0.0627119
0.0600802
0.0570139
0.0534212
0.0497562
0.0467555
0.0448588
0.0440997
0.0442818
0.0451163
0.0462522
0.0472976
0.0479201
0.0480006
0.0476913
0.047287
0.0470264
0.0469751
0.0470351
0.0470185
0.0467172
0.0459578
0.0447045
0.0431428
0.0416326
0.0405119
0.039986
0.0401386
0.041015
0.0426803
0.0452031
0.0484749
0.0519457
0.0546874
0.0560908
0.0563342
0.0559005
0.0550861
0.0540739
0.0530188
0.0519767
0.0508616
0.0494932
0.0477441
0.0456877
0.0435703
0.041639
0.0400063
0.0386674
0.0375767
0.0367082
0.0360667
0.0356809
0.0355898
0.0358336
0.0364399
0.037408
0.0386735
0.0400741
0.0413459
0.0422307
0.042629
0.0426734
0.0426405
0.0427973
0.0433094
0.0441842
0.0452015
0.0459124
0.0458809
0.0450545
0.0438199
0.0426265
0.0417156
0.0411534
0.0409674
0.0411959
0.0418722
0.0430096
0.0446351
0.0468493
0.0498004
0.0535757
0.058029
0.0627244
0.0671014
0.0707395
0.0732915
0.0740018
0.0715678
0.0655616
0.0577118
0.0503565
0.0446713
0.040759
0.0383195
0.0370098
0.0365535
0.0367413
0.0373949
0.0383396
0.0394057
0.0404819
0.0415989
0.042922
0.044575
0.0463484
0.0475703
0.0475459
0.0463207
0.0447004
0.0435373
0.0433105
0.0442358
0.0464222
0.0497731
0.0534715
0.0556596
0.0548563
0.0519064
0.0489141
0.0471651
0.0469056
0.0479087
0.0497947
0.0521339
0.0543935
0.0558237
0.0556804
0.0538985
0.0512232
0.0484835
0.0461258
0.0443131
0.043085
0.0423871
0.0420478
0.0418266
0.041532
0.0411239
0.0406968
0.0403871
0.0403037
0.0405311
0.0411745
0.0423906
0.0443913
0.0474077
0.0515422
0.0563849
0.0605532
0.0622114
0.0609322
0.058178
0.0555712
0.0537873
0.0527785
0.0522361
0.0518831
0.0516007
0.0513924
0.0512772
0.0511869
0.0509094
0.0501762
0.0488935
0.0473251
0.0460006
0.0454296
0.045857
0.0471563
0.0488242
0.0502127
0.0510175
0.0515121
0.0521577
0.0531169
0.0541825
0.0550161
0.0553607
0.0550859
0.0541111
0.0523969
0.0501262
0.0477691
0.0458684
0.0447578
0.0445008
0.0449972
0.0460865
0.047654
0.0497086
0.0524018
0.0559579
0.0604401
0.0653305
0.0690601
0.0693547
0.0655293
0.059836
0.0549841
0.0522354
0.0519341
0.0541818
0.0585489
0.0632747
0.0659152
0.0653606
0.06169
0.0558438
0.0497492
0.0448049
0.0412764
0.0389088
0.0373971
0.0365243
0.0361491
0.0361941
0.0366284
0.0374465
0.0386276
0.0400724
0.0415425
0.0426785
0.043154
0.0428855
0.0421197
0.0413414
0.041088
0.0418101
0.0437846
0.0469623
0.0507132
0.0539134
0.0559219
0.0574275
0.0594949
0.0616785
0.0615956
0.0578254
0.0522243
0.0473518
0.0442682
0.0430274
0.0434947
0.0455654
0.0489703
0.0528886
0.055984
0.0573442
0.0571964
0.0562696
0.0551922
0.0546337
0.0551946
0.057035
0.0601315
0.0643725
0.0672437
0.0653197
0.0607515
0.0563701
0.0521293
0.0487449
0.0475663
0.0489731
0.0523237
