-0.395429
-0.401224
-0.404846
-0.406755
-0.407761
-0.408516
-0.409427
-0.410582
-0.411853
-0.41301
-0.413819
-0.414066
-0.413553
-0.412103
-0.409551
-0.405995
-0.401714
-0.397352
-0.393549
-0.390423
-0.387465
-0.383868
-0.379328
-0.374821
-0.372741
-0.37606
-0.385726
-0.398318
-0.407704
-0.409515
-0.403861
-0.395785
-0.392381
-0.396405
-0.403815
-0.408719
-0.407632
-0.400116
-0.389136
-0.380955
-0.381051
-0.388624
-0.398354
-0.40588
-0.409304
-0.408399
-0.404224
-0.39883
-0.394466
-0.392259
-0.39165
-0.39121
-0.389835
-0.387351
-0.384449
-0.382194
-0.381507
-0.382761
-0.385692
-0.389505
-0.39329
-0.396314
-0.398043
-0.397773
-0.394395
-0.386439
-0.373277
-0.358187
-0.349874
-0.354665
-0.367995
-0.381117
-0.389825
-0.394136
-0.395455
-0.39522
-0.394447
-0.393746
-0.393227
-0.392606
-0.391304
-0.38871
-0.384568
-0.379323
-0.374026
-0.370037
-0.368137
-0.368233
-0.370155
-0.374597
-0.382481
-0.393291
-0.404645
-0.41346
-0.416679
-0.41091
-0.393529
-0.369287
-0.355825
-0.364844
-0.385575
-0.405159
-0.41983
-0.429664
-0.435043
-0.435796
-0.431341
-0.421712
-0.408903
-0.397011
-0.390027
-0.389444
-0.39443
-0.402897
-0.412236
-0.420013
-0.424925
-0.427213
-0.428083
-0.428716
-0.429677
-0.430971
-0.431754
-0.429903
-0.423179
-0.411284
-0.397327
-0.386621
-0.382415
-0.383359
-0.386269
-0.388999
-0.390385
-0.389584
-0.386514
-0.38231
-0.378632
-0.376523
-0.376023
-0.376433
-0.376799
-0.376393
-0.375117
-0.373429
-0.371974
-0.371038
-0.370638
-0.370695
-0.371246
-0.372125
-0.372901
-0.372938
-0.371906
-0.37036
-0.369894
-0.372225
-0.377507
-0.383948
-0.389099
-0.390818
-0.387553
-0.378511
-0.365006
-0.352324
-0.347558
-0.352423
-0.361497
-0.367586
-0.365976
-0.357014
-0.348657
-0.350143
-0.358721
-0.365163
-0.369295
-0.377018
-0.388157
-0.397332
-0.40155
-0.40147
-0.399458
-0.398074
-0.399022
-0.402538
-0.407875
-0.414181
-0.420355
-0.424372
-0.42355
-0.415888
-0.40274
-0.390178
-0.384407
-0.385589
-0.390019
-0.393829
-0.39254
-0.381558
-0.363405
-0.357043
-0.374841
-0.398655
-0.411626
-0.412483
-0.405659
-0.396873
-0.391536
-0.391322
-0.393398
-0.394466
-0.393737
-0.392465
-0.392377
-0.394313
-0.397856
-0.401945
-0.405632
-0.408442
-0.410079
-0.410474
-0.409628
-0.407729
-0.405402
-0.403804
-0.404248
-0.407421
-0.412767
-0.418906
-0.424567
-0.429047
-0.432241
-0.434361
-0.435856
-0.437142
-0.438624
-0.440441
-0.442712
-0.445531
-0.448938
-0.452753
-0.4566
-0.46011
-0.463014
-0.465338
-0.467299
-0.469209
-0.471197
-0.473158
-0.474968
-0.476799
-0.4789
-0.481102
-0.482562
-0.482254
-0.480094
-0.477283
-0.475461
-0.475383
-0.476217
-0.476459
-0.475242
-0.472689
-0.469458
-0.466423
-0.464244
-0.463489
-0.464529
-0.46743
-0.47184
-0.477078
-0.482343
-0.486883
-0.49006
-0.491381
-0.490549
-0.487547
-0.482496
-0.475783
-0.468037
-0.460138
-0.45309
-0.447705
-0.4443
-0.442547
-0.441807
-0.441724
-0.442495
-0.444366
-0.446845
-0.448901
-0.449689
-0.449058
-0.447392
-0.445359
-0.443461
-0.441867
-0.440345
-0.438467
-0.435869
-0.432313
-0.427792
-0.42243
-0.416589
-0.41097
-0.406552
-0.404434
-0.405138
-0.408233
-0.412594
-0.416839
-0.419851
-0.420803
-0.419219
-0.414922
-0.40831
-0.400521
-0.393228
-0.387807
-0.384559
-0.382718
-0.381086
-0.378158
-0.37219
-0.363596
-0.357397
-0.359344
-0.368812
-0.379968
-0.388644
-0.394609
-0.399238
-0.402607
-0.402728
-0.397375
-0.38565
-0.368899
-0.351729
-0.341656
-0.343739
-0.354994
-0.36743
-0.375158
-0.37662
-0.372585
-0.364415
-0.354296
-0.346104
-0.344386
-0.350233
-0.359925
-0.369066
-0.375656
-0.379602
-0.381337
-0.381046
-0.378396
-0.372769
-0.363877
-0.353175
-0.343999
-0.338639
-0.335832
-0.334611
-0.336988
-0.34271
-0.347384
-0.348378
-0.346844
-0.344098
-0.339964
-0.336304
-0.338449
-0.348893
-0.363254
-0.375889
-0.38462
-0.389882
-0.392657
-0.393805
-0.393884
-0.393278
-0.391977
-0.389495
-0.385142
-0.379037
-0.372968
-0.369335
-0.368121
-0.366543
-0.362808
-0.358891
-0.359347
-0.366705
-0.378488
-0.389655
-0.396631
-0.398452
-0.396279
-0.392715
-0.390677
-0.391702
-0.395259
-0.399731
-0.403776
-0.406934
-0.409568
-0.412395
-0.415812
-0.4191
-0.42033
-0.416769
-0.406058
-0.388736
-0.372219
-0.367133
-0.373439
-0.381665
-0.386594
-0.389099
-0.391241
-0.393798
-0.396346
-0.397904
-0.397333
-0.393337
-0.384997
-0.373508
-0.363832
-0.361217
-0.365314
-0.371935
-0.378478
-0.384032
-0.38802
-0.390834
-0.394583
-0.401221
-0.410199
-0.418958
-0.425517
-0.429232
-0.430153
-0.42819
-0.422723
-0.413149
-0.400743
-0.391344
-0.392005
-0.402138
-0.41445
-0.423858
-0.429698
-0.432916
-0.434057
-0.432997
-0.429475
-0.423828
-0.41614
-0.404479
-0.389451
-0.384007
-0.400416
-0.425928
-0.4431
-0.447916
-0.4432
-0.433827
-0.426161
-0.425304
-0.430486
-0.436402
-0.439112
-0.438436
-0.436127
-0.43356
-0.430777
-0.427056
-0.421735
-0.415615
-0.411615
-0.412299
-0.416615
-0.420666
-0.421079
-0.416627
-0.408714
-0.401275
-0.398693
-0.402486
-0.410446
-0.418664
-0.424124
-0.42577
-0.42391
-0.419491
-0.41389
-0.408991
-0.406675
-0.406969
-0.407935
-0.408269
-0.408664
-0.409447
-0.408798
-0.404954
-0.399468
-0.39708
-0.401215
-0.41008
-0.419079
-0.425406
-0.429078
-0.431393
-0.43332
-0.434735
-0.434596
-0.431818
-0.426205
-0.418858
-0.41166
-0.406019
-0.4021
-0.399103
-0.396473
-0.395111
-0.39727
-0.4051
-0.418732
-0.435785
-0.452577
-0.465816
-0.47331
-0.473903
-0.467261
-0.45407
-0.436271
-0.417011
-0.400683
-0.393076
-0.39808
-0.412673
-0.428352
-0.437703
-0.438824
-0.435899
-0.436115
-0.443181
-0.454077
-0.463562
-0.468441
-0.467453
-0.4601
-0.446879
-0.431787
-0.423032
-0.425199
-0.432486
-0.436808
-0.435732
-0.431448
-0.427382
-0.425628
-0.425968
-0.426588
-0.425653
-0.422348
-0.416995
-0.410489
-0.403618
-0.396905
-0.391068
-0.387235
-0.386481
-0.388547
-0.391715
-0.393971
-0.394181
-0.392353
-0.389124
-0.385198
-0.381041
-0.3767
-0.372091
-0.367333
-0.363086
-0.360364
-0.359979
-0.361987
-0.365659
-0.370007
-0.374036
-0.376754
-0.376894
-0.372966
-0.363645
-0.349199
-0.333484
-0.32364
-0.324225
-0.332373
-0.34174
-0.348842
-0.35413
-0.359547
-0.365576
-0.370488
-0.371837
-0.368462
-0.361313
-0.352836
-0.345135
-0.338621
-0.332535
-0.326663
-0.323755
-0.329403
-0.343447
-0.357343
-0.364385
-0.363855
-0.358123
-0.350541
-0.344504
-0.34145
-0.338845
-0.332226
-0.322168
-0.318549
-0.329293
-0.347306
-0.361726
-0.369364
-0.371879
-0.371473
-0.369521
-0.366436
-0.362076
-0.356215
-0.349156
-0.342023
-0.336626
-0.334358
-0.334997
-0.336574
-0.336443
-0.333178
-0.328118
-0.324637
-0.324915
-0.327824
-0.331067
-0.333885
-0.336995
-0.341306
-0.346863
-0.352804
-0.35783
-0.360987
-0.361693
-0.359497
-0.354007
-0.345221
-0.333962
-0.321417
-0.309963
-0.30474
-0.30985
-0.322666
-0.336952
-0.348569
-0.3564
-0.36087
-0.362719
-0.362538
-0.360694
-0.357659
-0.354334
-0.35204
-0.351953
-0.35436
-0.358661
-0.364098
-0.369878
-0.374983
-0.378129
-0.378284
-0.375223
-0.369923
-0.364546
-0.361416
-0.361726
-0.364903
-0.369289
-0.373382
-0.376518
-0.378763
-0.380271
-0.380926
-0.380225
-0.377437
-0.371926
-0.363731
-0.354522
-0.347849
-0.346822
-0.350794
-0.356448
-0.361534
-0.366002
-0.370609
-0.375737
-0.380775
-0.384707
-0.386667
-0.386429
-0.38453
-0.382045
-0.380237
-0.380021
-0.381627
-0.384483
-0.387514
-0.389637
-0.390032
-0.388405
-0.38507
-0.380878
-0.376849
-0.373298
-0.369446
-0.363727
-0.354857
-0.342881
-0.329879
-0.319942
-0.317562
-0.324486
-0.338186
-0.353951
-0.368003
-0.378612
-0.385613
-0.389542
-0.391124
-0.39107
-0.389944
-0.388162
-0.385988
-0.383593
-0.381071
-0.378486
-0.375914
-0.373437
-0.371163
-0.369149
-0.367296
-0.365132
-0.361609
-0.355006
-0.344116
-0.331526
-0.325661
-0.332234
-0.34535
-0.356129
-0.361605
-0.363022
-0.362497
-0.361576
-0.36104
-0.361194
-0.361972
-0.363188
-0.364488
-0.365374
-0.365206
-0.363363
-0.359444
-0.35366
-0.346981
-0.341447
-0.33951
-0.342069
-0.347466
-0.353798
-0.360625
-0.367758
-0.374135
-0.378455
-0.380018
-0.378838
-0.375468
-0.370998
-0.367179
-0.365779
-0.367662
-0.372144
-0.377375
-0.380886
-0.380481
-0.375309
-0.366852
-0.358386
-0.35325
-0.354623
-0.364913
-0.381498
-0.397997
-0.410182
-0.417432
-0.420892
-0.421866
-0.421366
-0.420079
-0.418298
-0.416161
-0.413696
-0.411073
-0.408525
-0.406341
-0.404726
-0.403618
-0.402435
-0.400121
-0.395706
-0.389538
-0.383884
-0.382104
-0.386748
-0.398058
-0.413679
-0.429996
-0.444147
-0.454672
-0.461063
-0.462937
-0.459347
-0.448708
-0.429158
-0.400352
-0.366072
-0.335521
-0.31997
-0.325303
-0.34596
-0.370087
-0.389904
-0.403876
-0.413096
-0.418759
-0.421546
-0.422001
-0.420625
-0.417852
-0.414011
-0.409262
-0.403706
-0.397247
-0.389749
-0.381072
-0.371485
-0.362428
-0.356285
-0.354504
-0.356208
-0.359604
-0.363392
-0.36648
-0.367802
-0.366795
-0.363598
-0.359057
-0.354679
-0.351945
-0.351348
-0.352382
-0.354398
-0.357246
-0.361008
-0.365769
-0.37147
-0.377908
-0.384619
-0.391156
-0.396989
-0.401607
-0.404373
-0.404633
-0.40178
-0.395606
-0.3865
-0.375574
-0.364505
-0.354947
-0.348002
-0.344933
-0.347873
-0.357698
-0.371835
-0.386687
-0.400272
-0.411696
-0.420148
-0.424867
-0.425232
-0.420575
-0.409883
-0.391899
-0.367073
-0.340845
-0.321173
-0.307848
-0.295933
-0.293503
-0.314557
-0.35202
-0.387284
-0.412091
-0.427222
-0.435744
-0.44016
-0.441844
-0.441216
-0.437887
-0.430879
-0.419063
-0.402242
-0.383062
-0.367816
-0.363063
-0.369765
-0.382192
-0.393353
-0.399775
-0.40169
-0.400762
-0.398406
-0.395386
-0.392465
-0.390638
-0.390861
-0.39338
-0.397195
-0.40006
-0.399293
-0.393143
-0.382308
-0.371062
-0.36558
-0.368923
-0.378524
-0.389345
-0.397896
-0.402912
-0.404267
-0.401865
-0.395714
-0.387078
-0.380199
-0.380184
-0.387283
-0.396395
-0.402493
-0.401949
-0.389141
-0.3543
-0.301498
-0.28159
-0.309411
-0.33458
-0.343801
-0.346677
-0.352388
-0.36395
-0.37682
-0.385551
-0.388461
-0.386652
-0.382034
-0.376321
-0.370619
-0.365198
-0.359603
-0.353364
-0.347371
-0.34426
-0.346518
-0.353929
-0.363689
-0.37289
-0.379824
-0.384003
-0.385584
-0.38494
-0.382596
-0.379263
-0.375707
-0.372456
-0.369492
-0.366582
-0.363923
-0.362489
-0.363649
-0.368181
-0.375456
-0.383744
-0.391038
-0.395752
-0.39691
-0.394059
-0.387519
-0.378898
-0.371234
-0.367592
-0.368743
-0.372901
-0.377628
-0.380886
-0.38113
-0.37747
-0.370319
-0.361797
-0.355278
-0.35369
-0.357927
-0.366546
-0.376863
-0.386287
-0.393139
-0.396724
-0.396942
-0.393851
-0.387735
-0.379588
-0.371974
-0.368392
-0.370378
-0.375759
-0.380961
-0.383683
-0.383338
-0.380097
-0.374558
-0.367667
-0.360637
-0.354513
-0.350122
-0.348609
-0.351364
-0.35825
-0.367137
-0.375436
-0.381513
-0.384446
-0.383064
-0.375885
-0.362786
-0.349102
-0.345365
-0.355291
-0.37073
-0.383364
-0.390987
-0.394499
-0.395138
-0.393809
-0.391004
-0.386974
-0.381807
-0.37543
-0.367646
-0.35841
-0.348536
-0.340668
-0.338975
-0.345881
-0.359033
-0.373152
-0.383737
-0.388633
-0.387771
-0.383596
-0.380693
-0.382302
-0.386402
-0.38833
-0.386496
-0.384545
-0.387712
-0.39663
-0.406903
-0.414349
-0.417458
-0.416586
-0.413217
-0.409547
-0.407378
-0.406344
-0.403903
-0.397644
-0.387581
-0.376497
-0.36764
-0.361825
-0.357593
-0.355198
-0.358277
-0.367978
-0.379351
-0.387129
-0.390384
-0.391278
-0.3923
-0.394565
-0.397707
-0.400822
-0.403385
-0.405392
-0.407081
-0.408595
-0.409919
-0.410982
-0.411714
-0.412042
-0.411896
-0.411141
-0.409495
-0.406551
-0.401859
-0.39506
-0.386164
-0.37578
-0.365061
-0.355029
-0.345965
-0.337609
-0.330068
-0.325347
-0.327514
-0.338996
-0.356652
-0.374312
-0.38779
-0.395952
-0.39935
-0.398768
-0.394762
-0.388097
-0.38072
-0.375704
-0.3744
-0.37401
-0.370247
-0.361635
-0.350416
-0.340397
-0.333918
-0.331497
-0.33345
-0.339962
-0.349316
-0.358186
-0.364016
-0.366425
-0.366798
-0.366757
-0.366726
-0.365378
-0.35994
-0.347029
-0.324811
-0.299121
-0.286523
-0.29688
-0.319031
-0.338968
-0.352614
-0.36139
-0.366927
-0.36983
-0.370089
-0.36771
-0.363167
-0.357677
-0.35318
-0.351534
-0.353371
-0.35773
-0.362953
-0.367754
-0.371584
-0.374448
-0.376548
-0.378027
-0.378808
-0.378563
-0.376805
-0.372991
-0.366849
-0.358609
-0.349507
-0.342127
-0.340119
-0.34564
-0.356609
-0.368218
-0.376634
-0.380155
-0.377788
-0.367613
-0.346472
-0.313829
-0.281909
-0.275764
-0.303073
-0.341684
-0.371455
-0.388896
-0.397646
-0.401074
-0.400638
-0.39577
-0.384013
-0.363251
-0.339957
-0.333267
-0.348772
-0.367994
-0.378586
-0.380815
-0.378258
-0.374151
-0.371186
-0.37128
-0.374909
-0.381082
-0.388092
-0.394659
-0.400179
-0.404355
-0.406909
-0.407536
-0.406225
-0.403763
-0.401821
-0.402096
-0.404839
-0.408267
-0.409484
-0.405847
-0.395763
-0.379643
-0.361665
-0.349595
-0.34977
-0.363116
-0.385866
-0.410476
-0.431068
-0.446758
-0.457695
-0.462781
-0.460766
-0.451332
-0.435818
-0.417989
-0.404252
-0.401045
-0.409771
-0.424944
-0.439165
-0.448221
-0.451643
-0.451164
-0.449183
-0.447556
-0.446971
-0.446797
-0.445684
-0.442396
-0.436669
-0.429831
-0.424185
-0.421262
-0.420682
-0.420839
-0.419496
-0.414396
-0.405601
-0.39806
-0.398353
-0.407209
-0.419437
-0.430083
-0.437267
-0.44117
-0.442375
-0.440866
-0.435812
-0.426083
-0.411381
-0.39412
-0.379838
-0.373046
-0.372205
-0.371588
-0.368603
-0.366708
-0.370064
-0.376728
-0.381466
-0.381847
-0.378953
-0.375152
-0.372447
-0.371709
-0.372728
-0.374614
-0.376391
-0.377242
-0.376551
-0.373885
-0.369136
-0.362891
-0.356672
-0.352581
-0.352019
-0.354492
-0.357936
-0.360279
-0.360517
-0.358679
-0.355354
-0.351281
-0.347483
-0.345515
-0.346885
-0.351607
-0.357999
-0.364046
-0.368728
-0.371931
-0.373924
-0.375029
-0.375738
-0.376502
-0.377136
-0.376552
-0.373162
-0.365931
-0.354934
-0.341456
-0.328078
-0.318879
-0.318192
-0.327487
-0.343095
-0.358462
-0.369168
-0.374426
-0.375274
-0.373056
-0.368761
-0.363098
-0.356784
-0.350803
-0.346456
-0.344929
-0.346543
-0.350355
-0.354756
-0.358459
-0.36082
-0.361648
-0.361
-0.359057
-0.355924
-0.351686
-0.346348
-0.340172
-0.334112
-0.329824
-0.328915
-0.331745
-0.337084
-0.342363
-0.344648
-0.342072
-0.33488
-0.325842
-0.319718
-0.320512
-0.328054
-0.338148
-0.346119
-0.349418
-0.34769
-0.341681
-0.331877
-0.318497
-0.305352
-0.303242
-0.317314
-0.337235
-0.352467
-0.361025
-0.364716
-0.365219
-0.363302
-0.359019
-0.35235
-0.344275
-0.337895
-0.33715
-0.342813
-0.351318
-0.358563
-0.362675
-0.363387
-0.360965
-0.355746
-0.3485
-0.340886
-0.335269
-0.333354
-0.334928
-0.338246
-0.341091
-0.341843
-0.340182
-0.337576
-0.336503
-0.338378
-0.342417
-0.34673
-0.350001
-0.35193
-0.352901
-0.353716
-0.355109
-0.35743
-0.360527
-0.363774
-0.366333
-0.367301
-0.365912
-0.361772
-0.355156
-0.347257
-0.340135
-0.336131
-0.336673
-0.341089
-0.346522
-0.349755
-0.349373
-0.346939
-0.345964
-0.348571
-0.353598
-0.358965
-0.364247
-0.369825
-0.375434
-0.379983
-0.382353
-0.381631
-0.377044
-0.368396
-0.35731
-0.348503
-0.347343
-0.354625
-0.36626
-0.377711
-0.386381
-0.391314
-0.392646
-0.391214
-0.388484
-0.38607
-0.385398
-0.387154
-0.390785
-0.395098
-0.399514
-0.404319
-0.409674
-0.415081
-0.419715
-0.422584
-0.42244
-0.418247
-0.410299
-0.401362
-0.396299
-0.398616
-0.406966
-0.416477
-0.422797
-0.424289
-0.422122
-0.419352
-0.419093
-0.422813
-0.429354
-0.435524
-0.437668
-0.432959
-0.420469
-0.4026
-0.385856
-0.377441
-0.378667
-0.385688
-0.396224
-0.409357
-0.422566
-0.432763
-0.438527
-0.440624
-0.440787
-0.439896
-0.437203
-0.431186
-0.421153
-0.408576
-0.397584
-0.392949
-0.395551
-0.401374
-0.405643
-0.406032
-0.402423
-0.396047
-0.388841
-0.383252
-0.381645
-0.384981
-0.391759
-0.398797
-0.403249
-0.403956
-0.401362
-0.396766
-0.39161
-0.386877
-0.383144
-0.380809
-0.380334
-0.381708
-0.384183
-0.386764
-0.388658
-0.389236
-0.38788
-0.384077
-0.378075
-0.371532
-0.367275
-0.367263
-0.37088
-0.375937
-0.380659
-0.384407
-0.387069
-0.388573
-0.388742
-0.38741
-0.384863
-0.382367
-0.381896
-0.384868
-0.390792
-0.397746
-0.403969
-0.408564
-0.411286
-0.411962
-0.410196
-0.405322
-0.397063
-0.387121
-0.380586
-0.382998
-0.393544
-0.405253
-0.411228
-0.40775
-0.395683
-0.382886
-0.378776
-0.381889
-0.384309
-0.383911
-0.383593
-0.385442
-0.38918
-0.394064
-0.400176
-0.407582
-0.41507
-0.420689
-0.423116
-0.422621
-0.420807
-0.419791
-0.420872
-0.423813
-0.427433
-0.430456
-0.43143
-0.428487
-0.419804
-0.405487
-0.389762
-0.379659
-0.378386
-0.383062
-0.390233
-0.399454
-0.411127
-0.424191
-0.436606
-0.446819
-0.454196
-0.458601
-0.460035
-0.458308
-0.453143
-0.4447
-0.434738
-0.426901
-0.424806
-0.428327
-0.433122
-0.434649
-0.431495
-0.425727
-0.420999
-0.4193
-0.420012
-0.422072
-0.425599
-0.431293
-0.439485
-0.449373
-0.45889
-0.465736
-0.468709
-0.468009
-0.464695
-0.460204
-0.455647
-0.451458
-0.44764
-0.44447
-0.442904
-0.443864
-0.447082
-0.450709
-0.451635
-0.446589
-0.435431
-0.427006
-0.433217
-0.450313
-0.465494
-0.473925
-0.477268
-0.477338
-0.474179
-0.466981
-0.456049
-0.443691
-0.433917
-0.430522
-0.434752
-0.444347
-0.455294
-0.464096
-0.468943
-0.469408
-0.46583
-0.459077
-0.45064
-0.442833
-0.43886
-0.441333
-0.44966
-0.459865
-0.467662
-0.4709
-0.469477
-0.464371
-0.457068
-0.448837
-0.440214
-0.431144
-0.421912
-0.413777
-0.408308
-0.406039
-0.406214
-0.407572
-0.409289
-0.411231
-0.41351
-0.41604
-0.418332
-0.419831
-0.420235
-0.419489
-0.417767
-0.415326
-0.412544
-0.409827
-0.40762
-0.406287
-0.40587
-0.406066
-0.406121
-0.404979
-0.401325
-0.393973
-0.38311
-0.372134
-0.366721
-0.369414
-0.377319
-0.386669
-0.395451
-0.402722
-0.407776
-0.410227
-0.409945
-0.406915
-0.401369
-0.394392
-0.388272
-0.385893
-0.388632
-0.395346
-0.403745
-0.411813
-0.418015
-0.42084
-0.418593
-0.410234
-0.397333
-0.38566
-0.381172
-0.383612
-0.388254
-0.391111
-0.389864
-0.383803
-0.37662
-0.376364
-0.385977
-0.399349
-0.410707
-0.418881
-0.424498
-0.427795
-0.428382
-0.42581
-0.42004
-0.411822
-0.40291
-0.395448
-0.390605
-0.387943
-0.386404
-0.385364
-0.384951
-0.385369
-0.386544
-0.38806
-0.389398
-0.390094
-0.389963
-0.388907
-0.387017
-0.384407
-0.381369
-0.378314
-0.375711
-0.37385
-0.372737
-0.37199
-0.37098
-0.369262
-0.367178
-0.366062
-0.367347
-0.37111
-0.375923
-0.380119
-0.382773
-0.383787
-0.383415
-0.381963
-0.379694
-0.376817
-0.373621
-0.370475
-0.36795
-0.366745
-0.36743
-0.370135
-0.374437
-0.37949
-0.384423
-0.388468
-0.39101
-0.391603
-0.390051
-0.386384
-0.381288
-0.376675
-0.375656
-0.380506
-0.390204
-0.401043
-0.409558
-0.414204
-0.415221
-0.413947
-0.411897
-0.410034
-0.408549
-0.406913
-0.404139
-0.399215
-0.391838
-0.383945
-0.381365
-0.389833
-0.406318
-0.422035
-0.431757
-0.435153
-0.433756
-0.429437
-0.424245
-0.420143
-0.417437
-0.413218
-0.40146
-0.376847
-0.342833
-0.319225
-0.326076
-0.354219
-0.379184
-0.389816
-0.389104
-0.383913
-0.378851
-0.375644
-0.374504
-0.375206
-0.377503
-0.381086
-0.385343
-0.389614
-0.39352
-0.396876
-0.399297
-0.399991
-0.398011
-0.392636
-0.384311
-0.376147
-0.373288
-0.377732
-0.385529
-0.391238
-0.392159
-0.387889
-0.379101
-0.367493
-0.3565
-0.351004
-0.354289
-0.365086
-0.378729
-0.39097
-0.399804
-0.40487
-0.406371
-0.404509
-0.399492
-0.391988
-0.383582
-0.376811
-0.374025
-0.375408
-0.378209
-0.378666
-0.374518
-0.366638
-0.360124
-0.36155
-0.371044
-0.381074
-0.3852
-0.383296
-0.380699
-0.383215
-0.391024
-0.399819
-0.406483
-0.410936
-0.4143
-0.41753
-0.42091
-0.424357
-0.427533
-0.429996
-0.431177
-0.430574
-0.427833
-0.422886
-0.416261
-0.40909
-0.403009
-0.399214
-0.397304
-0.39481
-0.388417
-0.377183
-0.366281
-0.365163
-0.376955
-0.394322
-0.408069
-0.413793
-0.411402
-0.403423
-0.394291
-0.388905
-0.389534
-0.394465
-0.400414
-0.405179
-0.408093
-0.409246
-0.409018
-0.407805
-0.405974
-0.403609
-0.400183
-0.394639
-0.386314
-0.376693
-0.370248
-0.370379
-0.374606
-0.377684
-0.377347
-0.375117
-0.374006
-0.376153
-0.381664
-0.388833
-0.395658
-0.401033
-0.405059
-0.408529
-0.412299
-0.416664
-0.421295
-0.425399
-0.428124
-0.428731
-0.42666
-0.42172
-0.41435
-0.40575
-0.396859
-0.387026
-0.374664
-0.363202
-0.36427
-0.38282
-0.407395
-0.427022
-0.439367
-0.44577
-0.447638
-0.445905
-0.441454
-0.435479
-0.429537
-0.425073
-0.422788
-0.422621
-0.424215
-0.42722
-0.431225
-0.43575
-0.440371
-0.44474
-0.448301
-0.450229
-0.449263
-0.443913
-0.432746
-0.415531
-0.394919
-0.377168
-0.369316
-0.373509
-0.384157
-0.39289
-0.396302
-0.397738
-0.402669
-0.413037
-0.425804
-0.436785
-0.443815
-0.446571
-0.445469
-0.441333
-0.435516
-0.430012
-0.426583
-0.425627
-0.425965
-0.426024
-0.42475
-0.421819
-0.417351
-0.411689
-0.405522
-0.39987
-0.395906
-0.394166
-0.394124
-0.394544
-0.394248
-0.392659
-0.389725
-0.385611
-0.380365
-0.373961
-0.366702
-0.359683
-0.354451
-0.351671
-0.351125
-0.352733
-0.356714
-0.362346
-0.368138
-0.372873
-0.37602
-0.377497
-0.37719
-0.374799
-0.369998
-0.362732
-0.353773
-0.345484
-0.341275
-0.343259
-0.350039
-0.358063
-0.364501
-0.368348
-0.369613
-0.368714
-0.366128
-0.362374
-0.358146
-0.354235
-0.351365
-0.350107
-0.350806
-0.353577
-0.358179
-0.364006
-0.3703
-0.376346
-0.381484
-0.38484
-0.385466
-0.382848
-0.377915
-0.373504
-0.372522
-0.374747
-0.377344
-0.378172
-0.37713
-0.375383
-0.374027
-0.373154
-0.371386
-0.366143
-0.354647
-0.337432
-0.325582
-0.33468
-0.359503
-0.381797
-0.394284
-0.398824
-0.398665
-0.395961
-0.391674
-0.386208
-0.380297
-0.375585
-0.374164
-0.377075
-0.383075
-0.389714
-0.395133
-0.398977
-0.402088
-0.405551
-0.409891
-0.414803
-0.41952
-0.423433
-0.426244
-0.427946
-0.4287
-0.428699
-0.428126
-0.427076
-0.425429
-0.422879
-0.419194
-0.414913
-0.411766
-0.411974
-0.416494
-0.423877
-0.431572
-0.437629
-0.441357
-0.442694
-0.442131
-0.440892
-0.440738
-0.442727
-0.446126
-0.449085
-0.450196
-0.449011
-0.445673
-0.440766
-0.435752
-0.433224
-0.434479
-0.435977
-0.429979
-0.409551
-0.378505
-0.362214
-0.378342
-0.406232
-0.426778
-0.438736
-0.445487
-0.449271
-0.451146
-0.451625
-0.450977
-0.449508
-0.447677
-0.446079
-0.445304
-0.445682
-0.447173
-0.449556
-0.452412
-0.455393
-0.458212
-0.460597
-0.462301
-0.463138
-0.462878
-0.461194
-0.457734
-0.452258
-0.44556
-0.440785
-0.442131
-0.449905
-0.458729
-0.462675
-0.459658
-0.451558
-0.442407
-0.435811
-0.433303
-0.435026
-0.441038
-0.45059
-0.461142
-0.469992
-0.47567
-0.477652
-0.476046
-0.471765
-0.466908
-0.463932
-0.464341
-0.467731
-0.472627
-0.477622
-0.481829
-0.484634
-0.485389
-0.483521
-0.47848
-0.469986
-0.45858
-0.446746
-0.439254
-0.440216
-0.448768
-0.46014
-0.470326
-0.477906
-0.482987
-0.48594
-0.486901
-0.485637
-0.481736
-0.475146
-0.46664
-0.457842
-0.449997
-0.442883
-0.435657
-0.42864
-0.423717
-0.422441
-0.424334
-0.427367
-0.430533
-0.435474
-0.444545
-0.457336
-0.47063
-0.481325
-0.487847
-0.489679
-0.486349
-0.47725
-0.463051
-0.447536
-0.436264
-0.430979
-0.42826
-0.424718
-0.420619
-0.418405
-0.419811
-0.424313
-0.429648
-0.433314
-0.433719
-0.430762
-0.425818
-0.420476
-0.414989
-0.407897
-0.39787
-0.386601
-0.380772
-0.386895
-0.401457
-0.414796
-0.421903
-0.423227
-0.421
-0.417175
-0.413161
-0.409824
-0.407564
-0.406347
-0.405796
-0.405493
-0.405076
-0.404423
-0.403694
-0.40326
-0.403534
-0.404847
-0.407359
-0.411033
-0.415665
-0.420942
-0.426405
-0.431468
-0.435387
-0.437464
-0.437318
-0.435087
-0.431223
-0.425544
-0.416259
-0.400424
-0.377404
-0.355739
-0.3505
-0.363152
-0.381975
-0.40124
-0.420274
-0.436648
-0.447497
-0.452186
-0.452203
-0.450213
-0.448853
-0.449514
-0.451872
-0.45457
-0.456111
-0.455485
-0.452496
-0.447679
-0.44192
-0.435915
-0.430098
-0.424884
-0.420786
-0.418463
-0.418616
-0.421624
-0.427056
-0.433655
-0.439929
-0.444806
-0.447912
-0.449375
-0.449476
-0.448363
-0.44599
-0.442245
-0.437231
-0.431614
-0.426295
-0.421681
-0.417819
-0.41626
-0.419431
-0.425426
-0.427549
-0.420822
-0.406083
-0.389442
-0.378259
-0.375465
-0.380579
-0.392573
-0.406795
-0.416974
-0.420892
-0.42004
-0.416622
-0.412145
-0.407256
-0.402458
-0.399047
-0.399201
-0.404033
-0.412166
-0.420496
-0.4264
-0.428697
-0.427495
-0.423709
-0.41866
-0.413772
-0.409852
-0.406298
-0.401132
-0.392493
-0.381526
-0.373775
-0.374887
-0.38416
-0.396235
-0.407034
-0.415197
-0.420773
-0.42422
-0.426073
-0.426734
-0.426533
-0.425678
-0.424216
-0.422095
-0.419243
-0.415545
-0.410669
-0.404
-0.394923
-0.383977
-0.374913
-0.373894
-0.382888
-0.396459
-0.408425
-0.416875
-0.422788
-0.427549
-0.431784
-0.435263
-0.437223
-0.436742
-0.433152
-0.426405
-0.417282
-0.407248
-0.397878
-0.390192
-0.384785
-0.382639
-0.385361
-0.393012
-0.40315
-0.412595
-0.419332
-0.422422
-0.421133
-0.414766
-0.404305
-0.394921
-0.393955
-0.402027
-0.412479
-0.419922
-0.42342
-0.424108
-0.423213
-0.421555
-0.419564
-0.417472
-0.415361
-0.413375
-0.411639
-0.410389
-0.409822
-0.410092
-0.411072
-0.412362
-0.41325
-0.412969
-0.411377
-0.409978
-0.41177
-0.41878
-0.429191
-0.438336
-0.441182
-0.43349
-0.414942
-0.395545
-0.3873
-0.385966
-0.387937
-0.397454
-0.408094
-0.410931
-0.407461
-0.405006
-0.408579
-0.418414
-0.43074
-0.441055
-0.447393
-0.449811
-0.449255
-0.44701
-0.444106
-0.440792
-0.436204
-0.429046
-0.419043
-0.408958
-0.40324
-0.402182
-0.401347
-0.398948
-0.398812
-0.405099
-0.416918
-0.429949
-0.44028
-0.445046
-0.440635
-0.4221
-0.391261
-0.372553
-0.385385
-0.406472
-0.416463
-0.418746
-0.420951
-0.425993
-0.432601
-0.438528
-0.442134
-0.442093
-0.436935
-0.425586
-0.410447
-0.399964
-0.401389
-0.410721
-0.419596
-0.424873
-0.427599
-0.429283
-0.430752
-0.432199
-0.433515
-0.434586
-0.435567
-0.436721
-0.438165
-0.439666
-0.44043
-0.439574
-0.436775
-0.43296
-0.429723
-0.428184
-0.42876
-0.431767
-0.437277
-0.444492
-0.451743
-0.457093
-0.459035
-0.456684
-0.44972
-0.438395
-0.424079
-0.409768
-0.398293
-0.389069
-0.379132
-0.369204
-0.366326
-0.376053
-0.393787
-0.409686
-0.416643
-0.409096
-0.382486
-0.345626
-0.329423
-0.343121
-0.362951
-0.377368
-0.386618
-0.392015
-0.395023
-0.397469
-0.400801
-0.405361
-0.410316
-0.414371
-0.416216
-0.414787
-0.409901
-0.402778
-0.39598
-0.391121
-0.387122
-0.381765
-0.375044
-0.370895
-0.374366
-0.384447
-0.393938
-0.39736
-0.39487
-0.39052
-0.38803
-0.387505
-0.38656
-0.383445
-0.378177
-0.371878
-0.366398
-0.36431
-0.36735
-0.373811
-0.379703
-0.382248
-0.381059
-0.377195
-0.371961
-0.366432
-0.361596
-0.358593
-0.358554
-0.361622
-0.366558
-0.371447
-0.374698
-0.375436
-0.373348
-0.368394
-0.361162
-0.353401
-0.347835
-0.346265
-0.347763
-0.349808
-0.350557
-0.349718
-0.348032
-0.346386
-0.34545
-0.34528
-0.345319
-0.344645
-0.342335
-0.33791
-0.331979
-0.32662
-0.324671
-0.327492
-0.333893
-0.341508
-0.348509
-0.353827
-0.356924
-0.357736
-0.356636
-0.354514
-0.352475
-0.351548
-0.352243
-0.354073
-0.355596
-0.354954
-0.350698
-0.342744
-0.332935
-0.324118
-0.317727
-0.312819
-0.309863
-0.312367
-0.320972
-0.331261
-0.339105
-0.34301
-0.343552
-0.343413
-0.345928
-0.351739
-0.358282
-0.362979
-0.365171
-0.365577
-0.365257
-0.365047
-0.365373
-0.366297
-0.367742
-0.369488
-0.371293
-0.372882
-0.373797
-0.373198
-0.369564
-0.360451
-0.343642
-0.321939
-0.308102
-0.314173
-0.335784
-0.359801
-0.37721
-0.385502
-0.385741
-0.379826
-0.369732
-0.358034
-0.34823
-0.343645
-0.345696
-0.353014
-0.362658
-0.37165
-0.378138
-0.381601
-0.382391
-0.381168
-0.378765
-0.376127
-0.374321
-0.374245
-0.376112
-0.379253
-0.382375
-0.383933
-0.382429
-0.376621
-0.366572
-0.355303
-0.34838
-0.34859
-0.353145
-0.358245
-0.362451
-0.365649
-0.36795
-0.369548
-0.370722
-0.371702
-0.372452
-0.372569
-0.371324
-0.368726
-0.366895
-0.368946
-0.375815
-0.385666
-0.395484
-0.402061
-0.403113
-0.398715
-0.391523
-0.385392
-0.382898
-0.384229
-0.388108
-0.392974
-0.397715
-0.402277
-0.407041
-0.411606
-0.414951
-0.41708
-0.420154
-0.426982
-0.43776
-0.449893
-0.460648
-0.468696
-0.473732
-0.475691
-0.47457
-0.47049
-0.463781
-0.455093
-0.445639
-0.438038
-0.436156
-0.441492
-0.451118
-0.461391
-0.471302
-0.481534
-0.491957
-0.500767
-0.505437
-0.504339
-0.497856
-0.488769
-0.481611
-0.480006
-0.484024
-0.490444
-0.495551
-0.49737
-0.49663
-0.496259
-0.499469
-0.506983
-0.515995
-0.521978
-0.520851
-0.51003
-0.489659
-0.464231
-0.441486
-0.429174
-0.4318
-0.445659
-0.461186
-0.472936
-0.481202
-0.486344
-0.486681
-0.481095
-0.471468
-0.462662
-0.459585
-0.463379
-0.471078
-0.478798
-0.484302
-0.487536
-0.489862
-0.492041
-0.492707
-0.488655
-0.476924
-0.458704
-0.441665
-0.435267
-0.441491
-0.453879
-0.464712
-0.469974
-0.469335
-0.464717
-0.459271
-0.456273
-0.45762
-0.462773
-0.469499
-0.475704
-0.480325
-0.482975
-0.483328
-0.480784
-0.474651
-0.464709
-0.451947
-0.438557
-0.427103
-0.42097
-0.423163
-0.431575
-0.439993
-0.444941
-0.447369
-0.449595
-0.452381
-0.454748
-0.455473
-0.453979
-0.450444
-0.445726
-0.441201
-0.438103
-0.436632
-0.435752
-0.434532
-0.433907
-0.435991
-0.441092
-0.446935
-0.4513
-0.453733
-0.454903
-0.455189
-0.454173
-0.451139
-0.44578
-0.43889
-0.432606
-0.4298
-0.432299
-0.439557
-0.449298
-0.459266
-0.468057
-0.474976
-0.479765
-0.482357
-0.482738
-0.481038
-0.477456
-0.472389
-0.466369
-0.46004
-0.454154
-0.44947
-0.44663
-0.446028
-0.447729
-0.451326
-0.456133
-0.461445
-0.466764
-0.47175
-0.475938
-0.478645
-0.478999
-0.476215
-0.470237
-0.462371
-0.454853
-0.448956
-0.443837
-0.438329
-0.432806
-0.428271
-0.424324
-0.419788
-0.415048
-0.412039
-0.411569
-0.412144
-0.411974
-0.411106
-0.410891
-0.412411
-0.415571
-0.419344
-0.422375
-0.423351
-0.421355
-0.415976
-0.407346
-0.396093
-0.383518
-0.371963
-0.364725
-0.364588
-0.371146
-0.380706
-0.388842
-0.392764
-0.391529
-0.385129
-0.373852
-0.358324
-0.340111
-0.322589
-0.310515
-0.307398
-0.312244
-0.320499
-0.328012
-0.333187
-0.336404
-0.338565
-0.340265
-0.341533
-0.3421
-0.341559
-0.339613
-0.336023
-0.330698
-0.323741
-0.315876
-0.3089
-0.305642
-0.308029
-0.314979
-0.323297
-0.330342
-0.335035
-0.337219
-0.337173
-0.335075
-0.330977
-0.324885
-0.316974
-0.308325
-0.302065
-0.302599
-0.31098
-0.322929
-0.333232
-0.339524
-0.342074
-0.342089
-0.340988
-0.339819
-0.339088
-0.338655
-0.338164
-0.337427
-0.336691
-0.336447
-0.337195
-0.339157
-0.342191
-0.345894
-0.349737
-0.353268
-0.356065
-0.357493
-0.356612
-0.35219
-0.34353
-0.332648
-0.325776
-0.328523
-0.338389
-0.348286
-0.354387
-0.356785
-0.357004
-0.35636
-0.355656
-0.35574
-0.357508
-0.360957
-0.36444
-0.365869
-0.364293
-0.36022
-0.355246
-0.351091
-0.348946
-0.348782
-0.349412
-0.349454
-0.348328
-0.346872
-0.347031
-0.350336
-0.356153
-0.36199
-0.365691
-0.366634
-0.365535
-0.363656
-0.362087
-0.361444
-0.361816
-0.362852
-0.363963
-0.364298
-0.362949
-0.359122
-0.352418
-0.343059
-0.332079
-0.321765
-0.315388
-0.315686
-0.322555
-0.333042
-0.343751
-0.352666
-0.359206
-0.363563
-0.366227
-0.367695
-0.368301
-0.368235
-0.367503
-0.366012
-0.363674
-0.360536
-0.356918
-0.353458
-0.351011
-0.350316
-0.351826
-0.355412
-0.360487
-0.366202
-0.371731
-0.37643
-0.379885
-0.381795
-0.3819
-0.379857
-0.375341
-0.368269
-0.359058
-0.349202
-0.341729
-0.340626
-0.347846
-0.36073
-0.374085
-0.38431
-0.39051
-0.393422
-0.394339
-0.394438
-0.394554
-0.395001
-0.39564
-0.396171
-0.396278
-0.395604
-0.393974
-0.39197
-0.390737
-0.390841
-0.391581
-0.392454
-0.394918
-0.400315
-0.406427
-0.409382
-0.408189
-0.405907
-0.406595
-0.41124
-0.417098
-0.420614
-0.420236
-0.41659
-0.410872
-0.403092
-0.392415
-0.379753
-0.369245
-0.365662
-0.36997
-0.378613
-0.387255
-0.393602
-0.397531
-0.400174
-0.403039
-0.407129
-0.412274
-0.417258
-0.420523
-0.42007
-0.412864
-0.394665
-0.365771
-0.344302
-0.351418
-0.373037
-0.387966
-0.393897
-0.395435
-0.39567
-0.395355
-0.393877
-0.390152
-0.383271
-0.373402
-0.36266
-0.355116
-0.354603
-0.360837
-0.368977
-0.374477
-0.376595
-0.377293
-0.37861
-0.381163
-0.384345
-0.38727
-0.389283
-0.389889
-0.388527
-0.384479
-0.377522
-0.369562
-0.365304
-0.368684
-0.377981
-0.387541
-0.39294
-0.392939
-0.389335
-0.386154
-0.387036
-0.391705
-0.395785
-0.395125
-0.390691
-0.388547
-0.393151
-0.402548
-0.41217
-0.418938
-0.421828
-0.421908
-0.421267
-0.420048
-0.415388
-0.405864
-0.396252
-0.394807
-0.403035
-0.412675
-0.413593
-0.401403
-0.384944
-0.384698
-0.403689
-0.424153
-0.436641
-0.442221
-0.443427
-0.441255
-0.435569
-0.426274
-0.415077
-0.406371
-0.404136
-0.406947
-0.409913
-0.411365
-0.414344
-0.421802
-0.432271
-0.441883
-0.447914
-0.449438
-0.446723
-0.441187
-0.435454
-0.432175
-0.432319
-0.435162
-0.439849
-0.445888
-0.452343
-0.457754
-0.460862
-0.460917
-0.457633
-0.45117
-0.442428
-0.43327
-0.425631
-0.419366
-0.411725
-0.400758
-0.391158
-0.393503
-0.409914
-0.429807
-0.444618
-0.453426
-0.458559
-0.462285
-0.465878
-0.469483
-0.47268
-0.47492
-0.475781
-0.474951
-0.472284
-0.467829
-0.462096
-0.456122
-0.451041
-0.447472
-0.445387
-0.444416
-0.44433
-0.445121
-0.446828
-0.44927
-0.452044
-0.454548
-0.456304
-0.45701
-0.456656
-0.455431
-0.453652
-0.451562
-0.449236
-0.446477
-0.442919
-0.438195
-0.432141
-0.425184
-0.418635
-0.414668
-0.414934
-0.418848
-0.423923
-0.427963
-0.430506
-0.432376
-0.434518
-0.437332
-0.440617
-0.443985
-0.447052
-0.449264
-0.450188
-0.449381
-0.446526
-0.441481
-0.434113
-0.424154
-0.411358
-0.397646
-0.390368
-0.397683
-0.416035
-0.434249
-0.446665
-0.453722
-0.45738
-0.458978
-0.459106
-0.457885
-0.455367
-0.451705
-0.447274
-0.442486
-0.437828
-0.433832
-0.43087
-0.428936
-0.427843
-0.427863
-0.429516
-0.432936
-0.437655
-0.443066
-0.4485
-0.453357
-0.457337
-0.460404
-0.462701
-0.46437
-0.465465
-0.465958
-0.465817
-0.464939
-0.463243
-0.460638
-0.457032
-0.452455
-0.447018
-0.441059
-0.435072
-0.42967
-0.425259
-0.421853
-0.418975
-0.416208
-0.41393
-0.413737
-0.417175
-0.423781
-0.430985
-0.43611
-0.43784
-0.436374
-0.432867
-0.428685
-0.424766
-0.421205
-0.417659
-0.413851
-0.409764
-0.405394
-0.40078
-0.396388
-0.393153
-0.39197
-0.392833
-0.394696
-0.396317
-0.397357
-0.398495
-0.400589
-0.403783
-0.407332
-0.410338
-0.412466
-0.413801
-0.414585
-0.414945
-0.414955
-0.41462
-0.413901
-0.412763
-0.411129
-0.408929
-0.406139
-0.402948
-0.399941
-0.398109
-0.398475
-0.401251
-0.405593
-0.410119
-0.413618
-0.415256
-0.414389
-0.410361
-0.403464
-0.396564
-0.3942
-0.397426
-0.402677
-0.406863
-0.410385
-0.415068
-0.421287
-0.426926
-0.429061
-0.426126
-0.418743
-0.409066
-0.399731
-0.393374
-0.392547
-0.398564
-0.409656
-0.421881
-0.432117
-0.439019
-0.442399
-0.442448
-0.43942
-0.43342
-0.42455
-0.413264
-0.401558
-0.392856
-0.389457
-0.389962
-0.391488
-0.393018
-0.395261
-0.398341
-0.400993
-0.401527
-0.398694
-0.392061
-0.382209
-0.371059
-0.361983
-0.358194
-0.36045
-0.366512
-0.373001
-0.377412
-0.37868
-0.376739
-0.372031
-0.3654
-0.358191
-0.352058
-0.348386
-0.347613
-0.349231
-0.352412
-0.356425
-0.360754
-0.364956
-0.368637
-0.371391
-0.372846
-0.372586
-0.37017
-0.36533
-0.358309
-0.350565
-0.344599
-0.342547
-0.344316
-0.347838
-0.35089
-0.352404
-0.352855
-0.353863
-0.357101
-0.362834
-0.369979
-0.377005
-0.382576
-0.385698
-0.385706
-0.382526
-0.377263
-0.372415
-0.370711
-0.37309
-0.378137
-0.383383
-0.386943
-0.388055
-0.387072
-0.385117
-0.383331
-0.381953
-0.380019
-0.375996
-0.369181
-0.361159
-0.355624
-0.355159
-0.358812
-0.364224
-0.370285
-0.377027
-0.384235
-0.391061
-0.396473
-0.39984
-0.400996
-0.40026
-0.398186
-0.39552
-0.393044
-0.391304
-0.390412
-0.389953
-0.38917
-0.387354
-0.384225
-0.380195
-0.376406
-0.374132
-0.373905
-0.375159
-0.376745
-0.377513
-0.376521
-0.372882
-0.366075
-0.3578
-0.353292
-0.3573
-0.36763
-0.377734
-0.383701
-0.385403
-0.38448
-0.382852
-0.382033
-0.382613
-0.384239
-0.385947
-0.386832
-0.386627
-0.385933
-0.386008
-0.387958
-0.391903
-0.39692
-0.401723
-0.405314
-0.407252
-0.407589
-0.406683
-0.404933
-0.402402
-0.398504
-0.392278
-0.383818
-0.376136
-0.374015
-0.378479
-0.384874
-0.387656
-0.384773
-0.379517
-0.379012
-0.386569
-0.397339
-0.405275
-0.408601
-0.408534
-0.406652
-0.403753
-0.399623
-0.393618
-0.385268
-0.375466
-0.36763
-0.366188
-0.37151
-0.379084
-0.384602
-0.386822
-0.386511
-0.384917
-0.382831
-0.380575
-0.377919
-0.37438
-0.369457
-0.362891
-0.354805
-0.34534
-0.334403
-0.323335
-0.317625
-0.322962
-0.337142
-0.352589
-0.363795
-0.368914
-0.368096
-0.362464
-0.353697
-0.343867
-0.335132
-0.32892
-0.325381
-0.323413
-0.321555
-0.31918
-0.316924
-0.31626
-0.318285
-0.32292
-0.329093
-0.335379
-0.340705
-0.344547
-0.346851
-0.347707
-0.347213
-0.345259
-0.341795
-0.337291
-0.333347
-0.332264
-0.334902
-0.339265
-0.342211
-0.341849
-0.338593
-0.334428
-0.331345
-0.32986
-0.329456
-0.33018
-0.332956
-0.338047
-0.343938
-0.348557
-0.350922
-0.35152
-0.351375
-0.351105
-0.350699
-0.350152
-0.34933
-0.346675
-0.340189
-0.333003
-0.334074
-0.345397
-0.358682
-0.367865
-0.372669
-0.37433
-0.373519
-0.370816
-0.367313
-0.364354
-0.362999
-0.363481
-0.3654
-0.368126
-0.371202
-0.374245
-0.376845
-0.378541
-0.378856
-0.377466
-0.374345
-0.369717
-0.363781
-0.356119
-0.345585
-0.332397
-0.321794
-0.321457
-0.331235
-0.343577
-0.353366
-0.359979
-0.364263
-0.366989
-0.368552
-0.369125
-0.368761
-0.367551
-0.36572
-0.363797
-0.362573
-0.362816
-0.36496
-0.368783
-0.373557
-0.378344
-0.382374
-0.385123
-0.3864
-0.386239
-0.384912
-0.382923
-0.380754
-0.378651
-0.376588
-0.374538
-0.372666
-0.371193
-0.369931
-0.368309
-0.365944
-0.362967
-0.359558
-0.355886
-0.354001
-0.357707
-0.368455
-0.382898
-0.396167
-0.405535
-0.410806
-0.413012
-0.41342
-0.413063
-0.412717
-0.412894
-0.413834
-0.41559
-0.418039
-0.420962
-0.424077
-0.427114
-0.429762
-0.43187
-0.433476
-0.434872
-0.436484
-0.438421
-0.440011
-0.439788
-0.43587
-0.426718
-0.412147
-0.395123
-0.383135
-0.383339
-0.393747
-0.405772
-0.414064
-0.418648
-0.421833
-0.425398
-0.429234
-0.431807
-0.431527
-0.427669
-0.420771
-0.412654
-0.405896
-0.402631
-0.403337
-0.406813
-0.411255
-0.415257
-0.417996
-0.419043
-0.418137
-0.415112
-0.409878
-0.402506
-0.39345
-0.383781
-0.375067
-0.368961
-0.366236
-0.366286
-0.367591
-0.368787
-0.369422
-0.370192
-0.372316
-0.376528
-0.382183
-0.3878
-0.392025
-0.39418
-0.394041
-0.391666
-0.387384
-0.382048
-0.377605
-0.377005
-0.38271
-0.394618
-0.41008
-0.425842
-0.439691
-0.450576
-0.457742
-0.460154
-0.456244
-0.444596
-0.427191
-0.413066
-0.411818
-0.42018
-0.427657
-0.430461
-0.431491
-0.433835
-0.436961
-0.438599
-0.439276
-0.442507
-0.450184
-0.460511
-0.471029
-0.480826
-0.489836
-0.498091
-0.505448
-0.511642
-0.516281
-0.51886
-0.518741
-0.515336
-0.508279
-0.497849
-0.485336
-0.473122
-0.463849
-0.459145
-0.45905
-0.462321
-0.466647
-0.468876
-0.466167
-0.458864
-0.452739
-0.45459
-0.463609
-0.473368
-0.479855
-0.482951
-0.483722
-0.483063
-0.481162
-0.477615
-0.471845
-0.463563
-0.45323
-0.44197
-0.431738
-0.425507
-0.426393
-0.435076
-0.448496
-0.461581
-0.47028
-0.473187
-0.471008
-0.465523
-0.458501
-0.45122
-0.444027
-0.43645
-0.427926
-0.418892
-0.411043
-0.406892
-0.408378
-0.415215
-0.425077
-0.435498
-0.445007
-0.453
-0.459386
-0.464253
-0.467755
-0.470043
-0.471193
-0.471231
-0.470184
-0.468078
-0.465046
-0.461346
-0.457122
-0.452316
-0.446895
-0.44151
-0.437759
-0.437011
-0.438275
-0.437928
-0.432431
-0.421463
-0.408723
-0.400016
-0.398996
-0.403218
-0.404767
-0.398
-0.391495
-0.400129
-0.417912
-0.429668
-0.430867
-0.423124
-0.412963
-0.41235
-0.425029
-0.440641
-0.450334
-0.453793
-0.454779
-0.45632
-0.45861
-0.46001
-0.459255
-0.456477
-0.45284
-0.449754
-0.448145
-0.448176
-0.449358
-0.450858
-0.45201
-0.452495
-0.452371
-0.45178
-0.450584
-0.448516
-0.445708
-0.443193
-0.442109
-0.441723
-0.439377
-0.433282
-0.425028
-0.418618
-0.417119
-0.420597
-0.426751
-0.432875
-0.437557
-0.440838
-0.443148
-0.444612
-0.445019
-0.444117
-0.441688
-0.437646
-0.432004
-0.424853
-0.416078
-0.405511
-0.394119
-0.385242
-0.383094
-0.388448
-0.397794
-0.406918
-0.413842
-0.41859
-0.42149
-0.422312
-0.421001
-0.418889
-0.418536
-0.421777
-0.42805
-0.435131
-0.441062
-0.444793
-0.445681
-0.442849
-0.434829
-0.419821
-0.397994
-0.377205
-0.37174
-0.383027
-0.39696
-0.405092
-0.408946
-0.412965
-0.419914
-0.429338
-0.438804
-0.446014
-0.449893
-0.450464
-0.448796
-0.446959
-0.447132
-0.450119
-0.454607
-0.458254
-0.459078
-0.45596
-0.44905
-0.44047
-0.434041
-0.432164
-0.433049
-0.432911
-0.430097
-0.426389
-0.424772
-0.425866
-0.427619
-0.428922
-0.431228
-0.435766
-0.44165
-0.447499
-0.452641
-0.45667
-0.458944
-0.458553
-0.454439
-0.445232
-0.429182
-0.406972
-0.388645
-0.389799
-0.410106
-0.434617
-0.452739
-0.461883
-0.462879
-0.456733
-0.443673
-0.42462
-0.405465
-0.39703
-0.402157
-0.411355
-0.417154
-0.419557
-0.421151
-0.423395
-0.425909
-0.427324
-0.42659
-0.423884
-0.420975
-0.420148
-0.422578
-0.427249
-0.431786
-0.433982
-0.432742
-0.428429
-0.422935
-0.418571
-0.416152
-0.414423
-0.412268
-0.410662
-0.411695
-0.415812
-0.4208
-0.423726
-0.422991
-0.418533
-0.411383
-0.403072
-0.394861
-0.387616
-0.382478
-0.380947
-0.383523
-0.38865
-0.393832
-0.397334
-0.398616
-0.397968
-0.395907
-0.392891
-0.389398
-0.385901
-0.382953
-0.380948
-0.379784
-0.37875
-0.376811
-0.373032
-0.367033
-0.35909
-0.349928
-0.340993
-0.335394
-0.336903
-0.345002
-0.353632
-0.35659
-0.351115
-0.338431
-0.324099
-0.316412
-0.32079
-0.335334
-0.353102
-0.367987
-0.377676
-0.382646
-0.38435
-0.384
-0.382243
-0.379041
-0.373756
-0.365569
-0.354265
-0.341391
-0.33076
-0.326553
-0.329263
-0.334557
-0.336785
-0.332819
-0.323827
-0.31603
-0.318123
-0.33312
-0.355028
-0.376291
-0.393092
-0.404578
-0.411086
-0.413242
-0.411853
-0.407963
-0.402871
-0.397634
-0.39266
-0.388006
-0.384214
-0.382117
-0.381519
-0.380719
-0.377625
-0.372146
-0.367757
-0.369089
-0.376674
-0.386921
-0.396335
-0.403357
-0.407827
-0.410211
-0.410935
-0.410027
-0.407239
-0.402603
-0.397048
-0.392639
-0.391603
-0.394083
-0.397575
-0.399083
-0.397062
-0.391143
-0.381268
-0.368145
-0.355218
-0.348672
-0.352511
-0.364132
-0.377418
-0.387779
-0.393525
-0.394883
-0.393114
-0.390028
-0.387517
-0.387026
-0.388908
-0.392828
-0.398368
-0.404714
-0.409847
-0.41075
-0.40449
-0.390811
-0.374856
-0.364714
-0.364026
-0.371147
-0.380518
-0.385416
-0.383932
-0.379637
-0.377298
-0.378613
-0.380858
-0.380226
-0.375477
-0.368657
-0.363236
-0.3616
-0.36367
-0.367446
-0.370624
-0.372028
-0.371584
-0.369732
-0.366538
-0.361197
-0.351951
-0.337131
-0.318487
-0.304329
-0.302836
-0.309978
-0.315299
-0.31369
-0.307095
-0.301659
-0.302252
-0.307752
-0.313705
-0.317375
-0.318515
-0.317864
-0.316136
-0.31379
-0.311
-0.307855
-0.304596
-0.301868
-0.300564
-0.301449
-0.3045
-0.308884
-0.31354
-0.317694
-0.321048
-0.323549
-0.325278
-0.326266
-0.326361
-0.325226
-0.322332
-0.317269
-0.310441
-0.303728
-0.29976
-0.299589
-0.301805
-0.304477
-0.306999
-0.309794
-0.313276
-0.317311
-0.321385
-0.324914
-0.327634
-0.329641
-0.331301
-0.333058
-0.335259
-0.338082
-0.341425
-0.34507
-0.348713
-0.352178
-0.355328
-0.358127
-0.360614
-0.362751
-0.36453
-0.36587
-0.366656
-0.366781
-0.366146
-0.364791
-0.362872
-0.360786
-0.358979
-0.35788
-0.357684
-0.358307
-0.359366
-0.360326
-0.360733
-0.360364
-0.359494
-0.358947
-0.359908
-0.363178
-0.368599
-0.374996
-0.380937
-0.385413
-0.388204
-0.389844
-0.391323
-0.393525
-0.396744
-0.400424
-0.403362
-0.404125
-0.401469
-0.394797
-0.385123
-0.376122
-0.372565
-0.375901
-0.383041
-0.390432
-0.396612
-0.401157
-0.403331
-0.40243
-0.399448
-0.397678
-0.399984
-0.405125
-0.409165
-0.409463
-0.405819
-0.399575
-0.392815
-0.388055
-0.387395
-0.391336
-0.398372
-0.405724
-0.41021
-0.408876
-0.399905
-0.384752
-0.36967
-0.360486
-0.355536
-0.350916
-0.347982
-0.350076
-0.357071
-0.365713
-0.372922
-0.377219
-0.378653
-0.377931
-0.375642
-0.372133
-0.367719
-0.36291
-0.358458
-0.355133
-0.353424
-0.353283
-0.354226
-0.355602
-0.356991
-0.358454
-0.360403
-0.363281
-0.36734
-0.372427
-0.378144
-0.384019
-0.389632
-0.394628
-0.398613
-0.401048
-0.401243
-0.398525
-0.392528
-0.383868
-0.374097
-0.364963
-0.357527
-0.35266
-0.351586
-0.354827
-0.361281
-0.369075
-0.376986
-0.384322
-0.390345
-0.394271
-0.395972
-0.396116
-0.396025
-0.397206
-0.40047
-0.405136
-0.40977
-0.413281
-0.415384
-0.416181
-0.415862
-0.41453
-0.412245
-0.409093
-0.40523
-0.401002
-0.397072
-0.394409
-0.39372
-0.394792
-0.396523
-0.39769
-0.397878
-0.397491
-0.396922
-0.395972
-0.394776
-0.395328
-0.399788
-0.407148
-0.414161
-0.419057
-0.421882
-0.422921
-0.422113
-0.41983
-0.417567
-0.416796
-0.417032
-0.416009
-0.412018
-0.405637
-0.399528
-0.396805
-0.399062
-0.405583
-0.414302
-0.423141
-0.430499
-0.434943
-0.435002
-0.429054
-0.415934
-0.396696
-0.376926
-0.365969
-0.370135
-0.38649
-0.406088
-0.421892
-0.431673
-0.436255
-0.437208
-0.435915
-0.433312
-0.430073
-0.426738
-0.423869
-0.422168
-0.422171
-0.423867
-0.42653
-0.428857
-0.429356
-0.426811
-0.420907
-0.412564
-0.40273
-0.390258
-0.374566
-0.364282
-0.373671
-0.400873
-0.430318
-0.452238
-0.464449
-0.467079
-0.460614
-0.446729
-0.430672
-0.421671
-0.426287
-0.441194
-0.45781
-0.470781
-0.47938
-0.48474
-0.48776
-0.488053
-0.483759
-0.472596
-0.454485
-0.435244
-0.425514
-0.431155
-0.446867
-0.463015
-0.473632
-0.477838
-0.477615
-0.475918
-0.475352
-0.477247
-0.481409
-0.486467
-0.490548
-0.49194
-0.489648
-0.484206
-0.477964
-0.473929
-0.473268
-0.475043
-0.47824
-0.482419
-0.486087
-0.48616
-0.479961
-0.467666
-0.453179
-0.441378
-0.434499
-0.433538
-0.438234
-0.442349
-0.439624
-0.432176
-0.426614
-0.425922
-0.428932
-0.434094
-0.440652
-0.447837
-0.454611
-0.460072
-0.46379
-0.465799
-0.466345
-0.465715
-0.464103
-0.461689
-0.458747
-0.455618
-0.452565
-0.449412
-0.445274
-0.438472
-0.42726
-0.411679
-0.395552
-0.385523
-0.384755
-0.39023
-0.397785
-0.405303
-0.41207
-0.417958
-0.422991
-0.426801
-0.428212
-0.425291
-0.416412
-0.40328
-0.393679
-0.395327
-0.404968
-0.413674
-0.417403
-0.417018
-0.414606
-0.411652
-0.40871
-0.405476
-0.40117
-0.395286
-0.388227
-0.381884
-0.378741
-0.379986
-0.384634
-0.39079
-0.396988
-0.402395
-0.406743
-0.409989
-0.412193
-0.413504
-0.414005
-0.413541
-0.411499
-0.406896
-0.399877
-0.393948
-0.395222
-0.405372
-0.418855
-0.429799
-0.436231
-0.438474
-0.437203
-0.432574
-0.424291
-0.41268
-0.40021
-0.391891
-0.391249
-0.396593
-0.404042
-0.411483
-0.41862
-0.425377
-0.431453
-0.43647
-0.440132
-0.442333
-0.443155
-0.442839
-0.4416
-0.439623
-0.436904
-0.433272
-0.428347
-0.42155
-0.41228
-0.400194
-0.386992
-0.378981
-0.384195
-0.401766
-0.421497
-0.435355
-0.441774
-0.442637
-0.440502
-0.437448
-0.434813
-0.433173
-0.43266
-0.433349
-0.435442
-0.43881
-0.442791
-0.446355
-0.448705
-0.449418
-0.448366
-0.445539
-0.441052
-0.435117
-0.428148
-0.420785
-0.413825
-0.408082
-0.404269
-0.402722
-0.402946
-0.403708
-0.40365
-0.40244
-0.401495
-0.403101
-0.408272
-0.415577
-0.422362
-0.426821
-0.428458
-0.427781
-0.425505
-0.422209
-0.418259
-0.413779
-0.408712
-0.403013
-0.396902
-0.391016
-0.386404
-0.383989
-0.384081
-0.386146
-0.389273
-0.392782
-0.396359
-0.399941
-0.40336
-0.406194
-0.407668
-0.406886
-0.403001
-0.395707
-0.385774
-0.375269
-0.366821
-0.362939
-0.365267
-0.37348
-0.384836
-0.395743
-0.403711
-0.407959
-0.409032
-0.408331
-0.407602
-0.408085
-0.409874
-0.412062
-0.413655
-0.414276
-0.414237
-0.414351
-0.415575
-0.418473
-0.422921
-0.428079
-0.432535
-0.434748
-0.433516
-0.428673
-0.422112
-0.417574
-0.418195
-0.423386
-0.429072
-0.431234
-0.428811
-0.423738
-0.418903
-0.415698
-0.413628
-0.411617
-0.409013
-0.406329
-0.405403
-0.408412
-0.41599
-0.426389
-0.436768
-0.444935
-0.449814
-0.451219
-0.449419
-0.445077
-0.439333
-0.433657
-0.429407
-0.427074
-0.426323
-0.426471
-0.427197
-0.428447
-0.430031
-0.431158
-0.43031
-0.425381
-0.414598
-0.39845
-0.382086
-0.373472
-0.377036
-0.390868
-0.409425
-0.427147
-0.440983
-0.450494
-0.456517
-0.460011
-0.46129
-0.459845
-0.454185
-0.4426
-0.426136
-0.412376
-0.410103
-0.417653
-0.427425
-0.435958
-0.44245
-0.446325
-0.448023
-0.449294
-0.451772
-0.45552
-0.459202
-0.461338
-0.461242
-0.45904
-0.454908
-0.447394
-0.431305
-0.399226
-0.358413
-0.352168
-0.393528
-0.435219
-0.454688
-0.45532
-0.445381
-0.435153
-0.433108
-0.438432
-0.444847
-0.449033
-0.451464
-0.453383
-0.455092
-0.456044
-0.455553
-0.453426
-0.450101
-0.446372
-0.443236
-0.441457
-0.4414
-0.44287
-0.445477
-0.448857
-0.4528
-0.457141
-0.461733
-0.466406
-0.47103
-0.475455
-0.479202
-0.481167
-0.479237
-0.470388
-0.453538
-0.436611
-0.433937
-0.444146
-0.451667
-0.449342
-0.440935
-0.434368
-0.435646
-0.443862
-0.45347
-0.460787
-0.465997
-0.4705
-0.474762
-0.478388
-0.481005
-0.482608
-0.483394
-0.483435
-0.482625
-0.480733
-0.477608
-0.473201
-0.467575
-0.460592
-0.451858
-0.441151
-0.428771
-0.415931
-0.406765
-0.407835
-0.419817
-0.435473
-0.448516
-0.457084
-0.462083
-0.465942
-0.470638
-0.475792
-0.479344
-0.479602
-0.476461
-0.471568
-0.467655
-0.466755
-0.468696
-0.471527
-0.473252
-0.473178
-0.472008
-0.471257
-0.472258
-0.474778
-0.47627
-0.473228
-0.464151
-0.452827
-0.447046
-0.449332
-0.453847
-0.458751
-0.468216
-0.480285
-0.487757
-0.487311
-0.479936
-0.467739
-0.452302
-0.435666
-0.422949
-0.42137
-0.432076
-0.448323
-0.464006
-0.477171
-0.48774
-0.495712
-0.500941
-0.503396
-0.503313
-0.501078
-0.497049
-0.491353
-0.483927
-0.474811
-0.46517
-0.457498
-0.453875
-0.453711
-0.454172
-0.452397
-0.446812
-0.43815
-0.429111
-0.422698
-0.421366
-0.42697
-0.438355
-0.4504
-0.458133
-0.460291
-0.459043
-0.457374
-0.456355
-0.454536
-0.449985
-0.442253
-0.43262
-0.423237
-0.416254
-0.413182
-0.414416
-0.419387
-0.426783
-0.43494
-0.442318
-0.447847
-0.450999
-0.451421
-0.448849
-0.443342
-0.43588
-0.428732
-0.42454
-0.424062
-0.425306
-0.425452
-0.42298
-0.418171
-0.412598
-0.408229
-0.406487
-0.407781
-0.41149
-0.416415
-0.421366
-0.42546
-0.428327
-0.430004
-0.430716
-0.430759
-0.430413
-0.429808
-0.429004
-0.427797
-0.425792
-0.422668
-0.418773
-0.415587
-0.414559
-0.415487
-0.416425
-0.415124
-0.410308
-0.403274
-0.399297
-0.403655
-0.414852
-0.426681
-0.43461
-0.437286
-0.435153
-0.429611
-0.42263
-0.415992
-0.410751
-0.408114
-0.410182
-0.418588
-0.43196
-0.446728
-0.459965
-0.470602
-0.478783
-0.484983
-0.489625
-0.493002
-0.495315
-0.496674
-0.497186
-0.496992
-0.496468
-0.496293
-0.497275
-0.499935
-0.504149
-0.509181
-0.513987
-0.51769
-0.519845
-0.520421
-0.5195
-0.517093
-0.51311
-0.507546
-0.500552
-0.493962
-0.493177
-0.502066
-0.515247
-0.52434
-0.526818
-0.525142
-0.522578
-0.520487
-0.518568
-0.516605
-0.514977
-0.514053
-0.513563
-0.512668
-0.511014
-0.510169
-0.513009
-0.519999
-0.527885
-0.533682
-0.537182
-0.539621
-0.541631
-0.542878
-0.542872
-0.541668
-0.539826
-0.538027
-0.536676
-0.535706
-0.534709
-0.533214
-0.531084
-0.528392
-0.525091
-0.520505
-0.513305
-0.503053
-0.493249
-0.490685
-0.497007
-0.506041
-0.511813
-0.512323
-0.508694
-0.504963
-0.506172
-0.513363
-0.522786
-0.530757
-0.536453
-0.54079
-0.543773
-0.543048
-0.535486
-0.52263
-0.513951
-0.515364
-0.519613
-0.519431
-0.516969
-0.518
-0.523288
-0.527493
-0.526042
-0.517576
-0.503161
-0.4888
-0.485033
-0.495895
-0.513724
-0.52954
-0.540083
-0.545683
-0.546626
-0.541954
-0.529805
-0.509775
-0.48642
-0.46945
-0.465906
-0.474449
-0.489575
-0.505259
-0.51628
-0.519884
-0.515888
-0.505621
-0.491425
-0.476815
-0.46586
-0.461196
-0.462704
-0.468336
-0.475857
-0.483334
-0.488665
-0.488696
-0.478459
-0.454694
-0.430186
-0.433144
-0.459393
-0.482121
-0.493966
-0.4992
-0.50155
-0.502607
-0.502826
-0.50224
-0.500824
-0.498477
-0.49511
-0.490715
-0.485535
-0.480154
-0.475345
-0.471666
-0.469232
-0.467876
-0.46736
-0.4674
-0.467699
-0.468043
-0.468461
-0.469095
-0.469961
-0.470756
-0.470922
-0.469549
-0.465479
-0.457676
-0.447062
-0.438847
-0.439823
-0.449824
-0.461591
-0.469268
-0.470974
-0.466504
-0.455796
-0.439771
-0.422929
-0.413547
-0.417033
-0.430173
-0.445847
-0.45909
-0.46772
-0.471142
-0.469481
-0.462335
-0.446827
-0.421581
-0.404498
-0.421395
-0.454753
-0.477686
-0.487724
-0.490418
-0.489376
-0.485568
-0.47829
-0.466418
-0.450872
-0.436898
-0.430288
-0.429316
-0.428555
-0.428428
-0.433116
-0.442922
-0.454046
-0.463514
-0.470795
-0.476657
-0.481699
-0.485962
-0.488897
-0.489684
-0.487515
-0.481686
-0.471828
-0.45809
-0.441585
-0.424635
-0.410769
-0.404031
-0.406704
-0.4168
-0.428662
-0.436959
-0.440145
-0.44085
-0.442704
-0.446375
-0.450039
-0.452215
-0.452732
-0.452121
-0.450784
-0.448731
-0.44568
-0.441451
-0.436623
-0.432611
-0.430668
-0.430522
-0.430321
-0.428103
-0.423028
-0.415616
-0.407104
-0.398537
-0.390081
-0.381588
-0.373697
-0.368018
-0.366144
-0.369109
-0.377532
-0.390709
-0.405666
-0.418663
-0.427423
-0.431174
-0.429712
-0.422964
-0.411299
-0.396215
-0.380652
-0.368365
-0.362507
-0.3638
-0.370095
-0.378372
-0.386716
-0.394769
-0.402798
-0.410602
-0.417362
-0.422298
-0.424984
-0.425272
-0.42317
-0.419028
-0.413551
-0.407602
-0.401759
-0.395958
-0.389834
-0.383426
-0.377618
-0.373753
-0.372716
-0.374621
-0.379545
-0.387566
-0.397795
-0.408138
-0.416556
-0.422014
-0.424423
-0.423942
-0.420707
-0.414772
-0.406684
-0.398093
-0.391669
-0.389015
-0.389291
-0.390908
-0.39365
-0.397947
-0.403186
-0.407662
-0.410007
-0.409712
-0.407048
-0.402606
-0.397087
-0.391181
-0.385568
-0.380917
-0.377738
-0.376293
-0.376532
-0.378143
-0.380536
-0.383108
-0.385479
-0.387793
-0.390551
-0.394122
-0.398291
-0.40242
-0.405697
-0.407414
-0.406918
-0.403479
-0.396282
-0.384629
-0.369062
-0.353207
-0.344411
-0.349926
-0.368443
-0.389745
-0.40566
-0.414665
-0.418107
-0.417239
-0.412519
-0.404093
-0.392438
-0.379095
-0.367969
-0.365446
-0.3741
-0.387829
-0.399118
-0.405728
-0.409518
-0.413037
-0.417373
-0.421833
-0.42508
-0.426415
-0.426247
-0.425242
-0.422816
-0.416768
-0.406001
-0.395433
-0.395066
-0.408182
-0.426066
-0.439079
-0.444288
-0.443542
-0.439756
-0.435057
-0.43058
-0.427055
-0.426042
-0.429941
-0.439121
-0.450347
-0.459895
-0.466127
-0.469128
-0.469467
-0.467851
-0.465291
-0.462698
-0.460267
-0.457386
-0.453501
-0.448758
-0.443455
-0.437307
-0.429683
-0.421832
-0.417927
-0.420903
-0.427548
-0.431865
-0.430806
-0.425977
-0.422009
-0.42197
-0.424353
-0.42549
-0.424014
-0.423462
-0.42855
-0.438344
-0.446738
-0.449082
-0.444981
-0.436904
-0.428433
-0.422416
-0.419896
-0.420219
-0.422218
-0.425014
-0.428196
-0.431532
-0.434739
-0.437348
-0.438782
-0.438737
-0.437183
-0.434354
-0.430485
-0.425644
-0.41976
-0.412527
-0.404232
-0.39678
-0.393304
-0.395124
-0.400438
-0.406896
-0.413658
-0.420968
-0.42879
-0.436346
-0.442543
-0.446597
-0.448253
-0.447582
-0.444984
-0.441218
-0.43746
-0.434913
-0.43413
-0.434728
-0.435779
-0.436641
-0.437236
-0.437732
-0.438203
-0.43836
-0.437493
-0.434449
-0.428141
-0.419417
-0.412908
-0.413161
-0.41777
-0.420117
-0.417028
-0.409742
-0.40093
-0.392608
-0.385952
-0.381962
-0.381482
-0.384585
-0.390264
-0.396756
-0.402378
-0.40613
-0.407615
-0.406857
-0.403993
-0.399149
-0.392576
-0.384631
-0.375852
-0.367148
-0.360339
-0.358181
-0.361985
-0.369478
-0.376297
-0.379071
-0.376424
-0.368993
-0.360091
-0.355029
-0.356703
-0.363
-0.370212
-0.376315
-0.380679
-0.383102
-0.383547
-0.382077
-0.378784
-0.373927
-0.368277
-0.363292
-0.360798
-0.361904
-0.365848
-0.370356
-0.373291
-0.374014
-0.373708
-0.374646
-0.378703
-0.385856
-0.393936
-0.39997
-0.400922
-0.393515
-0.375619
-0.353099
-0.342118
-0.345716
-0.347026
-0.340751
-0.34044
-0.353565
-0.369532
-0.377853
-0.376521
-0.367452
-0.35376
-0.338811
-0.32637
-0.323343
-0.334094
-0.350776
-0.362743
-0.366043
-0.361345
-0.35125
-0.339852
-0.332569
-0.334189
-0.344631
-0.358589
-0.370765
-0.379136
-0.383898
-0.385703
-0.384751
-0.380685
-0.373316
-0.364104
-0.3574
-0.357674
-0.364314
-0.372446
-0.378272
-0.380654
-0.379448
-0.374289
-0.365017
-0.353743
-0.346537
-0.34937
-0.360691
-0.373349
-0.381834
-0.384054
-0.379986
-0.371516
-0.362832
-0.358664
-0.360628
-0.366753
-0.374418
-0.381987
-0.38827
-0.39237
-0.394175
-0.394132
-0.392499
-0.389314
-0.384676
-0.378903
-0.372597
-0.36663
-0.3621
-0.359663
-0.359224
-0.360115
-0.361673
-0.363423
-0.364759
-0.364286
-0.359537
-0.348291
-0.332377
-0.322132
-0.328627
-0.347259
-0.365238
-0.376931
-0.382931
-0.384893
-0.383705
-0.379731
-0.373765
-0.367425
-0.362491
-0.359517
-0.357625
-0.355708
-0.353625
-0.351996
-0.351336
-0.352038
-0.354646
-0.359461
-0.365732
-0.371785
-0.376208
-0.378562
-0.379207
-0.378918
-0.378438
-0.378098
-0.377817
-0.377061
-0.374941
-0.37031
-0.36217
-0.351226
-0.342186
-0.342003
-0.351576
-0.364299
-0.374343
-0.380324
-0.382984
-0.382977
-0.379955
-0.373041
-0.362629
-0.353188
-0.351675
-0.359124
-0.368876
-0.374928
-0.375512
-0.371277
-0.364157
-0.357376
-0.354213
-0.355407
-0.359474
-0.365785
-0.375002
-0.386396
-0.396936
-0.402923
-0.401054
-0.389279
-0.369543
-0.352096
-0.350317
-0.364697
-0.383046
-0.396301
-0.403321
-0.406534
-0.408224
-0.409268
-0.409263
-0.407409
-0.403951
-0.401462
-0.403511
-0.410559
-0.419115
-0.425555
-0.428581
-0.428713
-0.427244
-0.425517
-0.424322
-0.423378
-0.421676
-0.418293
-0.413427
-0.408666
-0.405849
-0.405711
-0.407845
-0.41167
-0.416813
-0.422243
-0.425866
-0.425191
-0.418528
-0.406448
-0.393936
-0.39013
-0.398928
-0.412854
-0.423048
-0.426838
-0.425572
-0.421649
-0.417265
-0.413713
-0.411276
-0.409449
-0.407559
-0.405021
-0.401506
-0.397008
-0.391984
-0.387241
-0.383521
-0.38107
-0.379387
-0.377519
-0.374833
-0.371546
-0.368811
-0.367788
-0.368696
-0.370704
-0.372605
-0.373626
-0.373646
-0.373031
-0.37234
-0.372015
-0.372299
-0.373153
-0.374378
-0.375728
-0.376933
-0.377874
-0.378542
-0.379093
-0.379735
-0.380539
-0.381236
-0.381139
-0.379444
-0.375749
-0.370293
-0.363693
-0.356561
-0.350127
-0.347443
-0.351613
-0.36083
-0.367731
-0.365461
-0.354049
-0.342609
-0.341877
-0.352008
-0.365796
-0.378291
-0.387956
-0.394708
-0.398935
-0.401359
-0.402736
-0.403605
-0.404138
-0.404015
-0.402491
-0.398601
-0.392007
-0.384481
-0.380385
-0.383149
-0.390936
-0.398749
-0.403165
-0.403392
-0.40017
-0.394929
-0.389473
-0.385327
-0.383285
-0.383557
-0.386072
-0.390381
-0.39505
-0.397034
-0.390506
-0.367853
-0.334799
-0.32996
-0.363578
-0.395398
-0.410241
-0.414144
-0.413056
-0.409821
-0.40557
-0.400822
-0.396122
-0.392117
-0.389502
-0.388641
-0.38953
-0.391888
-0.395226
-0.398741
-0.401403
-0.402147
-0.400154
-0.395199
-0.388446
-0.382926
-0.381855
-0.385402
-0.390559
-0.394404
-0.396157
-0.396629
-0.39703
-0.398197
-0.400237
-0.402849
-0.405652
-0.408363
-0.410774
-0.412687
-0.413888
-0.414167
-0.413366
-0.411388
-0.408353
-0.404432
-0.399755
-0.394811
-0.391682
-0.393814
-0.402103
-0.412728
-0.420843
-0.424107
-0.422356
-0.416463
-0.408048
-0.399701
-0.394449
-0.393612
-0.395329
-0.396523
-0.396007
-0.394957
-0.395033
-0.396676
-0.399379
-0.402339
-0.404984
-0.407061
-0.408636
-0.409775
-0.410618
-0.411188
-0.411402
-0.410955
-0.409302
-0.405985
-0.400919
-0.394919
-0.389719
-0.386834
-0.38619
-0.386157
-0.385003
-0.382126
-0.378233
-0.374212
-0.369866
-0.364917
-0.361423
-0.362925
-0.369665
-0.377838
-0.383868
-0.386659
-0.386768
-0.385139
-0.382736
-0.38035
-0.378561
-0.377715
-0.377808
-0.378589
-0.379641
-0.380591
-0.38107
-0.3808
-0.379501
-0.377008
-0.373253
-0.368575
-0.363559
-0.358793
-0.354611
-0.35143
-0.350271
-0.351842
-0.355369
-0.358943
-0.36116
-0.361896
-0.361817
-0.361657
-0.361758
-0.362045
-0.362219
-0.361994
-0.361234
-0.359915
-0.35816
-0.356128
-0.354004
-0.351801
-0.349479
-0.347048
-0.344577
-0.342407
-0.341064
-0.341121
-0.34289
-0.346084
-0.349971
-0.353849
-0.357261
-0.360117
-0.362454
-0.364278
-0.365422
-0.365277
-0.362594
-0.355381
-0.341748
-0.322919
-0.306474
-0.300769
-0.305076
-0.313276
-0.3202
-0.321679
-0.315839
-0.306339
-0.303939
-0.315403
-0.332913
-0.34714
-0.356827
-0.364095
-0.36982
-0.373028
-0.371905
-0.365184
-0.354939
-0.348795
-0.353474
-0.365251
-0.375733
-0.381328
-0.382817
-0.381885
-0.37969
-0.376887
-0.374015
-0.371734
-0.370757
-0.371777
-0.375328
-0.381306
-0.388971
-0.397486
-0.40633
-0.415223
-0.423813
-0.431464
-0.437473
-0.441103
-0.441623
-0.438459
-0.431579
-0.42236
-0.413915
-0.409801
-0.411548
-0.417798
-0.425698
-0.432771
-0.437877
-0.441031
-0.442799
-0.444057
-0.445897
-0.448996
-0.452804
-0.455572
-0.455048
-0.449293
-0.437813
-0.423808
-0.414706
-0.41575
-0.423605
-0.431646
-0.436648
-0.438896
-0.439887
-0.440793
-0.44128
-0.439985
-0.436259
-0.431044
-0.426118
-0.422997
-0.422581
-0.425162
-0.430309
-0.436928
-0.443694
-0.44952
-0.453656
-0.455685
-0.455304
-0.452274
-0.446361
-0.437615
-0.4266
-0.414865
-0.4048
-0.398866
-0.398292
-0.402351
-0.408962
-0.415879
-0.42171
-0.425986
-0.428775
-0.430357
-0.430828
-0.430176
-0.428266
-0.42498
-0.420292
-0.414405
-0.407899
-0.401922
-0.398168
-0.398232
-0.402219
-0.408467
-0.414886
-0.420043
-0.423176
-0.423496
-0.419886
-0.411395
-0.398643
-0.385377
-0.376685
-0.374775
-0.378635
-0.386998
-0.398629
-0.411692
-0.424061
-0.434272
-0.44182
-0.446881
-0.449894
-0.451174
-0.450956
-0.449294
-0.446348
-0.442532
-0.4387
-0.435818
-0.434329
-0.43342
-0.431353
-0.426757
-0.420038
-0.413767
-0.410941
-0.412078
-0.414911
-0.417039
-0.417423
-0.4162
-0.413706
-0.410127
-0.405979
-0.402636
-0.401794
-0.404065
-0.408249
-0.412301
-0.414632
-0.414774
-0.413085
-0.410317
-0.40728
-0.404653
-0.402872
-0.402148
-0.402436
-0.40332
-0.404024
-0.403592
-0.400975
-0.395463
-0.387577
-0.380296
-0.378111
-0.382843
-0.391471
-0.399821
-0.405877
-0.40942
-0.410649
-0.409312
-0.404227
-0.393028
-0.373152
-0.346149
-0.32421
-0.323396
-0.34193
-0.362378
-0.372743
-0.372206
-0.36641
-0.36261
-0.364436
-0.369966
-0.375641
-0.379829
-0.382547
-0.384073
-0.384398
-0.383626
-0.382447
-0.382179
-0.383769
-0.386802
-0.389808
-0.391309
-0.390471
-0.387122
-0.381824
-0.375982
-0.371757
-0.371112
-0.374251
-0.379105
-0.382912
-0.384092
-0.38312
-0.382058
-0.38309
-0.387072
-0.393298
-0.400441
-0.40731
-0.412982
-0.416708
-0.417799
-0.415864
-0.410942
-0.403503
-0.394577
-0.385955
-0.380488
-0.383459
-0.399179
-0.422481
-0.443008
-0.455303
-0.45932
-0.456939
-0.450405
-0.442672
-0.438068
-0.439891
-0.446625
-0.453259
-0.456111
-0.454487
-0.449688
-0.443634
-0.437497
-0.431216
-0.425174
-0.421892
-0.423996
-0.430296
-0.436944
-0.441971
-0.446815
-0.453571
-0.461833
-0.468966
-0.472855
-0.473182
-0.4711
-0.468349
-0.466653
-0.467232
-0.470355
-0.475179
-0.480367
-0.484799
-0.487921
-0.489743
-0.490564
-0.490894
-0.491378
-0.492577
-0.494697
-0.497248
-0.499191
-0.499425
-0.497317
-0.492939
-0.487121
-0.481141
-0.476139
-0.472475
-0.469703
-0.467059
-0.464071
-0.460686
-0.45728
-0.4547
-0.453994
-0.455796
-0.459918
-0.465587
-0.47157
-0.476391
-0.47894
-0.478955
-0.47694
-0.473452
-0.468534
-0.462076
-0.454706
-0.448338
-0.445336
-0.446954
-0.452308
-0.458886
-0.463637
-0.464132
-0.459764
-0.452963
-0.449136
-0.452394
-0.460924
-0.469368
-0.473604
-0.471759
-0.463175
-0.448448
-0.430677
-0.416044
-0.410632
-0.415939
-0.42874
-0.444001
-0.457638
-0.467542
-0.473306
-0.475427
-0.474712
-0.472048
-0.468328
-0.464367
-0.46087
-0.458355
-0.457055
-0.456869
-0.457494
-0.458639
-0.459973
-0.461256
-0.462278
-0.462796
-0.46258
-0.461406
-0.459047
-0.455322
-0.449941
-0.442629
-0.43308
-0.421358
-0.40868
-0.397715
-0.3914
-0.391115
-0.396877
-0.407953
-0.421868
-0.434807
-0.443555
-0.446319
-0.442204
-0.430515
-0.410671
-0.383337
-0.353235
-0.331854
-0.331001
-0.349372
-0.374778
-0.396534
-0.410525
-0.417465
-0.419751
-0.419536
-0.418171
-0.416306
-0.414183
-0.411724
-0.40869
-0.404835
-0.399959
-0.394198
-0.388384
-0.383845
-0.381381
-0.380289
-0.379515
-0.379406
-0.381092
-0.383862
-0.384365
-0.379226
-0.36871
-0.358198
-0.354161
-0.357687
-0.365358
-0.375722
-0.389645
-0.404851
-0.416033
-0.420031
-0.417157
-0.409866
-0.40152
-0.395575
-0.394539
-0.39904
-0.407573
-0.417363
-0.425755
-0.430934
-0.431748
-0.427359
-0.417515
-0.403678
-0.389087
-0.375161
-0.359458
-0.341675
-0.328787
-0.329171
-0.342682
-0.361228
-0.377424
-0.388945
-0.396424
-0.400398
-0.401056
-0.399275
-0.396954
-0.396015
-0.397131
-0.399671
-0.402526
-0.40499
-0.40684
-0.408249
-0.409535
-0.411064
-0.413155
-0.415762
-0.418394
-0.420251
-0.420832
-0.420362
-0.419773
-0.41976
-0.420064
-0.420338
-0.421077
-0.423096
-0.426114
-0.429075
-0.430489
-0.427802
-0.417492
-0.398888
-0.379997
-0.371921
-0.374416
-0.381803
-0.393828
-0.410206
-0.426146
-0.436665
-0.440073
-0.43734
-0.431768
-0.428646
-0.430734
-0.435989
-0.441291
-0.444
-0.441163
-0.431378
-0.417259
-0.405759
-0.402538
-0.405289
-0.407638
-0.407347
-0.406681
-0.407913
-0.410787
-0.413678
-0.415338
-0.415324
-0.413294
-0.409047
-0.402782
-0.3955
-0.388812
-0.384147
-0.38205
-0.381721
-0.381418
-0.379193
-0.373798
-0.365841
-0.358455
-0.355455
-0.357392
-0.36123
-0.363923
-0.364668
-0.364109
-0.363093
-0.362075
-0.361012
-0.359453
-0.356878
-0.352788
-0.347147
-0.340496
-0.334042
-0.329303
-0.327681
-0.330146
-0.336405
-0.344648
-0.352754
-0.359432
-0.36437
-0.367814
-0.37012
-0.371622
-0.37258
-0.373132
-0.373281
-0.372915
-0.371717
-0.369233
-0.36481
-0.357858
-0.348252
-0.336744
-0.325054
-0.315579
-0.311172
-0.313894
-0.323017
-0.335401
-0.34803
-0.359364
-0.369101
-0.377325
-0.383952
-0.388566
-0.390739
-0.390163
-0.386805
-0.38116
-0.374591
-0.368747
-0.363777
-0.357747
-0.349913
-0.345719
-0.352725
-0.36842
-0.383154
-0.392038
-0.396257
-0.398939
-0.40252
-0.407644
-0.413308
-0.417826
-0.41989
-0.419134
-0.416286
-0.41272
-0.409266
-0.405296
-0.39902
-0.388892
-0.375016
-0.360271
-0.351103
-0.356364
-0.378166
-0.405103
-0.425003
-0.435124
-0.438466
-0.438677
-0.437866
-0.436262
-0.432602
-0.425357
-0.414792
-0.404709
-0.400444
-0.402623
-0.406776
-0.409429
-0.410354
-0.410582
-0.41084
-0.411248
-0.411423
-0.410647
-0.408216
-0.403901
-0.398397
-0.393213
-0.390113
-0.390221
-0.393404
-0.398451
-0.403598
-0.407101
-0.407372
-0.402949
-0.392753
-0.377639
-0.36228
-0.353317
-0.352967
-0.357939
-0.36441
-0.370075
-0.373701
-0.375013
-0.374358
-0.372435
-0.36994
-0.367425
-0.365206
-0.363319
-0.36144
-0.35912
-0.355918
-0.351607
-0.346207
-0.340031
-0.333657
-0.327674
-0.322627
-0.318904
-0.316822
-0.31659
-0.31823
-0.321443
-0.32566
-0.330177
-0.334287
-0.337288
-0.338456
-0.336827
-0.331363
-0.321185
-0.306986
-0.292782
-0.285258
-0.288405
-0.299222
-0.311327
-0.320577
-0.326152
-0.328896
-0.329931
-0.330151
-0.330071
-0.330035
-0.330174
-0.33057
-0.331243
-0.332171
-0.333319
-0.334615
-0.335881
-0.33677
-0.336782
-0.335512
-0.333301
-0.331896
-0.333605
-0.338887
-0.345221
-0.349203
-0.348964
-0.34489
-0.33924
-0.335072
-0.334331
-0.336272
-0.337992
-0.336764
-0.333235
-0.332767
-0.340404
-0.353901
-0.366756
-0.375325
-0.379644
-0.381178
-0.381419
-0.381241
-0.380981
-0.380531
-0.379687
-0.378137
-0.375533
-0.371682
-0.367302
-0.364461
-0.365428
-0.370405
-0.377155
-0.383051
-0.386782
-0.388499
-0.38907
-0.38918
-0.389072
-0.388758
-0.388298
-0.387784
-0.387072
-0.385754
-0.383171
-0.378863
-0.372861
-0.365772
-0.358474
-0.351996
-0.347794
-0.347787
-0.352608
-0.360284
-0.367618
-0.372342
-0.373802
-0.372539
-0.369972
-0.367858
-0.367608
-0.369667
-0.37329
-0.377001
-0.379126
-0.378173
-0.373052
-0.363958
-0.354099
-0.349006
-0.351099
-0.356689
-0.360865
-0.361792
-0.360102
-0.357123
-0.353985
-0.351349
-0.349379
-0.347961
-0.346933
-0.34654
-0.347648
-0.351278
-0.357536
-0.365168
-0.372425
-0.378162
-0.381953
-0.383747
-0.383462
-0.380896
-0.375784
-0.368165
-0.358868
-0.349788
-0.343627
-0.342827
-0.348436
-0.359534
-0.373672
-0.387786
-0.399159
-0.405824
-0.406541
-0.400849
-0.389424
-0.375129
-0.363064
-0.358492
-0.363156
-0.374022
-0.386145
-0.39677
-0.406049
-0.414407
-0.421239
-0.425862
-0.427585
-0.425276
-0.417819
-0.405081
-0.38972
-0.379321
-0.381966
-0.396028
-0.412495
-0.425446
-0.434012
-0.439405
-0.443046
-0.446001
-0.448891
-0.451852
-0.454703
-0.457101
-0.458747
-0.459447
-0.458967
-0.456909
-0.452639
-0.445465
-0.435639
-0.425975
-0.421205
-0.42315
-0.427926
-0.430684
-0.429917
-0.427315
-0.425644
-0.426779
-0.430272
-0.433258
-0.431932
-0.424256
-0.412726
-0.403373
-0.399342
-0.400249
-0.406857
-0.41801
-0.428538
-0.434454
-0.435269
-0.432362
-0.427375
-0.421664
-0.416328
-0.412122
-0.409419
-0.40811
-0.407753
-0.407784
-0.407669
-0.406696
-0.403719
-0.396878
-0.38415
-0.367044
-0.355583
-0.360506
-0.376035
-0.388852
-0.394124
-0.393544
-0.389793
-0.384484
-0.37817
-0.371114
-0.36449
-0.36032
-0.359784
-0.362474
-0.367541
-0.37435
-0.38179
-0.388459
-0.393279
-0.395879
-0.396539
-0.395828
-0.394338
-0.392552
-0.39079
-0.389124
-0.387478
-0.385807
-0.384305
-0.383137
-0.382094
-0.380556
-0.378159
-0.375645
-0.374619
-0.376012
-0.379383
-0.384544
-0.391785
-0.400372
-0.408577
-0.415037
-0.419377
-0.421725
-0.422196
-0.420642
-0.416697
-0.410008
-0.400643
-0.389462
-0.378371
-0.369709
-0.364884
-0.363383
-0.363344
-0.363355
-0.363848
-0.366515
-0.371678
-0.377066
-0.379823
-0.378678
-0.374451
-0.369708
-0.367615
-0.369851
-0.375153
-0.380697
-0.38414
-0.384371
-0.380971
-0.373724
-0.363366
-0.353499
-0.350093
-0.355677
-0.365871
-0.374902
-0.380218
-0.381863
-0.380737
-0.377811
-0.374145
-0.370891
-0.368923
-0.368449
-0.369078
-0.370349
-0.371866
-0.37317
-0.373607
-0.372493
-0.369137
-0.362816
-0.352689
-0.337619
-0.317458
-0.299401
-0.29943
-0.319654
-0.34276
-0.357596
-0.363583
-0.363096
-0.358524
-0.352252
-0.346629
-0.344357
-0.347761
-0.356337
-0.366246
-0.373932
-0.378253
-0.379805
-0.379693
-0.378772
-0.377449
-0.375807
-0.373913
-0.372131
-0.370944
-0.370207
-0.368301
-0.362077
-0.348921
-0.331719
-0.322541
-0.331919
-0.353908
-0.375691
-0.391395
-0.401487
-0.408093
-0.412554
-0.415056
-0.415302
-0.413605
-0.411348
-0.410278
-0.411554
-0.415627
-0.422143
-0.429774
-0.436284
-0.4395
-0.437974
-0.431368
-0.420905
-0.410358
-0.40542
-0.408381
-0.414711
-0.418353
-0.417439
-0.414229
-0.412491
-0.415077
-0.422359
-0.432423
-0.442513
-0.450572
-0.455801
-0.458101
-0.457044
-0.451524
-0.440604
-0.425239
-0.409964
-0.402
-0.40517
-0.415592
-0.42617
-0.433033
-0.436255
-0.437643
-0.438679
-0.439576
-0.439459
-0.437618
-0.434695
-0.432485
-0.431932
-0.431761
-0.429645
-0.424801
-0.418744
-0.413309
-0.408451
-0.403403
-0.399415
-0.399708
-0.4062
-0.416826
-0.427279
-0.434081
-0.435768
-0.431992
-0.422761
-0.408259
-0.389508
-0.370023
-0.356603
-0.354959
-0.362927
-0.373366
-0.381814
-0.387148
-0.389694
-0.390591
-0.391166
-0.392034
-0.392907
-0.393129
-0.392209
-0.389915
-0.38594
-0.379947
-0.372133
-0.36397
-0.358242
-0.357503
-0.361459
-0.367139
-0.372168
-0.376284
-0.380062
-0.383505
-0.385866
-0.386288
-0.38432
-0.38062
-0.377105
-0.375733
-0.376891
-0.379747
-0.383491
-0.38721
-0.38892
-0.386224
-0.37825
-0.36773
-0.360313
-0.359852
-0.365142
-0.372319
-0.378254
-0.381522
-0.381953
-0.379711
-0.374446
-0.36493
-0.350315
-0.334066
-0.325643
-0.331002
-0.344426
-0.357939
-0.368675
-0.376193
-0.379906
-0.378894
-0.372496
-0.361212
-0.348016
-0.338116
-0.335473
-0.33925
-0.345714
-0.351961
-0.356627
-0.359138
-0.359294
-0.356974
-0.352083
-0.344787
-0.336024
-0.328137
-0.324067
-0.324883
-0.328677
-0.332964
-0.336841
-0.340672
-0.344732
-0.348625
-0.351595
-0.353065
-0.352742
-0.350534
-0.346521
-0.341006
-0.334667
-0.328694
-0.324491
-0.323032
-0.324347
-0.327537
-0.331423
-0.335001
-0.337405
-0.337677
-0.334541
-0.326766
-0.314235
-0.299432
-0.287026
-0.281241
-0.283993
-0.293965
-0.306319
-0.315637
-0.319324
-0.318198
-0.315858
-0.316803
-0.322601
-0.330375
-0.336313
-0.338691
-0.337795
-0.334738
-0.330809
-0.327202
-0.324586
-0.323029
-0.321967
-0.320744
-0.318992
-0.316738
-0.314327
-0.312132
-0.310351
-0.308998
-0.308064
-0.307559
-0.307448
-0.30767
-0.308414
-0.310151
-0.313226
-0.317353
-0.321675
-0.325241
-0.327385
-0.327962
-0.327159
-0.325222
-0.322402
-0.319072
-0.315781
-0.313064
-0.311331
-0.311183
-0.313752
-0.319497
-0.326935
-0.333672
-0.338063
-0.339742
-0.339145
-0.337065
-0.334505
-0.332472
-0.331691
-0.332246
-0.333579
-0.334919
-0.335719
-0.335906
-0.335983
-0.336839
-0.339315
-0.343502
-0.348538
-0.352892
-0.355026
-0.35382
-0.348912
-0.340918
-0.331845
-0.324842
-0.322868
-0.326811
-0.335021
-0.34479
-0.353876
-0.361017
-0.365612
-0.367316
-0.365763
-0.360613
-0.352051
-0.34163
-0.332837
-0.329761
-0.334156
-0.343977
-0.355194
-0.364646
-0.371065
-0.37458
-0.375694
-0.374722
-0.371807
-0.367432
-0.362672
-0.359331
-0.358799
-0.361172
-0.365236
-0.369455
-0.372649
-0.373964
-0.372669
-0.368193
-0.360733
-0.352485
-0.34784
-0.350265
-0.358476
-0.368029
-0.375658
-0.380485
-0.382884
-0.383448
-0.38266
-0.38087
-0.378326
-0.375108
-0.370969
-0.364803
-0.354457
-0.337125
-0.311991
-0.285776
-0.274004
-0.287024
-0.316726
-0.346547
-0.367419
-0.379204
-0.384656
-0.38604
-0.384501
-0.380502
-0.374524
-0.367812
-0.362155
-0.358157
-0.354234
-0.348444
-0.340928
-0.334274
-0.331896
-0.335761
-0.344806
-0.35489
-0.360197
-0.355986
-0.341921
-0.324376
-0.313131
-0.311668
-0.31611
-0.323714
-0.334327
-0.346928
-0.359165
-0.369406
-0.377242
-0.383029
-0.387157
-0.389896
-0.391252
-0.391088
-0.389102
-0.384762
-0.377524
-0.367033
-0.354085
-0.341726
-0.334561
-0.334976
-0.340307
-0.345985
-0.350089
-0.35409
-0.360022
-0.367971
-0.376094
-0.38243
-0.386012
-0.386719
-0.384712
-0.380167
-0.373354
-0.364806
-0.356214
-0.351597
-0.354881
-0.364193
-0.373453
-0.379238
-0.381942
-0.383159
-0.383816
-0.383942
-0.383089
-0.380654
-0.376085
-0.369057
-0.360305
-0.352479
-0.349037
-0.351001
-0.356484
-0.363832
-0.37209
-0.379554
-0.384712
-0.38742
-0.388675
-0.389447
-0.390043
-0.390143
-0.389203
-0.386799
-0.382824
-0.377346
-0.370763
-0.364115
-0.359133
-0.356792
-0.35599
-0.355746
-0.358687
-0.36708
-0.376172
-0.379372
-0.377249
-0.376749
-0.382962
-0.393754
-0.403866
-0.40995
-0.41153
-0.410337
-0.409396
-0.410539
-0.412035
-0.4097
-0.399714
-0.380545
-0.35402
-0.326374
-0.308986
-0.312773
-0.338418
-0.375319
-0.40951
-0.432672
-0.443886
-0.445574
-0.440375
-0.430761
-0.419479
-0.409386
-0.402181
-0.397608
-0.394633
-0.39308
-0.393514
-0.396107
-0.399972
-0.403761
-0.40651
-0.407753
-0.407492
-0.405949
-0.403651
-0.4014
-0.399999
-0.399914
-0.400978
-0.402584
-0.404188
-0.405413
-0.406117
-0.406197
-0.405627
-0.404417
-0.402553
-0.399942
-0.396521
-0.392531
-0.389069
-0.388011
-0.390673
-0.396579
-0.403972
-0.411027
-0.416429
-0.419415
-0.419831
-0.418125
-0.415325
-0.41258
-0.410829
-0.410628
-0.412156
-0.415122
-0.418733
-0.421973
-0.424029
-0.424882
-0.425369
-0.426688
-0.428909
-0.430102
-0.427317
-0.420121
-0.414723
-0.419695
-0.4337
-0.447559
-0.456019
-0.459103
-0.458872
-0.457633
-0.457063
-0.457594
-0.458954
-0.461086
-0.464147
-0.467972
-0.471914
-0.475224
-0.477627
-0.479208
-0.480358
-0.48173
-0.483946
-0.48647
-0.486099
-0.475736
-0.444041
-0.387534
-0.348954
-0.365485
-0.398964
-0.429629
-0.454185
-0.471184
-0.482819
-0.490843
-0.495567
-0.497066
-0.495925
-0.493184
-0.489977
-0.487248
-0.485389
-0.484168
-0.482851
-0.480452
-0.476166
-0.469952
-0.462694
-0.455513
-0.448554
-0.441065
-0.433064
-0.426386
-0.423549
-0.425218
-0.429385
-0.433195
-0.435476
-0.437292
-0.440522
-0.445922
-0.452436
-0.458104
-0.461291
-0.461091
-0.457373
-0.45086
-0.442985
-0.435259
-0.428873
-0.425153
-0.425227
-0.427448
-0.427395
-0.421654
-0.411863
-0.405405
-0.408953
-0.420456
-0.432922
-0.441856
-0.446246
-0.446714
-0.444391
-0.440589
-0.436595
-0.433509
-0.431841
-0.431288
-0.430838
-0.429394
-0.426391
-0.422146
-0.417373
-0.411781
-0.403324
-0.390716
-0.379015
-0.377779
-0.387219
-0.39836
-0.407051
-0.414721
-0.422089
-0.427444
-0.428679
-0.425117
-0.417943
-0.409695
-0.402976
-0.39886
-0.396274
-0.393271
-0.388929
-0.384421
-0.382211
-0.383696
-0.387989
-0.393026
-0.397398
-0.400757
-0.403328
-0.40545
-0.407358
-0.409023
-0.410295
-0.410743
-0.409754
-0.406351
-0.39942
-0.388042
-0.372995
-0.358695
-0.35243
-0.357335
-0.368999
-0.381837
-0.393146
-0.401666
-0.406441
-0.407184
-0.404383
-0.39909
-0.392678
-0.386429
-0.381306
-0.37733
-0.373674
-0.37058
-0.370566
-0.375052
-0.381627
-0.387088
-0.390734
-0.393683
-0.39701
-0.400833
-0.404695
-0.40802
-0.410495
-0.41195
-0.412228
-0.411022
-0.40784
-0.402161
-0.393743
-0.383029
-0.371359
-0.360402
-0.350696
-0.340517
-0.328142
-0.316718
-0.311173
-0.310992
-0.317777
-0.334547
-0.353639
-0.366067
-0.371746
-0.375513
-0.381005
-0.38832
-0.395214
-0.399662
-0.400965
-0.399397
-0.395704
-0.390998
-0.386728
-0.384367
-0.384683
-0.387182
-0.390618
-0.393843
-0.396208
-0.397595
-0.398072
-0.397734
-0.39656
-0.394475
-0.391578
-0.388241
-0.385119
-0.382393
-0.37936
-0.374863
-0.368842
-0.363875
-0.364104
-0.370963
-0.381084
-0.389889
-0.394837
-0.395377
-0.391991
-0.385894
-0.378869
-0.372431
-0.367167
-0.363328
-0.361479
-0.361681
-0.362872
-0.363886
-0.365068
-0.368373
-0.375305
-0.384912
-0.394468
-0.401494
-0.404614
-0.40317
-0.39696
-0.386888
-0.37626
-0.370278
-0.371777
-0.378514
-0.38672
-0.394337
-0.4007
-0.405502
-0.408364
-0.408879
-0.406852
-0.402398
-0.39661
-0.391795
-0.390651
-0.39384
-0.398899
-0.402048
-0.40068
-0.394889
-0.387844
-0.383794
-0.384373
-0.388081
-0.392534
-0.395135
-0.392841
-0.383243
-0.367381
-0.351679
-0.344317
-0.348045
-0.359732
-0.374539
-0.388581
-0.400009
-0.408773
-0.415778
-0.421834
-0.427384
-0.43244
-0.436892
-0.440562
-0.443189
-0.444412
-0.443664
-0.440346
-0.434192
-0.42592
-0.417478
-0.41105
-0.407287
-0.404108
-0.397754
-0.387018
-0.378022
-0.379738
-0.392045
-0.407701
-0.421747
-0.432528
-0.439934
-0.444714
-0.4481
-0.450943
-0.452972
-0.452938
-0.44931
-0.441238
-0.429789
-0.418692
-0.412319
-0.410834
-0.409826
-0.406406
-0.402764
-0.402381
-0.404778
-0.406451
-0.404872
-0.400113
-0.394439
-0.390922
-0.391311
-0.394792
-0.399014
-0.401702
-0.401451
-0.398115
-0.393934
-0.393319
-0.398731
-0.407122
-0.413668
-0.416137
-0.414871
-0.410852
-0.404832
-0.397509
-0.389972
-0.383563
-0.379165
-0.376727
-0.375086
-0.372791
-0.370029
-0.36937
-0.372903
-0.379036
-0.384404
-0.387445
-0.388656
-0.388807
-0.388298
-0.387356
-0.386248
-0.385024
-0.383373
-0.38063
-0.37593
-0.368403
-0.357599
-0.344303
-0.331281
-0.323425
-0.325228
-0.335391
-0.346214
-0.350528
-0.346531
-0.338601
-0.33551
-0.342483
-0.355522
-0.367989
-0.376946
-0.382493
-0.385467
-0.386622
-0.386557
-0.385715
-0.384494
-0.383138
-0.381686
-0.37994
-0.377672
-0.374899
-0.372006
-0.369718
-0.368818
-0.369571
-0.371431
-0.373096
-0.373209
-0.37121
-0.367975
-0.365093
-0.363312
-0.362085
-0.360965
-0.360661
-0.362207
-0.365798
-0.370767
-0.376266
-0.381797
-0.387108
-0.391874
-0.395578
-0.397565
-0.397241
-0.394127
-0.387757
-0.377851
-0.364806
-0.351006
-0.341149
-0.339344
-0.345433
-0.355619
-0.365908
-0.373699
-0.377358
-0.375721
-0.368547
-0.3579
-0.348647
-0.345204
-0.347496
-0.351767
-0.354642
-0.35543
-0.355634
-0.357124
-0.360565
-0.365281
-0.370105
-0.374175
-0.377183
-0.37933
-0.380965
-0.382408
-0.383892
-0.385472
-0.386985
-0.388102
-0.388254
-0.386604
-0.382252
-0.374581
-0.364102
-0.353365
-0.346158
-0.344314
-0.34517
-0.343991
-0.33846
-0.332601
-0.336843
-0.355811
-0.37956
-0.397319
-0.406067
-0.405498
-0.394925
-0.380141
-0.379012
-0.397993
-0.420241
-0.433606
-0.437635
-0.434918
-0.427784
-0.418354
-0.407772
-0.395584
-0.381423
-0.368233
-0.363197
-0.371164
-0.3861
-0.398171
-0.404462
-0.408025
-0.412169
-0.417593
-0.423137
-0.42735
-0.429156
-0.42781
-0.423067
-0.41541
-0.406404
-0.398621
-0.394658
-0.395122
-0.397703
-0.398514
-0.394614
-0.385596
-0.374243
-0.365709
-0.36416
-0.369424
-0.377995
-0.386334
-0.392563
-0.396262
-0.397689
-0.397277
-0.395436
-0.392542
-0.388804
-0.384465
-0.379783
-0.375103
-0.370805
-0.367305
-0.364929
-0.363867
-0.364052
-0.365277
-0.367259
-0.369717
-0.37241
-0.375191
-0.377897
-0.380448
-0.382734
-0.384619
-0.385969
-0.386635
-0.386357
-0.384756
-0.380822
-0.372901
-0.359689
-0.344292
-0.33709
-0.345123
-0.361188
-0.375211
-0.3841
-0.388569
-0.389649
-0.388043
-0.384718
-0.381397
-0.379666
-0.379384
-0.378426
-0.374698
-0.368732
-0.364308
-0.365515
-0.372437
-0.38121
-0.387811
-0.390242
-0.388283
-0.383301
-0.378095
-0.375802
-0.378058
-0.384038
-0.391363
-0.397476
-0.400363
-0.399003
-0.393682
-0.385162
-0.37268
-0.357111
-0.350722
-0.365129
-0.3871
-0.399243
-0.398644
-0.390255
-0.381181
-0.376891
-0.377446
-0.378909
-0.378258
-0.375505
-0.372326
-0.369605
-0.366568
-0.362341
-0.357609
-0.354559
-0.355047
-0.359231
-0.36557
-0.371752
-0.375896
-0.377186
-0.37579
-0.372668
-0.369295
-0.367162
-0.367149
-0.369056
-0.372013
-0.374948
-0.377221
-0.378547
-0.378978
-0.378637
-0.377567
-0.375756
-0.373118
-0.369637
-0.365524
-0.361347
-0.357958
-0.355798
-0.354459
-0.352803
-0.349865
-0.345741
-0.341617
-0.338776
-0.337102
-0.334869
-0.330357
-0.323742
-0.317812
-0.316076
-0.319474
-0.325233
-0.329467
-0.330751
-0.331271
-0.333959
-0.338988
-0.343833
-0.346118
-0.345124
-0.341474
-0.336513
-0.331865
-0.328912
-0.32806
-0.328473
-0.328555
-0.326968
-0.323714
-0.320573
-0.320085
-0.32333
-0.328819
-0.334172
-0.33797
-0.340189
-0.341446
-0.342403
-0.343438
-0.344536
-0.345562
-0.346519
-0.347618
-0.349005
-0.350613
-0.352073
-0.35282
-0.35236
-0.350638
-0.348468
-0.347479
-0.349159
-0.353266
-0.357708
-0.360096
-0.358764
-0.353054
-0.343468
-0.332431
-0.32435
-0.322963
-0.327758
-0.334703
-0.340023
-0.342118
-0.341061
-0.337535
-0.332355
-0.326627
-0.321989
-0.319975
-0.32083
-0.323354
-0.325952
-0.327858
-0.329344
-0.331184
-0.333888
-0.337488
-0.341581
-0.345608
-0.349129
-0.351915
-0.354068
-0.3558
-0.357242
-0.35817
-0.357787
-0.354918
-0.348501
-0.338452
-0.326703
-0.316981
-0.311836
-0.308893
-0.305175
-0.305562
-0.317348
-0.337772
-0.357724
-0.371918
-0.380032
-0.383425
-0.383018
-0.378554
-0.368186
-0.349552
-0.325669
-0.311737
-0.319465
-0.337742
-0.353329
-0.364666
-0.374266
-0.383433
-0.392063
-0.399658
-0.405998
-0.411335
-0.416324
-0.421675
-0.427579
-0.433366
-0.437581
-0.43802
-0.431343
-0.412878
-0.379769
-0.3419
-0.321207
-0.316719
-0.31147
-0.310004
-0.326255
-0.357414
-0.388296
-0.408882
-0.418217
-0.419667
-0.417081
-0.412893
-0.407646
-0.400348
-0.38944
-0.374794
-0.361034
-0.35715
-0.366242
-0.380873
-0.393373
-0.401367
-0.405334
-0.406137
-0.404404
-0.400617
-0.395262
-0.389203
-0.383938
-0.381326
-0.382594
-0.387418
-0.394211
-0.401209
-0.407146
-0.411202
-0.412627
-0.410595
-0.404378
-0.39428
-0.383197
-0.376597
-0.378014
-0.385063
-0.392893
-0.399354
-0.404937
-0.410101
-0.414035
-0.415302
-0.41292
-0.406737
-0.397636
-0.387333
-0.377778
-0.370872
-0.367566
-0.364955
-0.357257
-0.343346
-0.331894
-0.334495
-0.351296
-0.371252
-0.386569
-0.396805
-0.404063
-0.409713
-0.414031
-0.416885
-0.418187
-0.418061
-0.416647
-0.414079
-0.410516
-0.40597
-0.400198
-0.392649
-0.383135
-0.373967
-0.370266
-0.374475
-0.381968
-0.386428
-0.385659
-0.381818
-0.378874
-0.378941
-0.379964
-0.377691
-0.36945
-0.356984
-0.347105
-0.346437
-0.354083
-0.364174
-0.372703
-0.378528
-0.381639
-0.382414
-0.381605
-0.379974
-0.378013
-0.375589
-0.372328
-0.368238
-0.364098
-0.361195
-0.360072
-0.360161
-0.360387
-0.360225
-0.359788
-0.359537
-0.359997
-0.361606
-0.364632
-0.368866
-0.373426
-0.377207
-0.379638
-0.38119
-0.382955
-0.385947
-0.390314
-0.395418
-0.400144
-0.403492
-0.404826
-0.403954
-0.400994
-0.396442
-0.39142
-0.3878
-0.387267
-0.389778
-0.393551
-0.3966
-0.3983
-0.399361
-0.400896
-0.403672
-0.407566
-0.41151
-0.413693
-0.411613
-0.401851
-0.380565
-0.348328
-0.319202
-0.311162
-0.321717
-0.340707
-0.362154
-0.379576
-0.389699
-0.393652
-0.394197
-0.393462
-0.392525
-0.391596
-0.390399
-0.388584
-0.385734
-0.381368
-0.374845
-0.365775
-0.354739
-0.344298
-0.338265
-0.338397
-0.342762
-0.34808
-0.352216
-0.354354
-0.354344
-0.352613
-0.35008
-0.348053
-0.347831
-0.35004
-0.354259
-0.359227
-0.3635
-0.366375
-0.368314
-0.370571
-0.374079
-0.378454
-0.382412
-0.384893
-0.385831
-0.38618
-0.387484
-0.391051
-0.397132
-0.404641
-0.411956
-0.41768
-0.420836
-0.420488
-0.415479
-0.405391
-0.393543
-0.387357
-0.390943
-0.400046
-0.409063
-0.416316
-0.422361
-0.428047
-0.433914
-0.440035
-0.446074
-0.451501
-0.455589
-0.45732
-0.455305
-0.447815
-0.433574
-0.413701
-0.393921
-0.382625
-0.383717
-0.392757
-0.401916
-0.406567
-0.407052
-0.406402
-0.406969
-0.408794
-0.410665
-0.411817
-0.412409
-0.412938
-0.413564
-0.41351
-0.410173
-0.398024
-0.37107
-0.338883
-0.336188
-0.364651
-0.389823
-0.400985
-0.403812
-0.403686
-0.40323
-0.403257
-0.403587
-0.403237
-0.400472
-0.392817
-0.377679
-0.354822
-0.330687
-0.318151
-0.324587
-0.342225
-0.357495
-0.362701
-0.357052
-0.343955
-0.330393
-0.325575
-0.333215
-0.346987
-0.358783
-0.365493
-0.367758
-0.367148
-0.364912
-0.361953
-0.359041
-0.35696
-0.356164
-0.3565
-0.357234
-0.357484
-0.356603
-0.354432
-0.351321
-0.348285
-0.346655
-0.347301
-0.349882
-0.353021
-0.355225
-0.355484
-0.353317
-0.348659
-0.341806
-0.333698
-0.326238
-0.322003
-0.322853
-0.328405
-0.336179
-0.343206
-0.347282
-0.347452
-0.344393
-0.340674
-0.338821
-0.339085
-0.340194
-0.342077
-0.345412
-0.349175
-0.350999
-0.349066
-0.343164
-0.335439
-0.330921
-0.333635
-0.341547
-0.349632
-0.355902
-0.361342
-0.366891
-0.371914
-0.37457
-0.373075
-0.36717
-0.359927
-0.357067
-0.360776
-0.366202
-0.367285
-0.362245
-0.353515
-0.345243
-0.340609
-0.341018
-0.346773
-0.357084
-0.369692
-0.381951
-0.392135
-0.399609
-0.404441
-0.406642
-0.405559
-0.399115
-0.384073
-0.360804
-0.343203
-0.348705
-0.36794
-0.381486
-0.384382
-0.379816
-0.371549
-0.362299
-0.353948
-0.34745
-0.342698
-0.33899
-0.335936
-0.334244
-0.335316
-0.339963
-0.347337
-0.35523
-0.361514
-0.365122
-0.366001
-0.364672
-0.361816
-0.358075
-0.353952
-0.349767
-0.345687
-0.341681
-0.337525
-0.332952
-0.32792
-0.322732
-0.318238
-0.315326
-0.31442
-0.315068
-0.316158
-0.316467
-0.315173
-0.312134
-0.307944
-0.303802
-0.301042
-0.30046
-0.301912
-0.30455
-0.307283
-0.309366
-0.310459
-0.310515
-0.309623
-0.307877
-0.305397
-0.302381
-0.299256
-0.296703
-0.295502
-0.296101
-0.298144
-0.300684
-0.302613
-0.302958
-0.300689
-0.294417
-0.282952
-0.268493
-0.260409
-0.267635
-0.284913
-0.300798
-0.310679
-0.315518
-0.317368
-0.317695
-0.317366
-0.316725
-0.315872
-0.314717
-0.313195
-0.31153
-0.31038
-0.310562
-0.312406
-0.31529
-0.318047
-0.319714
-0.320002
-0.319203
-0.317977
-0.317235
-0.317921
-0.32086
-0.326236
-0.333356
-0.340658
-0.346145
-0.347878
-0.344452
-0.335888
-0.32488
-0.316976
-0.316978
-0.324374
-0.334183
-0.341981
-0.346231
-0.346757
-0.343173
-0.335637
-0.325843
-0.315143
-0.303556
-0.293356
-0.290292
-0.298561
-0.315818
-0.334408
-0.348086
-0.355368
-0.357802
-0.357411
-0.355753
-0.353713
-0.351714
-0.349833
-0.347913
-0.345591
-0.342341
-0.337615
-0.33123
-0.323999
-0.317997
-0.315478
-0.316881
-0.32052
-0.324001
-0.325518
-0.324086
-0.319607
-0.313135
-0.307796
-0.308248
-0.316515
-0.32936
-0.342157
-0.352679
-0.360833
-0.366972
-0.371148
-0.37314
-0.372741
-0.370168
-0.366588
-0.363798
-0.363026
-0.363385
-0.362811
-0.36005
-0.354956
-0.34711
-0.336999
-0.329835
-0.333798
-0.349973
-0.369962
-0.385939
-0.395923
-0.401436
-0.404542
-0.406226
-0.405762
-0.400932
-0.389783
-0.375043
-0.366691
-0.371288
-0.382714
-0.39317
-0.400538
-0.405169
-0.40755
-0.408427
-0.408606
-0.408804
-0.409462
-0.41055
-0.411224
-0.410103
-0.405493
-0.396098
-0.382248
-0.368036
-0.361339
-0.367501
-0.383652
-0.402248
-0.417543
-0.427631
-0.433078
-0.435199
-0.435157
-0.433844
-0.432044
-0.430448
-0.429354
-0.42801
-0.424284
-0.415324
-0.400717
-0.386758
-0.384322
-0.39486
-0.406884
-0.409199
-0.398178
-0.378689
-0.363552
-0.364091
-0.379477
-0.400038
-0.416668
-0.424645
-0.423302
-0.414916
-0.405497
-0.403935
-0.412952
-0.42507
-0.432799
-0.434434
-0.431381
-0.425493
-0.418216
-0.410768
-0.404205
-0.399391
-0.396811
-0.396271
-0.396842
-0.396729
-0.393685
-0.386195
-0.375969
-0.368802
-0.370215
-0.379159
-0.389196
-0.395188
-0.396396
-0.39464
-0.391601
-0.387649
-0.382406
-0.375735
-0.367878
-0.359508
-0.35164
-0.345899
-0.343649
-0.344305
-0.345271
-0.345067
-0.345639
-0.350001
-0.357715
-0.3654
-0.370423
-0.372273
-0.371724
-0.369693
-0.366982
-0.364163
-0.361702
-0.359886
-0.358895
-0.358696
-0.359086
-0.359779
-0.360501
-0.360987
-0.361089
-0.360776
-0.360032
-0.358873
-0.357254
-0.355068
-0.352167
-0.348537
-0.34427
-0.339595
-0.334935
-0.331355
-0.330257
-0.331691
-0.333921
-0.335512
-0.336976
-0.339395
-0.342742
-0.345973
-0.34815
-0.348989
-0.348844
-0.34833
-0.348135
-0.348922
-0.350931
-0.353191
-0.353057
-0.34557
-0.324442
-0.291638
-0.272055
-0.284385
-0.30938
-0.330158
-0.343078
-0.346713
-0.340442
-0.32569
-0.308181
-0.297645
-0.299312
-0.308841
-0.320249
-0.331096
-0.340292
-0.346106
-0.346057
-0.338993
-0.328861
-0.324674
-0.329691
-0.33602
-0.335743
-0.327904
-0.316582
-0.30791
-0.307649
-0.318187
-0.335498
-0.352515
-0.365019
-0.371902
-0.372853
-0.367312
-0.356017
-0.344188
-0.340158
-0.345671
-0.353582
-0.357563
-0.356584
-0.352446
-0.347463
-0.343298
-0.340633
-0.339687
-0.340867
-0.34438
-0.348959
-0.351656
-0.349183
-0.340414
-0.328765
-0.321041
-0.320609
-0.324529
-0.329193
-0.33392
-0.339273
-0.345191
-0.350829
-0.355314
-0.358186
-0.359424
-0.359193
-0.357591
-0.35454
-0.349859
-0.343622
-0.336614
-0.330463
-0.326319
-0.32288
-0.316846
-0.306805
-0.297337
-0.29549
-0.300231
-0.303466
-0.300802
-0.295028
-0.292855
-0.299612
-0.314274
-0.330772
-0.344097
-0.352665
-0.356749
-0.356805
-0.352945
-0.345253
-0.335145
-0.326622
-0.32464
-0.330062
-0.338397
-0.34435
-0.3452
-0.34082
-0.333143
-0.325649
-0.321857
-0.323245
-0.328284
-0.334105
-0.338793
-0.342038
-0.344405
-0.346324
-0.34773
-0.348194
-0.347323
-0.345292
-0.34308
-0.341523
-0.339734
-0.335672
-0.3299
-0.327548
-0.332917
-0.343117
-0.352342
-0.357976
-0.360409
-0.360723
-0.359319
-0.355983
-0.350256
-0.342094
-0.332268
-0.322362
-0.314136
-0.30914
-0.309236
-0.315876
-0.327914
-0.341862
-0.354003
-0.362068
-0.365442
-0.364675
-0.361134
-0.356638
-0.353107
-0.351617
-0.35176
-0.352004
-0.350889
-0.347945
-0.343974
-0.340613
-0.338979
-0.338177
-0.336393
-0.333435
-0.331118
-0.330617
-0.330841
-0.329899
-0.327119
-0.32345
-0.320525
-0.319785
-0.321772
-0.325959
-0.331241
-0.336582
-0.34135
-0.345331
-0.348505
-0.350893
-0.352545
-0.35344
-0.35347
-0.352427
-0.350069
-0.346131
-0.340572
-0.333629
-0.325991
-0.318778
-0.313291
-0.310611
-0.311198
-0.314496
-0.319152
-0.323433
-0.326052
-0.326763
-0.326333
-0.326411
-0.32952
-0.337427
-0.34832
-0.358073
-0.363771
-0.364645
-0.360904
-0.352656
-0.339955
-0.323769
-0.308007
-0.29954
-0.302194
-0.311536
-0.32077
-0.327024
-0.330876
-0.33372
-0.33634
-0.338813
-0.340934
-0.342442
-0.343252
-0.343383
-0.342899
-0.341932
-0.340631
-0.339201
-0.337882
-0.336979
-0.336726
-0.337241
-0.338318
-0.339433
-0.339794
-0.338624
-0.335637
-0.331785
-0.329395
-0.330643
-0.335426
-0.341638
-0.34726
-0.351539
-0.354604
-0.356781
-0.358287
-0.359234
-0.359676
-0.359722
-0.359574
-0.359442
-0.359533
-0.359937
-0.360568
-0.36119
-0.36138
-0.360518
-0.357946
-0.353234
-0.346864
-0.340492
-0.336333
-0.335612
-0.337944
-0.341848
-0.345295
-0.346433
-0.344827
-0.341913
-0.340126
-0.340906
-0.343542
-0.346425
-0.348702
-0.350601
-0.352741
-0.355431
-0.358494
-0.361546
-0.364226
-0.366346
-0.367918
-0.368974
-0.36953
-0.369441
-0.368419
-0.365975
-0.361599
-0.355217
-0.348362
-0.344613
-0.347273
-0.35586
-0.366481
-0.375441
-0.380898
-0.382177
-0.379053
-0.371889
-0.36198
-0.351732
-0.343446
-0.337901
-0.334539
-0.333465
-0.335891
-0.342282
-0.350448
-0.356215
-0.35564
-0.347472
-0.335956
-0.331263
-0.339967
-0.356305
-0.371125
-0.381008
-0.386615
-0.389455
-0.390677
-0.390913
-0.390417
-0.389257
-0.387489
-0.385241
-0.382598
-0.379472
-0.375621
-0.370988
-0.366346
-0.363318
-0.363149
-0.36578
-0.370437
-0.37659
-0.383815
-0.391291
-0.397982
-0.403237
-0.406993
-0.409621
-0.411594
-0.4132
-0.414392
-0.414716
-0.413452
-0.409817
-0.403932
-0.397746
-0.394253
-0.394582
-0.396908
-0.399084
-0.400818
-0.403357
-0.407949
-0.414561
-0.421685
-0.427334
-0.429973
-0.428781
-0.423606
-0.415589
-0.407806
-0.404028
-0.40512
-0.407815
-0.408012
-0.40416
-0.398425
-0.395481
-0.39799
-0.403884
-0.409457
-0.413024
-0.414783
-0.415495
-0.415609
-0.415191
-0.414128
-0.412294
-0.409768
-0.406906
-0.404291
-0.402575
-0.402249
-0.403349
-0.405479
-0.4079
-0.409774
-0.410341
-0.408976
-0.40526
-0.399115
-0.391158
-0.383139
-0.377687
-0.3767
-0.380449
-0.38847
-0.400019
-0.413347
-0.425783
-0.435204
-0.440613
-0.441788
-0.438858
-0.432505
-0.424613
-0.418454
-0.417245
-0.421744
-0.429901
-0.438955
-0.447171
-0.454044
-0.459686
-0.464207
-0.467357
-0.468312
-0.466069
-0.459821
-0.449576
-0.436407
-0.421898
-0.407747
-0.396349
-0.390991
-0.392797
-0.398737
-0.405382
-0.413409
-0.424648
-0.436333
-0.443384
-0.445755
-0.448014
-0.450691
-0.448748
-0.438492
-0.421071
-0.401067
-0.383994
-0.374249
-0.373656
-0.380059
-0.388256
-0.393949
-0.39605
-0.396078
-0.395966
-0.396478
-0.397135
-0.397169
-0.396282
-0.394639
-0.392626
-0.390589
-0.388665
-0.386731
-0.384463
-0.381449
-0.377404
-0.372243
-0.366152
-0.359689
-0.353894
-0.350264
-0.35016
-0.353402
-0.358122
-0.362077
-0.363905
-0.363359
-0.360896
-0.357243
-0.353177
-0.34921
-0.345717
-0.343049
-0.341736
-0.342207
-0.344547
-0.348409
-0.353104
-0.357865
-0.361972
-0.364858
-0.366148
-0.36566
-0.363437
-0.359863
-0.355814
-0.352611
-0.351507
-0.353031
-0.356539
-0.36065
-0.36396
-0.365358
-0.364118
-0.359892
-0.352921
-0.34435
-0.336717
-0.33349
-0.33714
-0.346938
-0.359281
-0.370603
-0.379113
-0.384581
-0.387451
-0.388206
-0.387181
-0.384522
-0.380298
-0.374709
-0.368285
-0.362298
-0.358474
-0.358033
-0.360485
-0.363822
-0.365997
-0.366085
-0.364403
-0.362017
-0.35967
-0.356955
-0.352781
-0.346973
-0.341502
-0.339806
-0.343324
-0.349968
-0.356924
-0.363167
-0.369096
-0.375232
-0.381478
-0.387441
-0.392747
-0.397126
-0.400508
-0.402868
-0.404361
-0.405253
-0.405986
-0.407109
-0.408989
-0.411506
-0.413838
-0.414617
-0.41253
-0.407078
-0.399349
-0.392256
-0.389466
-0.392928
-0.400883
-0.40907
-0.413995
-0.415077
-0.414502
-0.41562
-0.42084
-0.429756
-0.439438
-0.44671
-0.449878
-0.449121
-0.446028
-0.443101
-0.442142
-0.442597
-0.442352
-0.440145
-0.436976
-0.435223
-0.436744
-0.442044
-0.450458
-0.460254
-0.468655
-0.473179
-0.472835
-0.46873
-0.463873
-0.461139
-0.460658
-0.460883
-0.461416
-0.462249
-0.461161
-0.453727
-0.434728
-0.406739
-0.398944
-0.430635
-0.467374
-0.484602
-0.483427
-0.46848
-0.443018
-0.414826
-0.400413
-0.409981
-0.432155
-0.451809
-0.464459
-0.471803
-0.476421
-0.479984
-0.483152
-0.485859
-0.487844
-0.488956
-0.489329
-0.48925
-0.488948
-0.488479
-0.487733
-0.486528
-0.484888
-0.48286
-0.480586
-0.478057
-0.475199
-0.471741
-0.467403
-0.462045
-0.455855
-0.449867
-0.445783
-0.445128
-0.448115
-0.453504
-0.459616
-0.465146
-0.469397
-0.471931
-0.47236
-0.470156
-0.464639
-0.455285
-0.442426
-0.42829
-0.416937
-0.411703
-0.412312
-0.415999
-0.420935
-0.427128
-0.434271
-0.440585
-0.444192
-0.444437
-0.441778
-0.437113
-0.431308
-0.42511
-0.419432
-0.415443
-0.414113
-0.415266
-0.417578
-0.419453
-0.419969
-0.419033
-0.417175
-0.415101
-0.413377
-0.412201
-0.411462
-0.410881
-0.410227
-0.40932
-0.407987
-0.405906
-0.402742
-0.398957
-0.396468
-0.397382
-0.401374
-0.405414
-0.406681
-0.404541
-0.400336
-0.396094
-0.393663
-0.394056
-0.397198
-0.402181
-0.40782
-0.412829
-0.415838
-0.415273
-0.409145
-0.39562
-0.376634
-0.36342
-0.368444
-0.386675
-0.404538
-0.416602
-0.423889
-0.428366
-0.431392
-0.433684
-0.435559
-0.437143
-0.438388
-0.43911
-0.439016
-0.437682
-0.43468
-0.42969
-0.422774
-0.414592
-0.406308
-0.399123
-0.394658
-0.396018
-0.405804
-0.421769
-0.4381
-0.450741
-0.458849
-0.463345
-0.465301
-0.465247
-0.463296
-0.459634
-0.455007
-0.450631
-0.447343
-0.44523
-0.443554
-0.44112
-0.436265
-0.427759
-0.417323
-0.411818
-0.418549
-0.436082
-0.456394
-0.473527
-0.485521
-0.492247
-0.49413
-0.491991
-0.487102
-0.481088
-0.475083
-0.469415
-0.464554
-0.4618
-0.462027
-0.464263
-0.466945
-0.470052
-0.474947
-0.482431
-0.491379
-0.499429
-0.504404
-0.504649
-0.498445
-0.484262
-0.46394
-0.447602
-0.446024
-0.453791
-0.457492
-0.452921
-0.446241
-0.446087
-0.453669
-0.462062
-0.465889
-0.467373
-0.472499
-0.482037
-0.49089
-0.495062
-0.494327
-0.490359
-0.484831
-0.478637
-0.471925
-0.465001
-0.459021
-0.455709
-0.456019
-0.459162
-0.46316
-0.466073
-0.466773
-0.464984
-0.46096
-0.455273
-0.448758
-0.442382
-0.437226
-0.434106
-0.432902
-0.432232
-0.430016
-0.424873
-0.417045
-0.408751
-0.40355
-0.405021
-0.413402
-0.424555
-0.433919
-0.439234
-0.44005
-0.437221
-0.433376
-0.431811
-0.433776
-0.437286
-0.439257
-0.437949
-0.433662
-0.428594
-0.425383
-0.424453
-0.423702
-0.422297
-0.423525
-0.430966
-0.442814
-0.454219
-0.462531
-0.467741
-0.470191
-0.469007
-0.461887
-0.446314
-0.423302
-0.40122
-0.389365
-0.384394
-0.380382
-0.381117
-0.389284
-0.404862
-0.425083
-0.442955
-0.453705
-0.457589
-0.457438
-0.455732
-0.453252
-0.449232
-0.442323
-0.431715
-0.41826
-0.405654
-0.400175
-0.406249
-0.42104
-0.437494
-0.45081
-0.459911
-0.465526
-0.468586
-0.46962
-0.468505
-0.464359
-0.455789
-0.441545
-0.423234
-0.409924
-0.413106
-0.429073
-0.442666
-0.44493
-0.434494
-0.414102
-0.392257
-0.381922
-0.388061
-0.402772
-0.416643
-0.424844
-0.426092
-0.422091
-0.417407
-0.416358
-0.419246
-0.423401
-0.426369
-0.426915
-0.4244
-0.418486
-0.40932
-0.398016
-0.387241
-0.380523
-0.380342
-0.386679
-0.397116
-0.408183
-0.416581
-0.419607
-0.41453
-0.399404
-0.378994
-0.36906
-0.376846
-0.388112
-0.390643
-0.383989
-0.371599
-0.356805
-0.343725
-0.337397
-0.339558
-0.346505
-0.354377
-0.363085
-0.373555
-0.384251
-0.392362
-0.396306
-0.396123
-0.392688
-0.38711
-0.380678
-0.374836
-0.370827
-0.369054
-0.368818
-0.368867
-0.368234
-0.366704
-0.364727
-0.36312
-0.362791
-0.364535
-0.368594
-0.374345
-0.380396
-0.385483
-0.388875
-0.390322
-0.389645
-0.386478
-0.380282
-0.371164
-0.361086
-0.353681
-0.351278
-0.352881
-0.356318
-0.360385
-0.364403
-0.367803
-0.370424
-0.372699
-0.375499
-0.379492
-0.384494
-0.389615
-0.393965
-0.397247
-0.399634
-0.40144
-0.40285
-0.403911
-0.404542
-0.404599
-0.403892
-0.402267
-0.399639
-0.396155
-0.392345
-0.38921
-0.387742
-0.388315
-0.390361
-0.392736
-0.394368
-0.394573
-0.393277
-0.39133
-0.390576
-0.392851
-0.398417
-0.405654
-0.41278
-0.418955
-0.424069
-0.428131
-0.431075
-0.432803
-0.433257
-0.432304
-0.429404
-0.423745
-0.414657
-0.402385
-0.388313
-0.374337
-0.361679
-0.351247
-0.345907
-0.351362
-0.369949
-0.394793
-0.416579
-0.431196
-0.439013
-0.441788
-0.441198
-0.438444
-0.434325
-0.429465
-0.424445
-0.419814
-0.415893
-0.412392
-0.408423
-0.403236
-0.397494
-0.393935
-0.395553
-0.402207
-0.410565
-0.417197
-0.420322
-0.419128
-0.413045
-0.402096
-0.389266
-0.382237
-0.387325
-0.40086
-0.413923
-0.421411
-0.422664
-0.418775
-0.411252
-0.401615
-0.391761
-0.384586
-0.383156
-0.387799
-0.395442
-0.402819
-0.408414
-0.411848
-0.413168
-0.412705
-0.411233
-0.409779
-0.409162
-0.409557
-0.410595
-0.411753
-0.41265
-0.413019
-0.412468
-0.410339
-0.405661
-0.397224
-0.384168
-0.367658
-0.353106
-0.34819
-0.354674
-0.366291
-0.37634
-0.382385
-0.384987
-0.385663
-0.38567
-0.385485
-0.385043
-0.384203
-0.383181
-0.382868
-0.384447
-0.388426
-0.393835
-0.398579
-0.400611
-0.398956
-0.394115
-0.38813
-0.383647
-0.381831
-0.381358
-0.380147
-0.37742
-0.373999
-0.37123
-0.370117
-0.371148
-0.37467
-0.381005
-0.389585
-0.398671
-0.406177
-0.410926
-0.412848
-0.41242
-0.410308
-0.406921
-0.402079
-0.394931
-0.384175
-0.369053
-0.351186
-0.336813
-0.335673
-0.350955
-0.373239
-0.391425
-0.40086
-0.400575
-0.390067
-0.370603
-0.349057
-0.335338
-0.333647
-0.343485
-0.361187
-0.379012
-0.391649
-0.398661
-0.401607
-0.402038
-0.400939
-0.39892
-0.39627
-0.393046
-0.389162
-0.38455
-0.379434
-0.374635
-0.371531
-0.371416
-0.37462
-0.380192
-0.386225
-0.3906
-0.391513
-0.387756
-0.379317
-0.368591
-0.360154
-0.356533
-0.354375
-0.348645
-0.340966
-0.341792
-0.357637
-0.380698
-0.400447
-0.413098
-0.419046
-0.419103
-0.413622
-0.403377
-0.391428
-0.383116
-0.382076
-0.38711
-0.395102
-0.403634
-0.4101
-0.412111
-0.40904
-0.400729
-0.386915
-0.378029
-0.389176
-0.410611
-0.430183
-0.449173
-0.465234
-0.472927
-0.470792
-0.461438
