0
0
0
0
0
0.669875
0.669875
2.01724
2.01724
0.911288
0.905088
0.905088
0.905088
1.84887
1.84508
1.47232
1.16832
1.87786
1.83095
1.83095
1.22079
1.42776
1.32588
1.32588
1.32588
1.33326
1.41445
2.80642
2.80642
2.80642
2.80642
2.34719
2.34719
2.34719
2.37383
2.37383
2.21047
2.21047
2.1583
2.31412
1.59946
1.59946
1.59946
1.59946
1.07625
0.554566
0.554566
0.554566
0.956445
0.956445
0.956445
1.06596
0.524369
1.27955
1.27955
1.20228
1.20228
1.60803
1.60803
1.19203
1.19203
0.808772
0.808772
1.06455
1.28448
1.28448
1.15982
2.20701
1.74974
2.38689
2.38689
1.97196
0.841978
0.947882
0.947882
0.724544
1.24467
1.24467
1.15027
1.15027
1.15027
1.17424
0.83664
0.83664
1.00113
1.00113
1.00113
0.987604
0.987604
0.987604
1.71262
1.63057
1.63057
1.63057
1.04571
1.5401
0.896806
0.896806
0.896806
0.815543
0.851405
1.06432
1.06432
1.06432
1.06432
1.74989
1.95587
1.95587
2.3292
2.3292
2.3292
1.25795
1.25795
1.31678
1.31678
1.31678
1.31678
1.31678
1.61949
1.61949
1.31973
1.31973
2.20921
2.22659
2.22659
2.22659
1.81792
2.01943
2.22578
2.30166
2.30166
2.30166
3.0468
2.98867
1.9487
2.26123
2.26123
1.80731
1.80731
1.80731
1.95159
1.95159
1.53013
1.51494
1.51494
1.65664
1.58851
1.58851
1.58851
1.58851
1.11346
1.11346
0.110024
0.110024
1.64472
1.64472
1.64472
1.1719
0.8358
0.8358
0.8358
1.31443
1.31443
1.19871
0.724877
0.724877
1.60755
1.60755
1.60755
1.22276
0.899995
0.892631
0.747212
0.747212
0.747212
0.544915
0.544915
0.544915
0.544915
0.544915
0.544915
0.518418
0.518418
0.518418
0.518418
0.518418
0.518418
0.518418
0.518418
0.518418
0.518418
0.89316
1.32389
0.383568
1.53972
1.53972
1.53972
1.53972
1.64559
1.64559
1.64559
1.64559
1.64559
2.12807
1.57573
1.93458
1.93458
1.83669
1.93999
1.80692
1.77863
2.04753
2.04753
2.04753
2.04753
0.92413
0.71019
0.71019
0.71019
1.29446
1.29446
1.21858
1.21858
1.83872
1.83872
0.944032
1.82317
1.23395
1.39387
1.39387
1.29517
1.35214
1.35214
1.35214
0.705172
0.486223
0.261985
0.261985
1.50476
1.50476
2.25995
2.25995
2.25995
2.41425
3.07145
2.82115
4.2727
3.40088
3.40088
3.49675
3.23592
2.73069
2.08009
2.08009
2.08009
2.3982
2.3982
2.09723
1.7155
2.08902
1.24156
1.20305
1.20305
1.46826
1.46826
1.46826
0.710533
0.710533
1.64188
1.84293
1.64591
1.08424
0.953445
1.48526
1.48526
1.48526
1.48526
1.51394
1.80699
2.47748
2.26674
1.35621
1.20353
1.20353
1.20353
1.20353
0.462271
0.462271
0.462271
0.462271
0.462271
0.462271
0.462271
0.462271
0.285637
0.285637
0.285637
0.285637
0.285637
1.08001
1.07335
1.29416
1.86949
2.10392
2.0913
2.0913
1.77545
0.304465
0.304465
0.304465
0.304465
1.09652
1.09652
1.43649
1.43649
1.43649
1.85797
0.927663
1.40215
1.40215
1.40215
1.09005
1.09005
0.914109
0.914109
1.62763
1.62763
1.99773
1.88426
1.88426
1.27762
0.893403
0.893403
0.893403
0.893403
0.893403
0.790742
0.790742
1.57613
1.57613
1.57613
1.57613
1.81927
2.35654
2.35654
2.35654
2.35654
2.35654
2.35654
2.41514
2.41514
1.68687
1.50608
1.50608
1.50608
1.50608
1.04605
1.04605
1.04605
1.04605
1.29803
1.22813
1.22813
1.22813
0.506492
0.490968
0.950249
0.950249
0.513781
0.258441
0.258441
0.494266
0.494266
0.494266
1.80701
1.93412
1.6664
1.6664
1.6664
1.6664
2.15018
2.38804
2.38804
2.28704
2.28704
2.68737
1.96144
1.96144
2.11805
1.70226
2.17817
2.47509
2.22043
1.52705
1.52705
1.52705
1.52705
1.52705
0.469172
0.469172
0.469172
0.469172
0.469172
0.469172
0.534808
1.50425
1.50425
1.50425
0.560253
0.560253
0.560253
0.560253
0.560253
0.560253
0.996752
0.996752
1.38262
1.38262
2.52251
2.8939
3.12269
3.12269
2.78199
3.09731
2.05859
2.00256
2.00256
1.3665
1.3665
1.3665
1.3665
2.38162
2.38162
2.38162
2.54322
2.54322
3.21348
3.09912
2.33252
1.53274
1.4593
1.00285
0.968573
0.800086
0.800086
0.800086
0.800086
0.800086
0.800086
0.800086
0.800086
0.800086
0.800086
1.3749
2.38335
2.59573
2.63757
2.63757
2.63757
2.43388
1.69748
1.69748
2.18998
2.18998
2.18998
2.01339
2.17865
2.17865
1.20197
1.20197
1.20197
1.20197
0.415373
1.15787
1.15787
0.657709
0.657709
0.657709
0.657709
0.657709
0.657709
0.657709
0.657709
0.657709
1.04582
1.04582
1.72512
1.98183
1.041
1.12591
1.12591
1.12591
0.615022
0.615022
0.615022
0.615022
0.615022
0.615022
0.615022
0.615022
1.62856
1.62856
1.29523
1.29523
1.29523
1.22545
1.22545
1.22306
1.16033
1.16033
1.29487
1.29487
1.29487
1.29487
1.21684
1.21684
1.21684
0.763366
0.763366
0.763366
1.17578
1.17578
1.409
1.409
0.656472
0.656472
0.656472
1.30024
1.01161
1.01161
1.01161
1.01161
0.94019
0.94019
0.94019
0.94019
0.568208
0.568208
0.568208
0.865569
0.865569
0.865569
0.865569
0.865569
0.865569
0.865569
0.865569
0.865569
0.868169
1.42647
1.42647
0.998358
1.21476
1.18866
1.18866
1.18866
1.01835
1.49062
1.49062
0.565728
0.565728
0.619489
0.619489
0.619489
1.31803
1.31803
1.60474
0.713243
0.978929
1.26307
1.26307
1.26307
0.503909
0.503909
0.503909
0.628819
0.540984
0.540984
0.407752
1.11245
1.11245
0.708869
0.293892
0.293892
0.293892
0.293892
0.293892
0.293892
0.884465
0.884465
0.884465
0.884465
1.58464
1.58464
1.58464
1.58464
1.58464
0.778318
0.777672
0.777672
0.777672
1.81382
1.45925
1.45925
1.71376
1.71376
1.67668
2.06553
1.01838
1.01838
1.01838
1.01838
1.01838
1.01838
1.01838
1.01838
1.01838
2.75758
2.75758
3.17807
3.17807
2.72062
2.85604
3.61559
3.61559
3.61559
3.61559
4.185
3.50145
3.95933
3.45795
3.45795
3.22751
2.42626
2.06493
1.34946
1.42141
0.589618
1.01307
0.446554
0.446554
0.446554
0.446554
1.22831
2.51293
1.43774
1.43774
1.43774
0.838417
0.889492
1.40851
1.84865
0.978542
0.978542
0.978542
0.951341
0.951341
0.951341
0.951341
0.951341
0.951341
0.805187
0.805187
1.95731
1.95731
1.95731
1.7776
1.34783
2.21268
1.23405
2.3184
2.3184
2.3184
2.94796
2.60129
2.60129
2.46612
2.37377
2.37377
2.97255
2.97255
2.97255
1.88926
0.917031
0.917031
0.917031
1.42443
1.58137
1.58137
0.931553
0.798243
0.806912
0.963677
0.963677
1.17926
1.17926
1.17926
1.17926
2.72074
2.51708
2.51708
2.39109
3.08135
3.08135
2.61116
1.38566
1.38566
2.13358
1.08835
0.142205
0.142205
0.142205
0.142205
0.142205
0.142205
0.142205
0.142205
0.142205
0.142205
0.142205
0.142205
0.142205
0.142205
0.142205
0.142205
0.142205
0.142205
0.142205
0.142205
0.142205
0.142205
0.142205
0.142205
0.142205
0.142205
0.142205
1.63687
1.63687
1.63687
2.22904
1.07039
0.581003
0.581003
0.581003
1.78646
1.78646
1.67267
2.23049
2.86872
2.86872
2.12003
2.12003
2.12003
2.13117
2.22375
3.21718
3.21718
3.80837
3.80837
4.04104
4.16113
4.16113
4.16113
3.87083
3.87083
2.90646
2.90646
2.84035
3.99492
3.00715
2.05861
2.06465
2.06465
2.06465
2.3441
2.3441
2.3441
2.3441
1.99176
2.38783
2.46894
2.46894
2.52817
2.24488
2.24488
2.24488
2.24488
2.36717
1.77463
1.88115
1.23052
1.38598
1.03363
1.03363
1.03702
1.33957
1.33957
1.33957
1.06138
0.499093
0.499093
0.499093
0.499093
0.499093
0.499093
0.35194
0.35194
0.35194
0.35194
1.22956
1.22956
1.22956
2.4419
2.4419
2.4419
2.4419
2.4419
1.69194
2.05557
1.92994
1.92994
1.96066
1.89036
1.6174
2.65773
3.33859
3.38281
3.38281
3.96445
3.96445
3.57814
3.53641
3.59429
3.59429
4.16134
4.16134
4.16134
4.16134
4.01229
3.10683
3.10683
3.29664
3.29664
3.29664
3.95446
4.00442
4.00442
2.72128
1.74732
1.86821
1.76586
2.30825
2.30825
1.25374
1.25374
1.25374
0.631849
0.631849
0.812656
0.812656
0.812656
0.812656
0.9782
0.9782
1.59604
1.43448
1.4903
1.4903
1.47298
1.47298
1.47298
1.96267
1.48557
1.03704
1.03704
0.818833
0.818833
0.884284
1.38416
1.47928
1.47928
2.41865
2.41865
2.21115
2.3411
2.28642
1.51351
1.01377
1.01377
1.01377
1.09953
1.17675
1.17675
1.17675
1.03169
0.793747
0.670183
0.670183
0.670183
0.851542
0.851542
0.616593
0.616593
0.616593
0.616593
0.616593
0.616593
0.616593
0.675127
0.675127
0.675127
1.34235
2.29525
2.29525
1.97968
1.97968
1.97968
2.76969
2.76969
2.87401
2.69015
2.69015
2.81562
2.46611
2.46611
2.3675
2.3675
2.3675
1.31912
1.38036
1.38036
0.867569
0.867569
0.86012
0.86012
1.24668
1.24668
1.24668
1.24668
1.24668
1.24668
1.0051
1.0051
1.0051
1.0051
1.0051
1.0051
1.0051
1.0051
1.0051
1.41292
1.21096
1.42753
1.42753
0.955852
1.10709
1.36263
1.36263
1.93355
1.93355
1.93355
1.93355
1.93355
2.32372
2.76746
2.81742
2.81742
2.81742
2.61395
2.61395
1.86984
1.86984
1.92053
1.92053
1.58921
1.63909
1.63909
1.63909
1.28512
1.40961
1.40961
1.17351
1.17351
1.17351
2.48547
2.4609
2.4609
2.4609
2.80311
3.05391
3.05391
4.31541
3.57551
3.57551
3.07262
3.25069
2.77491
2.77491
2.31026
2.17113
