3.25315
3.25315
3.25315
3.61774
3.2456
3.2456
3.2456
5.03852
5.6162
5.6162
8.16542
8.16542
8.16542
7.56838
7.56838
7.56838
7.56838
7.56838
7.56838
6.82341
6.05234
6.05234
4.74821
4.74821
4.97561
4.59812
4.82588
3.09926
2.44449
2.44449
5.14445
6.08444
6.08444
5.56504
5.53708
2.8916
3.8443
3.8443
2.74397
3.69
3.69
3.69
3.69
3.69
3.69
3.69
5.82038
5.82038
5.82038
7.09114
7.09114
7.09114
7.09114
7.09114
5.09929
3.33477
3.33477
3.33477
4.64746
4.64746
4.64746
3.74195
3.74195
3.47123
5.52803
2.94884
2.94884
2.94884
5.25561
2.97563
2.92638
2.92638
3.64025
3.64025
1.83759
2.35575
2.35575
2.35575
3.06288
5.35335
5.35335
5.35335
4.4629
4.4629
4.4629
4.4629
4.4629
5.1983
3.65675
3.65675
3.65675
3.65675
2.72474
3.73709
3.73709
3.73709
3.73709
3.73709
3.2563
3.2563
2.6333
2.6333
2.6333
3.21595
3.21595
3.21595
2.68616
2.68616
2.68616
2.68616
1.42075
1.42075
1.42075
1.42075
1.42075
4.51705
4.51705
4.69035
4.69035
5.22502
5.90208
5.90208
5.10216
5.69353
5.69353
2.71248
2.71248
3.5716
3.5716
3.5716
3.67586
3.67586
3.8847
3.40483
3.40483
3.40483
3.40483
3.40483
3.40483
3.40483
3.40483
3.40483
3.40483
1.12157
4.52942
4.52942
4.52942
4.52942
4.52942
5.02753
5.02753
5.02753
5.70019
5.70019
7.26988
5.86217
5.86217
5.86217
3.06107
3.06107
2.91184
2.4038
2.4038
2.4038
2.47731
2.47731
2.47731
2.37867
1.699
1.699
1.699
1.79148
1.79148
1.79148
4.24672
1.62661
4.15253
4.15253
4.15253
3.66381
4.18008
4.18008
3.74073
4.06746
6.52783
5.40111
4.38623
4.38623
4.38623
4.38623
4.38623
4.38623
4.38623
4.38623
4.38623
4.25101
4.25101
4.25101
1.16674
3.46003
4.22479
2.11606
5.33576
5.70805
6.97044
6.97044
6.97044
5.84517
5.76754
5.76754
5.58583
5.65012
5.84875
5.84875
4.26661
2.89795
4.95101
4.95101
4.95101
7.43002
7.43002
5.95331
6.14469
6.14469
5.31865
4.88594
3.52154
3.52154
3.52154
2.94562
2.94562
5.62678
5.62678
3.99819
2.53644
2.53644
2.53644
2.53644
6.28727
6.28727
5.67385
7.44036
5.39897
5.39897
3.4734
6.58478
8.31523
8.85834
6.43598
6.10949
4.96249
4.96249
4.96249
5.48514
6.09477
6.09477
6.88333
7.19923
5.99775
5.99775
5.99775
6.4751
6.4751
7.71262
8.69118
8.69118
9.35249
9.35249
9.6551
10.4131
12.7857
9.26997
7.33357
7.33357
7.33357
8.15169
8.02733
8.02733
9.34798
7.99683
5.98857
5.98857
5.98857
5.98857
3.66899
6.03343
5.18693
5.36904
5.36904
4.83315
3.56852
3.56852
3.56852
3.56852
3.56852
3.56852
3.56852
3.56852
3.56852
3.56852
3.56852
3.82276
3.82276
3.01214
4.94336
3.85533
4.92186
4.92186
4.92186
5.73113
5.73113
5.73113
5.31622
5.31622
4.61123
4.61123
5.37775
4.25099
3.76924
3.76924
3.76924
5.97918
5.97918
5.97918
6.7087
6.7087
6.7087
6.7087
6.7087
6.7087
7.49198
4.16445
5.22497
4.03019
4.03019
4.03019
3.13337
3.13337
3.16567
3.02071
3.02071
2.66807
2.66807
2.66807
2.66807
2.66807
2.66807
2.66807
2.66807
2.13939
1.73438
1.73438
1.73438
1.73438
4.09582
4.09582
4.09582
2.50047
4.81885
3.76573
3.76573
3.76573
3.76573
4.13084
4.13084
4.13084
3.19615
3.19615
1.56218
1.56218
1.56218
1.56218
1.5224
2.06291
2.06291
3.41331
3.41331
5.24274
1.70412
1.70412
2.45091
4.10032
1.13221
2.60514
1.69821
1.69821
3.74832
2.10265
2.10265
2.10265
2.10265
3.66756
3.66756
3.66756
4.31418
4.31418
5.19336
5.19336
5.1625
3.33048
1.35023
2.96451
2.96451
2.96451
5.71825
5.10757
5.10757
5.10757
7.44225
7.44225
6.16745
6.99387
7.9526
7.9526
9.39509
9.39509
10.2116
10.2116
7.5469
7.2429
7.06135
7.06135
7.80347
7.41717
7.41717
4.15678
4.15678
4.73132
4.73132
5.62015
5.04799
5.5384
4.23551
1.9529
1.9529
2.55509
2.55509
3.17788
3.17788
3.17788
3.17788
3.17788
3.17788
1.74403
2.34767
2.34767
3.63734
3.63734
3.63734
3.63734
5.29902
5.29902
5.29902
5.29902
5.29902
3.11692
4.45266
4.04727
4.04727
4.04727
4.04727
6.1787
7.93563
8.00954
4.67153
6.71455
6.71455
6.04631
7.94658
10.0102
9.83273
9.68716
9.68716
9.68716
9.59779
9.59779
9.73953
9.73953
8.50633
8.50633
6.60428
5.79307
5.79307
5.79307
5.79307
5.90807
5.49676
4.78196
4.47083
4.92614
5.45512
5.45512
5.45512
5.45512
5.45512
5.45512
4.18146
3.78963
4.28592
2.93121
4.01992
2.28172
2.28172
2.29202
2.29202
3.50953
6.0696
6.0696
6.0696
6.0696
7.01956
7.01956
7.01956
7.01956
8.45333
8.45333
6.86687
9.66993
9.66993
6.85121
6.85121
4.48247
3.96171
3.96171
3.96171
3.96171
5.92913
5.92913
5.92913
5.92913
4.4407
4.4407
3.31952
3.31952
3.31952
3.31952
3.31952
3.31952
2.32761
1.55447
3.70716
1.6141
3.02317
3.02317
6.51475
6.51475
6.51475
2.67747
2.67747
2.67747
2.67747
2.94831
2.94831
2.71701
4.78503
4.78503
3.15921
3.15921
3.15921
3.15921
3.15921
2.57118
2.57118
2.57118
2.57118
2.80522
2.80522
3.41023
3.41023
3.41023
5.78754
5.78754
5.86562
3.01915
3.1522
3.1522
3.1522
3.65751
6.55678
6.55678
6.79116
6.79116
6.79116
8.43556
6.729
5.07037
6.57692
10.1583
5.85376
4.65151
4.65151
4.65151
4.65151
5.64014
4.4261
5.12002
4.33063
4.77446
3.0288
3.12582
3.12582
3.12582
2.37405
2.37405
1.49391
2.319
4.87702
5.37443
3.33817
3.33817
3.33817
1.93688
2.69312
2.69312
2.69312
2.69312
2.55912
5.32495
6.71261
6.71261
6.71261
4.4867
6.34842
7.00207
7.00207
7.00207
7.99398
8.24874
9.5271
9.5271
9.5271
9.5271
8.70488
7.03978
7.03978
7.03978
6.3114
6.3114
4.89338
4.89338
4.89338
4.89338
4.89338
6.22782
4.86722
4.86722
6.22163
6.22163
5.16189
5.16189
5.16189
6.49525
6.49525
6.49525
3.94845
3.94845
3.94845
3.94845
3.94845
5.44574
3.61576
0.570928
3.27027
5.6864
5.6864
4.45436
4.45436
4.45436
4.45436
4.45436
4.45436
4.45436
2.25003
4.69698
4.69698
4.69698
4.4867
4.4867
2.49262
2.49262
1.86829
1.86829
1.89079
5.65427
7.96089
7.96089
7.96089
6.68348
6.68348
8.12087
7.01968
7.01968
7.01968
5.81665
6.13593
2.81351
2.81351
2.81351
2.81351
3.61283
3.61283
3.61283
3.61283
3.61283
3.61283
3.61283
3.61283
3.61283
3.64365
2.63892
2.68437
2.68437
2.68437
2.68437
3.12564
3.12564
3.29383
4.41375
3.32832
3.32832
3.32832
4.37061
4.37061
4.15164
4.15164
4.52639
4.52639
2.67602
5.24467
5.24467
6.31016
6.64142
6.64142
6.32664
6.32664
6.84347
6.84347
6.84347
6.84347
6.84347
6.35554
6.35554
4.78269
4.78269
4.78269
6.453
6.453
6.453
7.44974
7.44974
7.44974
7.661
7.06957
7.06957
7.06957
8.19897
8.19897
8.19897
7.27259
6.14329
6.14329
6.16846
6.16846
6.16846
6.54628
5.43345
4.28909
3.47948
3.47948
1.91875
1.91875
1.91875
1.91875
1.91875
1.91875
1.91875
3.90327
2.47429
2.47429
5.12658
4.46369
4.46369
4.46369
4.46369
1.86459
1.86459
1.86459
3.3941
3.3941
3.3941
3.3941
3.3941
3.3941
5.31446
5.31446
4.76527
4.03955
5.73414
5.73414
3.20407
3.20407
3.20407
3.20407
3.20407
3.20407
2.30644
2.30644
2.30644
4.87054
4.87054
5.54034
4.46441
4.46441
4.46441
4.46441
3.60802
4.83311
1.99614
1.99614
1.99614
1.99614
4.73183
4.73183
5.63304
5.63304
9.42442
9.42442
6.84365
4.83587
4.83587
6.87789
6.87789
8.47788
8.09657
8.09657
8.09657
8.09657
8.09657
7.5099
7.5099
8.13786
8.13786
8.13786
8.48313
8.9123
11.0619
11.0149
10.6251
10.6251
9.89167
9.89167
9.89167
8.6722
8.19773
5.3777
5.3777
5.3777
5.89892
5.68812
3.53972
3.53972
3.53972
3.46395
3.46395
3.46395
3.46395
3.46395
3.46395
3.46395
3.46395
3.46395
3.46395
3.46395
3.46395
3.46395
2.60267
3.24447
3.24447
3.24447
3.24447
2.23208
2.23208
2.23208
2.32013
2.32013
2.32013
2.32013
3.80915
3.80915
6.53188
6.4982
6.4982
6.4982
6.4982
8.05866
8.05866
8.05866
7.93192
7.91163
9.31254
9.31254
11.908
14.602
16.7488
16.7488
18.3839
18.3839
17.9358
17.9358
16.5426
16.5426
15.5412
17.209
16.3431
14.9923
17.2317
17.2317
16.8038
15.3057
13.0518
12.7081
12.7052
12.4424
11.992
12.6151
13.3533
14.9694
14.9694
12.8549
12.1824
12.1824
9.49686
9.49686
6.96225
6.96225
6.96225
5.0285
5.0285
5.59574
4.86781
5.30323
5.30323
4.84929
4.84929
4.90591
4.43469
4.43469
4.43469
4.43469
4.43469
5.8185
5.8185
4.95629
4.95629
4.95629
3.67824
3.74749
5.21648
3.14298
3.14298
5.21117
5.21117
5.21117
5.00976
3.96564
3.96564
3.96564
3.96564
5.57304
6.8799
4.89288
3.94712
3.36277
3.36277
3.36277
3.36277
4.25845
4.25845
2.34653
3.39376
3.39376
7.01579
8.90387
6.51202
4.92264
4.92264
4.92264
6.30895
7.5774
7.5774
7.5774
7.21216
5.90494
5.90494
3.46085
4.99503
4.99503
4.10728
4.10728
4.10728
