-0.04
0.04
0
0.12
0.24
0.24
0.28
0.12
0.08
0.16
0.24
0.2
0.2
0
0.08
0.08
0.04
0.04
0.04
-0.04
-0.08
-0.08
-0.12
-0.08
0.04
0.2
0
0.04
0.04
0.04
-0.04
0
-0.2
-0.36
-0.32
-0.36
-0.32
-0.24
-0.2
-0.32
-0.28
-0.16
-0.2
-0.2
-0.24
-0.24
-0.32
-0.28
-0.28
-0.24
-0.2
-0.44
-0.84
-0.88
-1
-1
-1
-1
-1
-1
-1
-1
-1
-1
-1
-1
-1
-1
-1
-1
-1
-1
-1
-1
-1
-1
-1
-1
-1
-1
-1
-1
-1
-1
-0.96
-0.96
-0.96
-1
-1
-1
-1
-1
-1
-1
-1
-1
-1
-1
-1
-0.8
-0.88
-0.92
-0.88
-0.88
-0.72
-0.72
-0.76
-0.8
-0.8
-0.8
-0.84
-0.72
-0.76
-0.76
-0.76
-0.88
-0.88
-0.88
-0.88
-1
-1
-0.72
-0.68
-0.72
-0.6
-0.6
-0.76
-0.76
-0.64
-0.64
-0.6
-0.72
-0.64
-0.8
-0.8
-0.72
-0.72
-0.96
-1
-1
-1
-1
-1
-1
-1
-1
-1
-1
-1
-1
-1
-1
-1
-1
-1
-1
-1
-1
-1
-1
-1
-0.88
-0.84
-0.84
-0.88
-1
-1
-1
-1
-1
-1
-1
-1
-1
-1
-1
-1
-1
-1
-1
-1
-1
-1
-1
-1
-1
-1
-1
-1
-1
-1
-1
-1
-1
-1
-1
-1
-1
-1
-1
