0.483164 0.48441 0.487702
-0.330522 -0.340321 -0.486781
-0.491985 -0.355329 -0.342024
-0.297751 0.491004 -0.335564
-0.171845 -0.492165 0.483032
-0.0158474 -0.348238 0.488855
-0.17032 -0.333848 -0.337993
-0.0121801 -0.494159 -0.330666
0.171391 0.484184 -0.499032
0.330374 -0.317116 0.486825
0.154837 -0.340336 -0.334277
0.32989 0.487911 -0.345194
-0.482586 -0.168152 0.482524
-0.339828 0.00724057 0.499099
-0.48653 0.00642803 -0.323302
-0.356075 -0.174875 -0.32624
-0.17168 -0.175156 0.494667
-0.00960921 0.00582235 -0.497053
-0.170021 0.00599739 -0.326931
-0.0102031 -0.165658 -0.332194 
0.19771 -0.155925 0.497432
0.340819 0.00475931 0.482969
0.167257 0.0199672 -0.335747
0.3509 -0.16513 -0.341069
-0.486635 0.18263 0.495104
-0.345592 0.339314 0.498517
-0.467315 0.333395 -0.327672
-0.322912 0.175672 -0.315047
-0.170393 0.198799 0.497334
0.0023274 0.345846 0.487826
-0.153734 0.341126 -0.317224
-0.0111083 0.176743 -0.343314
0.152613 0.170492 0.49835
0.319713 0.312266 -0.495005
0.147115 0.318662 -0.342235
0.33993 0.157301 -0.353417
-0.487605 0.479881 -0.171957
-0.323636 -0.340233 -0.154688
0.478267 -0.355622 -0.00583854
-0.339965 0.494778 0.0141865
-0.139791 -0.493955 -0.15328
-0.00369017 -0.316114 -0.158544
-0.166055 -0.341702 -0.0039308
0.0359096 -0.493277 -0.00106278
0.171369 -0.498384 -0.173761
0.340199 -0.353158 -0.178572
0.171499 -0.324821 -0.0066849
0.335502 0.488584 -0.00126054
-0.496581 -0.167835 -0.155585
-0.327126 0.0238892 -0.155528
0.489009 -0.00349673 -0.00735043
-0.336398 -0.176463 0.00107169
-0.170788 -0.163229 -0.150106
0.00910624 0.0042056 -0.155128
-0.175013 -0.0141886 0.0265588
0.0104576 -0.144576 -0.010101
0.182736 -0.168838 -0.192863
0.32606 0.0125792 -0.168937
0.158288 0.007515 0.0104147
0.316921 -0.172874 -0.00175257
-0.497355 0.175037 -0.172136
-0.317652 0.34263 -0.154686
-0.472752 0.321921 0.0100149
-0.330131 0.157679 0.01614
-0.149192 0.168725 -0.147893
0.0152589 0.327785 -0.147879
-0.163934 0.345555 0.0134773
-0.0166723 0.152137 0.0255628
0.183511 0.181735 -0.166749
0.349974 0.335951 -0.177076
0.162399 0.330041 0.0193665
0.324036 0.154028 -0.00431135
-0.495804 -0.495579 0.183616
-0.345753 -0.333935 0.157306
-0.49647 -0.349091 0.336426
-0.328176 0.495266 0.331499
-0.164888 -0.494567 0.173546
-0.000150378 -0.348683 0.162214
-0.191167 -0.323854 0.32537
0.0134469 -0.491304 0.332146
0.18116 -0.489099 0.169868
0.340049 -0.329477 0.169639
0.161045 -0.326731 0.350251
0.326762 -0.496734 0.330427
0.488924 -0.161342 0.149292
-0.3411 -0.00387343 0.171861
0.49783 0.00940657 0.323879
-0.352359 -0.171361 0.309782
-0.15311 -0.18759 0.163804
-0.00335429 -0.0216204 0.186499
-0.19203 -0.0211715 0.323038
0.00307364 -0.177452 0.338331
0.166102 -0.161601 0.175352
0.329382 0.00294838 0.175345
0.171255 -0.00332198 0.349093
0.320153 -0.183022 0.324234
0.489071 0.164377 0.160504
-0.334532 0.321373 0.180086
0.475437 0.327044 0.323256
-0.343723 0.169944 0.336229
-0.188039 0.166859 0.184707
-0.0126555 0.349812 0.153869
-0.157216 0.329864 0.327981
-0.00601096 0.152045 0.327354
0.154005 0.164631 0.174236
0.318269 0.333241 0.169252
0.159752 0.342691 0.323169
0.303818 0.160635 0.331451
