-6.65046
-6.64754
-6.62974
-6.61937
-6.60933
-6.59929
-6.59314
-6.58957
-6.5873
-6.58567
-6.58276
-6.58179
-6.58049
-6.57888
-6.57953
-6.57986
-6.57954
-6.57792
-6.57857
-6.57857
-6.57663
-6.5763
-6.57922
-6.58019
-6.57986
-6.57824
-6.57792
-6.57889
-6.58115
-6.58245
-6.58407
-6.58342
-6.58342
-6.58213
-6.58051
-6.58051
-6.58083
-6.58148
-6.58051
-6.57986
-6.58083
-6.58083
-6.58245
-6.58537
-6.58537
-6.58569
-6.58537
-6.58537
-6.58602
-6.58666
-6.58602
-6.58342
-6.58375
-6.58245
-6.5844
-6.58569
-6.58796
-6.58504
-6.58602
-6.58634
-6.58602
-6.58764
-6.58537
-6.5844
-6.58408
-6.58634
-6.58505
-6.58375
-6.58343
-6.58213
-6.58342
-6.58181
-6.58181
-6.58278
-6.58278
-6.58148
-6.58148
-6.58083
-6.58083
-6.58245
-6.58213
-6.58213
-6.58472
-6.58246
-6.58408
-6.5844
-6.58343
-6.58375
-6.58472
-6.58278
-6.5844
-6.58376
-6.58343
-6.58117
-6.58246
-6.58214
-6.58084
-6.58343
-6.58246
-6.58473
-5.95407
-5.95278
-5.95245
-5.9505
-5.94856
-5.94694
-5.94597
-5.94564
-5.94759
-5.94629
-5.94499
-5.94629
-5.94726
-5.94532
-5.94694
-5.94727
-5.94889
-5.94953
-5.94953
-5.94986
-5.95083
-5.94954
-5.95245
-5.95018
-5.9518
-5.94986
-5.9505
-5.95018
-5.94824
-5.94889
-5.94889
-5.94824
-5.94889
-5.94857
-5.94921
-5.94921
-5.94727
-5.9463
-5.94792
-5.94824
-5.94824
-5.94857
-5.94889
-5.94889
-5.94922
-5.94954
-5.94986
-5.94954
-5.94824
-5.94792
-5.94695
-5.94566
-5.94469
-5.94501
-5.94371
-5.94242
-5.94112
-5.94015
-5.94047
-5.94144
-5.94274
-5.94112
-5.94274
-5.94339
-5.94274
-5.94371
-5.94404
-5.94404
-5.94372
-5.94372
-5.94404
-5.94955
-5.94955
-5.94825
-5.94696
-5.94858
-5.94858
-5.94858
-5.94955
-5.9502
-5.95247
-5.95344
-5.95247
-5.95052
-5.95052
-5.95052
-5.94858
-5.94858
-5.94988
-5.95052
-5.95052
-5.94988
-5.9515
-5.95117
-5.9515
-5.9515
-5.95085
-5.9515
-5.9515
-5.95182
-5.66744
-5.66712
-5.66679
-5.6655
-5.66679
-5.66517
-5.66614
-5.66743
-5.66711
-5.66614
-5.66614
-5.66517
-5.6655
-5.66582
-5.66614
-5.66776
-5.66808
-5.66646
-5.66452
-5.66419
-5.66419
-5.66387
-5.66387
-5.66484
-5.66419
-5.66484
-5.66484
-5.66484
-5.66516
-5.66549
-5.66354
-5.66613
-5.66517
-5.66549
-5.66614
-5.66323
-5.66452
-5.66355
-5.66355
-5.66322
-5.66322
-5.66484
-5.66484
-5.66451
-5.66451
-5.66419
-5.66483
-5.66484
-5.66484
-5.66646
-5.66646
-5.66614
-5.66614
-5.66711
-5.66582
-5.66485
-5.66614
-5.66419
-5.66549
-5.66549
-5.66387
-5.66387
-5.66419
-5.66322
-5.66354
-5.66193
-5.66355
-5.66516
-5.66614
-5.66646
-5.66873
-5.67003
-5.66873
-5.66809
-5.66744
-5.66711
-5.66549
-5.66322
-5.66581
-5.66548
-5.66775
-5.66581
-5.66548
-5.66645
-5.66581
-5.66646
-5.66516
-5.66775
-5.66743
-5.6684
-5.66775
-5.66775
-5.66969
-5.66969
-5.66969
-5.66904
-5.6658
-5.66839
-5.66775
-5.66872
-5.56392
-5.5636
-5.56295
-5.56198
-5.56165
-5.55971
-5.56036
-5.55939
-5.55874
-5.55712
-5.55712
-5.5555
-5.5555
-5.55226
-5.55518
-5.55809
-5.55874
-5.55841
-5.56068
-5.55809
-5.55971
-5.56133
-5.561
-5.55906
-5.55906
-5.55874
-5.56003
-5.56003
-5.56068
-5.561
-5.561
-5.561
-5.561
-5.56295
-5.56295
-5.56457
-5.5636
-5.56294
-5.56424
-5.56165
-5.561
-5.561
-5.56036
-5.55842
-5.55972
-5.55875
-5.56037
-5.56037
-5.56037
-5.56037
-5.5581
-5.55518
-5.55713
-5.55745
-5.55842
-5.55777
-5.5581
-5.56004
-5.56069
-5.56133
-5.55939
-5.55874
-5.56101
-5.56004
-5.55907
-5.55907
-5.5581
-5.55907
-5.55874
-5.56133
-5.56068
-5.56068
-5.56165
-5.56198
-5.5636
-5.56619
-5.56586
-5.56489
-5.56489
-5.5649
-5.56554
-5.5649
-5.56295
-5.56036
-5.56036
-5.56069
-5.56036
-5.55971
-5.56003
-5.55938
-5.561
-5.56197
-5.56133
-5.56166
-5.56101
-5.56198
-5.56134
-5.56166
-5.56295
-5.56101
-5.52348
-5.52219
-5.52542
-5.5238
-5.52412
-5.52348
-5.52445
-5.52283
-5.52056
-5.51927
-5.51992
-5.51797
-5.52024
-5.52121
-5.52024
-5.52056
-5.52186
-5.52153
-5.52218
-5.52509
-5.52412
-5.52476
-5.52315
-5.52477
-5.52347
-5.5225
-5.5225
-5.52283
-5.52024
-5.52056
-5.52024
-5.52056
-5.52056
-5.52185
-5.52282
-5.52379
-5.52347
-5.52315
-5.5238
-5.52315
-5.5238
-5.52218
-5.52121
-5.52185
-5.51958
-5.51991
-5.51958
-5.51829
-5.5212
-5.51958
-5.52055
-5.52088
-5.5212
-5.52217
-5.52282
-5.52314
-5.52185
-5.52217
-5.52347
-5.52153
-5.52347
-5.52283
-5.52315
-5.52477
-5.5238
-5.5238
-5.52186
-5.52089
-5.52121
-5.51927
-5.51862
-5.51927
-5.52056
-5.52153
-5.51894
-5.51862
-5.51764
-5.51991
-5.51926
-5.52121
-5.52121
-5.52218
-5.52023
-5.52056
-5.5212
-5.52282
-5.52509
-5.52444
-5.52412
-5.52379
-5.52315
-5.5225
-5.52412
-5.52153
-5.52218
-5.5225
-5.52476
-5.52541
-5.52509
-5.5238
-5.47372
-5.47599
-5.47469
-5.47469
-5.47404
-5.47566
-5.47436
-5.47274
-5.47339
-5.47274
-5.47468
-5.47533
-5.47372
-5.4734
-5.47243
-5.4734
-5.47372
-5.47114
-5.47016
-5.46984
-5.46887
-5.47017
-5.46855
-5.46725
-5.46887
-5.46951
-5.46951
-5.47016
-5.46984
-5.47081
-5.47146
-5.47081
-5.47275
-5.47276
-5.47438
-5.47567
-5.47535
-5.476
-5.47535
-5.4773
-5.47406
-5.47341
-5.47535
-5.476
-5.47664
-5.47664
-5.47664
-5.47664
-5.47728
-5.47567
-5.47534
-5.4747
-5.47341
-5.47308
-5.47308
-5.47341
-5.47341
-5.47309
-5.47341
-5.47211
-5.47373
-5.47179
-5.47017
-5.47114
-5.47114
-5.47178
-5.46984
-5.47211
-5.476
-5.476
-5.476
-5.47535
-5.47243
-5.47211
-5.47308
-5.47211
-5.47502
-5.47405
-5.47341
-5.4692
-5.46952
-5.47016
-5.47113
-5.47114
-5.47082
-5.47244
-5.47017
-5.46823
-5.46985
-5.46985
-5.47049
-5.47244
-5.47341
-5.47599
-5.47534
-5.47567
-5.47664
-5.47502
-5.47535
-5.47211
-5.51318
-5.51447
-5.51285
-5.5135
-5.51318
-5.51318
-5.51285
-5.51318
-5.51544
-5.51447
-5.51544
-5.51512
-5.51447
-5.51285
-5.51317
-5.51414
-5.51447
-5.51544
-5.51544
-5.51738
-5.51868
-5.51836
-5.51609
-5.51771
-5.51707
-5.51642
-5.51707
-5.51707
-5.51674
-5.51577
-5.51706
-5.51739
-5.51674
-5.51512
-5.51512
-5.51706
-5.51641
-5.51479
-5.51447
-5.51285
-5.5135
-5.5148
-5.5135
-5.51318
-5.51415
-5.51674
-5.51545
-5.5161
-5.5161
-5.51545
-5.51577
-5.51545
-5.5161
-5.51707
-5.5161
-5.51739
-5.51642
-5.5148
-5.5148
-5.51286
-5.51221
-5.51124
-5.51253
-5.51383
-5.51351
-5.51383
-5.5148
-5.51383
-5.51351
-5.51286
-5.5148
-5.51318
-5.51221
-5.51318
-5.51383
-5.51544
-5.51447
-5.51285
-5.5135
-5.51415
-5.51415
-5.5148
-5.51545
-5.51577
-5.5148
-5.51577
-5.5161
-5.51674
-5.51739
-5.51836
-5.51707
-5.51707
-5.51609
-5.51771
-5.51674
-5.51706
-5.51576
-5.51544
-5.51447
-5.51382
-5.48147
-5.47953
-5.4792
-5.48017
-5.48212
-5.48147
-5.48244
-5.48179
-5.48115
-5.47985
-5.47855
-5.47758
-5.47726
-5.4805
-5.48179
-5.48147
-5.48114
-5.47953
-5.47888
-5.47856
-5.47985
-5.47694
-5.47855
-5.47888
-5.4792
-5.47758
-5.47726
-5.47823
-5.47759
-5.47953
-5.47921
-5.47953
-5.48147
-5.48212
-5.4805
-5.47888
-5.47791
-5.47791
-5.47662
-5.47856
-5.47889
-5.47954
-5.48084
-5.4818
-5.48277
-5.48471
-5.48374
-5.48471
-5.48568
-5.48504
-5.48407
-5.4831
-5.4805
-5.48083
-5.48245
-5.48342
-5.48342
-5.48277
-5.48245
-5.48212
-5.48147
-5.48406
-5.48341
-5.48277
-5.48309
-5.48439
-5.48536
-5.48374
-5.48406
-5.48341
-5.48309
-5.48115
-5.4818
-5.48245
-5.48181
-5.48278
-5.4831
-5.48343
-5.47986
-5.48051
-5.4818
-5.48212
-5.48277
-5.48212
-5.48147
-5.48147
-5.48148
-5.4818
-5.48278
-5.48537
-5.4831
-5.48407
-5.48504
-5.48472
-5.48407
-5.48342
-5.4818
-5.48083
-5.48245
-5.48083
