0.793591
0.771664
0.735023
0.684817
0.62285
0.551887
0.47574
0.399174
0.3276
0.26639
0.21999
0.191083
0.180096
0.185261
0.203167
0.229574
0.260219
0.291388
0.320229
0.344826
0.364146
0.377894
0.386354
0.3902
0.390409
0.388079
0.384334
0.380247
0.376784
0.374673
0.374395
0.37617
0.379959
0.385542
0.392473
0.40027
0.408435
0.416505
0.42409
0.430852
0.436557
0.440984
0.443929
0.445242
0.444771
0.442432
0.438215
0.432313
0.425166
0.417447
0.41002
0.403799
0.399628
0.398176
0.399768
0.404319
0.411326
0.420039
0.429499
0.438713
0.446758
0.452924
0.456714
0.457878
0.456391
0.452503
0.44666
0.439486
0.431649
0.423769
0.416293
0.409431
0.40323
0.397621
0.392587
0.388269
0.384999
0.383229
0.383357
0.385461
0.389191
0.393785
0.398359
0.402279
0.405329
0.407655
0.409586
0.411398
0.413119
0.414556
0.415323
0.415056
0.413526
0.410694
0.406765
0.402046
0.396901
0.391643
0.386589
0.382022
0.790465
0.772243
0.747048
0.716933
0.684332
0.651847
0.621826
0.596145
0.575967
0.561778
0.553567
0.550959
0.553287
0.559609
0.568692
0.579137
0.589584
0.598872
0.606079
0.610637
0.612408
0.61162
0.60895
0.605364
0.601962
0.599818
0.599673
0.601858
0.606261
0.612324
0.619128
0.6256
0.630833
0.634426
0.636677
0.63846
0.640871
0.64477
0.650328
0.656882
0.663035
0.667124
0.667723
0.664092
0.65638
0.645517
0.632982
0.620379
0.608961
0.599434
0.591842
0.585771
0.580709
0.576286
0.572446
0.569506
0.568079
0.568822
0.572207
0.578466
0.587468
0.598875
0.612183
0.626713
0.641691
0.656295
0.669781
0.681544
0.691216
0.698688
0.704049
0.707448
0.70908
0.709047
0.707354
0.703907
0.698487
0.690751
0.680319
0.666903
0.650497
0.631625
0.611386
0.59143
0.573555
0.559373
0.549802
0.544837
0.543704
0.545326
0.548804
0.553634
0.559644
0.566725
0.574617
0.582907
0.591111
0.598795
0.605641
0.61155
0.803391
0.802069
0.797315
0.791101
0.785423
0.781988
0.78187
0.785379
0.791791
0.799695
0.807188
0.812254
0.813287
0.809297
0.800162
0.786376
0.768916
0.748948
0.727805
0.706874
0.687654
0.671577
0.659911
0.65344
0.652298
0.655855
0.662977
0.672487
0.683567
0.695809
0.709053
0.723006
0.736859
0.749365
0.759138
0.76498
0.766218
0.762711
0.754824
0.743218
0.728821
0.712851
0.696903
0.682916
0.672968
0.668835
0.671483
0.680776
0.695588
0.714042
0.733863
0.752702
0.768439
0.779344
0.784342
0.783104
0.776047
0.764285
0.74945
0.733421
0.718073
0.704981
0.695287
0.689656
0.688401
0.691462
0.698521
0.708946
0.721743
0.735529
0.748676
0.759575
0.766828
0.769411
0.766792
0.758998
0.746676
0.73114
0.714291
0.698436
0.685854
0.678233
0.676197
0.679148
0.68557
0.693412
0.70068
0.70579
0.707829
0.706719
0.703119
0.698317
0.693918
0.691458
0.691991
0.695818
0.702503
0.711093
0.720447
0.729648
0.807743
0.813656
0.817606
0.819803
0.820096
0.818115
0.81361
0.806895
0.79888
0.790671
0.783114
0.776509
0.770493
0.764342
0.757507
0.750006
0.742574
0.736311
0.732075
0.730018
0.729649
0.730435
0.732296
0.735634
0.740878
0.747979
0.756303
0.764817
0.772504
0.778672
0.782956
0.785127
0.784966
0.782262
0.776938
0.769204
0.759917
0.750676
0.743587
0.7407
0.743316
0.751503
0.764064
0.778969
0.793844
0.806545
0.815422
0.819536
0.818785
0.813905
0.806155
0.796881
0.787045
0.777045
0.766755
0.755829
0.744094
0.731839
0.71986
0.709381
0.701697
0.697766
0.697796
0.701136
0.706615
0.713161
0.720275
0.728089
0.73716
0.74803
0.760921
0.775279
0.789928
0.803524
0.815243
0.825054
0.833195
0.839542
0.843362
0.843728
0.839876
0.831427
0.818418
0.801279
0.780873
0.758634
0.736524
0.716798
0.701591
0.69245
0.689931
0.693521
0.7019
0.71329
0.725993
0.738557
0.749926
0.759487
0.767132
0.773114
0.804039
0.806965
0.809077
0.811038
0.813497
0.817085
0.822135
0.828444
0.835145
0.841062
0.844906
0.845488
0.841904
0.833523
0.820161
0.80229
0.781321
0.759438
0.739232
0.72303
0.712263
0.707197
0.707115
0.710909
0.7174
0.725603
0.734671
0.743804
0.752226
0.759278
0.764672
0.768658
0.77213
0.776389
0.78257
0.791018
0.800973
0.810825
0.818676
0.822963
0.822734
0.817679
0.808184
0.795112
0.779727
0.763525
0.74826
0.735728
0.727207
0.722985
0.722284
0.723724
0.726048
0.728646
0.731571
0.735346
0.740603
0.747831
0.757221
0.768697
0.782026
0.796884
0.812806
0.829049
0.844582
0.858137
0.868398
0.874252
0.874948
0.870221
0.860424
0.846423
0.829458
0.810903
0.792052
0.774052
0.75789
0.744391
0.733989
0.726639
0.721913
0.719271
0.71806
0.71763
0.717562
0.717843
0.718977
0.721621
0.726253
0.732757
0.740309
0.747681
0.753704
0.757757
0.759923
0.760934
0.761809
0.763252
0.765303
0.76724
0.800051
0.796969
0.790403
0.780954
0.769908
0.758896
0.749616
0.743664
0.742681
0.748217
0.761206
0.781262
0.806455
0.833708
0.859632
0.881216
0.896285
0.903671
0.90314
0.895216
0.880912
0.861531
0.838491
0.813382
0.787933
0.763905
0.743003
0.726598
0.715742
0.710911
0.712026
0.718675
0.730217
0.745844
0.764397
0.784344
0.803926
0.821257
0.8345
0.842185
0.843499
0.838332
0.827572
0.812906
0.796642
0.781313
0.769201
0.761967
0.760342
0.764216
0.77295
0.785667
0.801437
0.818949
0.836281
0.851
0.860852
0.864391
0.861444
0.853098
0.841349
0.828568
0.817076
0.808726
0.804451
0.804098
0.806518
0.809983
0.812738
0.813442
0.811419
0.806783
0.800176
0.792519
0.784713
0.77754
0.771396
0.766247
0.761734
0.757789
0.755451
0.757427
0.766889
0.784996
0.80934
0.835331
0.858657
0.876726
0.888412
0.893454
0.892317
0.886184
0.876889
0.866622
0.857312
0.850104
0.844859
0.840432
0.83547
0.828947
0.792088
0.782944
0.773438
0.763957
0.75462
0.745382
0.735991
0.726263
0.716176
0.70576
0.695047
0.684171
0.673425
0.663434
0.655176
0.650027
0.649485
0.654724
0.666206
0.683521
0.705402
0.730001
0.755349
0.779692
0.801807
0.820907
0.836103
0.846216
0.850216
0.847993
0.840668
0.830291
0.819136
0.809033
0.801027
0.795384
0.791928
0.790257
0.789848
0.790223
0.790987
0.79177
0.792265
0.792232
0.791665
0.790881
0.790583
0.791667
0.794924
0.800759
0.808946
0.818496
0.827876
0.83538
0.839594
0.839909
0.836614
0.830786
0.823903
0.817375
0.812054
0.808154
0.805373
0.803017
0.800279
0.796469
0.791008
0.783466
0.773695
0.761796
0.748216
0.733833
0.719956
0.708226
0.700318
0.697473
0.700129
0.707832
0.719343
0.733002
0.74726
0.761022
0.773557
0.784494
0.793599
0.800707
0.805543
0.807747
0.80684
0.802524
0.794979
0.784998
0.774008
0.763801
0.756116
0.752286
0.75291
0.757773
0.765945
0.776147
0.81015
0.819761
0.827672
0.833629
0.837571
0.839418
0.839076
0.836405
0.831392
0.824324
0.815922
0.807238
0.799564
0.794019
0.791252
0.791097
0.792724
0.794858
0.79619
0.795773
0.793114
0.788388
0.782483
0.776744
0.772278
0.769414
0.767601
0.765728
0.762797
0.758459
0.753299
0.74876
0.74645
0.747615
0.752955
0.762746
0.776964
0.795077
0.815767
0.836895
0.855734
0.869669
0.877016
0.877558
0.872577
0.864368
0.855192
0.846414
0.838339
0.830604
0.822623
0.813902
0.804268
0.793971
0.783515
0.773364
0.763718
0.754401
0.745172
0.736029
0.727467
0.720381
0.715813
0.714618
0.717312
0.724061
0.734754
0.749083
0.766518
0.786257
0.807146
0.827703
0.846144
0.860663
0.869703
0.872288
0.868237
0.858201
0.84344
0.825679
0.807093
0.790403
0.778501
0.773667
0.776661
0.786359
0.800065
0.814579
0.827182
0.836251
0.84129
0.842557
0.840525
0.835678
0.828514
0.819649
0.810012
0.800797
0.793065
0.787452
