1.19039
1.1575
1.10253
1.02723
0.934275
0.827831
0.71361
0.598761
0.491401
0.399585
0.329985
0.286625
0.270145
0.277891
0.304751
0.344361
0.390328
0.437082
0.480344
0.51724
0.546219
0.566841
0.579531
0.5853
0.585613
0.582118
0.576501
0.570371
0.565175
0.562009
0.561593
0.564255
0.569938
0.578313
0.588709
0.600405
0.612652
0.624758
0.636136
0.646278
0.654835
0.661476
0.665893
0.667863
0.667157
0.663648
0.657322
0.648469
0.637748
0.626171
0.61503
0.605698
0.599443
0.597264
0.599652
0.606478
0.61699
0.630058
0.644248
0.658069
0.670137
0.679387
0.68507
0.686816
0.684587
0.678754
0.66999
0.659229
0.647473
0.635654
0.624439
0.614147
0.604845
0.596432
0.588881
0.582404
0.577498
0.574844
0.575035
0.578192
0.583787
0.590677
0.597538
0.603419
0.607993
0.611483
0.614379
0.617098
0.619679
0.621834
0.622985
0.622584
0.620288
0.616042
0.610147
0.60307
0.595352
0.587464
0.579884
0.573032
1.1857
1.15836
1.12057
1.0754
1.0265
0.97777
0.932739
0.894218
0.86395
0.842666
0.83035
0.826438
0.829931
0.839414
0.853039
0.868705
0.884377
0.898308
0.909119
0.915955
0.918612
0.917431
0.913425
0.908046
0.902943
0.899727
0.899509
0.902787
0.909392
0.918485
0.928692
0.9384
0.94625
0.951639
0.955015
0.95769
0.961307
0.967155
0.975492
0.985323
0.994552
1.00069
1.00158
0.996138
0.98457
0.968276
0.949473
0.930568
0.913442
0.899152
0.887763
0.878656
0.871064
0.864429
0.858669
0.854259
0.852118
0.853233
0.858311
0.867699
0.881201
0.898312
0.918275
0.94007
0.962537
0.984443
1.00467
1.02232
1.03682
1.04803
1.05607
1.06117
1.06362
1.06357
1.06103
1.05586
1.04773
1.03613
1.02048
1.00036
0.975745
0.947437
0.917078
0.887145
0.860332
0.839059
0.824703
0.817256
0.815556
0.817989
0.823206
0.830452
0.839465
0.850087
0.861926
0.874361
0.886666
0.898193
0.908461
0.917324
1.20509
1.2031
1.19597
1.18665
1.17814
1.17298
1.1728
1.17807
1.18769
1.19954
1.21078
1.21838
1.21993
1.21395
1.20024
1.17956
1.15337
1.12342
1.09171
1.06031
1.03148
1.00737
0.989867
0.980161
0.978447
0.983783
0.994465
1.00873
1.02535
1.04371
1.06358
1.08451
1.10529
1.12405
1.13871
1.14747
1.14933
1.14407
1.13224
1.11483
1.09323
1.06928
1.04536
1.02437
1.00945
1.00325
1.00722
1.02116
1.04338
1.07106
1.10079
1.12905
1.15266
1.16902
1.17651
1.17466
1.16407
1.14643
1.12418
1.10013
1.07711
1.05747
1.04293
1.03448
1.0326
1.03719
1.04778
1.06342
1.08261
1.10329
1.12301
1.13936
1.15024
1.15412
1.15019
1.1385
1.12001
1.09671
1.07144
1.04765
1.02878
1.01735
1.0143
1.01872
1.02835
1.04012
1.05102
1.05869
1.06174
1.06008
1.05468
1.04748
1.04088
1.03719
1.03799
1.04373
1.05375
1.06664
1.08067
1.09447
1.21162
1.22048
1.22641
1.2297
1.23014
1.22717
1.22041
1.21034
1.19832
1.18601
1.17467
1.16476
1.15574
1.14651
1.13626
1.12501
1.11386
1.10447
1.09811
1.09503
1.09447
1.09565
1.09844
1.10345
1.11132
1.12197
1.13445
1.14723
1.15876
1.16801
1.17443
1.17769
1.17745
1.17339
1.16541
1.15381
1.13988
1.12601
1.11538
1.11105
1.11497
1.12725
1.1461
1.16845
1.19077
1.20982
1.22313
1.2293
1.22818
1.22086
1.20923
1.19532
1.18057
1.16557
1.15013
1.13374
1.11614
1.09776
1.07979
1.06407
1.05254
1.04665
1.04669
1.0517
1.05992
1.06974
1.08041
1.09213
1.10574
1.12205
1.14138
1.16292
1.18489
1.20529
1.22286
1.23758
1.24979
1.25931
1.26504
1.26559
1.25981
1.24714
1.22763
1.20192
1.17131
1.13795
1.10479
1.0752
1.05239
1.03867
1.0349
1.04028
1.05285
1.06994
1.08899
1.10784
1.12489
1.13923
1.1507
1.15967
1.20606
1.21045
1.21362
1.21656
1.22025
1.22563
1.2332
1.24267
1.25272
1.26159
1.26736
1.26823
1.26286
1.25028
1.23024
1.20343
1.17198
1.13916
1.10885
1.08455
1.06839
1.0608
1.06067
1.06636
1.0761
1.08841
1.10201
1.11571
1.12834
1.13892
1.14701
1.15299
1.15819
1.16458
1.17385
1.18653
1.20146
1.21624
1.22801
1.23444
1.2341
1.22652
1.21228
1.19267
1.16959
1.14529
1.12239
1.10359
1.09081
1.08448
1.08343
1.08559
1.08907
1.09297
1.09736
1.10302
1.1109
1.12175
1.13583
1.15305
1.17304
1.19533
1.21921
1.24357
1.26687
1.2872
1.3026
1.31138
1.31242
1.30533
1.29064
1.26963
1.24419
1.21635
1.18808
1.16108
1.13683
1.11659
1.10098
1.08996
1.08287
1.07891
1.07709
1.07644
1.07634
1.07677
1.07847
1.08243
1.08938
1.09914
1.11046
1.12152
1.13056
1.13663
1.13988
1.1414
1.14271
1.14488
1.14796
1.15086
1.20008
1.19545
1.1856
1.17143
1.15486
1.13834
1.12442
1.1155
1.11402
1.12233
1.14181
1.17189
1.20968
1.25056
1.28945
1.32182
1.34443
1.35551
1.35471
1.34282
1.32137
1.2923
1.25774
1.22007
1.1819
1.14586
1.1145
1.0899
1.07361
1.06637
1.06804
1.07801
1.09533
1.11877
1.1466
1.17652
1.20589
1.23189
1.25175
1.26328
1.26525
1.2575
1.24136
1.21936
1.19496
1.17197
1.1538
1.14295
1.14051
1.14632
1.15943
1.1785
1.20216
1.22842
1.25442
1.2765
1.29128
1.29659
1.29217
1.27965
1.26202
1.24285
1.22561
1.21309
1.20668
1.20615
1.20978
1.21497
1.21911
1.22016
1.21713
1.21017
1.20026
1.18878
1.17707
1.16631
1.15709
1.14937
1.1426
1.13668
1.13318
1.13614
1.15033
1.17749
1.21401
1.253
1.28799
1.31509
1.33262
1.34018
1.33848
1.32928
1.31533
1.29993
1.28597
1.27516
1.26729
1.26065
1.25321
1.24342
1.18813
1.17442
1.16016
1.14594
1.13193
1.11807
1.10399
1.08939
1.07426
1.05864
1.04257
1.02626
1.01014
0.995152
0.982764
0.975041
0.974227
0.982085
0.999309
1.02528
1.0581
1.095
1.13302
1.16954
1.20271
1.23136
1.25415
1.26932
1.27532
1.27199
1.261
1.24544
1.2287
1.21355
1.20154
1.19308
1.18789
1.18539
1.18477
1.18533
1.18648
1.18766
1.1884
1.18835
1.1875
1.18632
1.18587
1.1875
1.19239
1.20114
1.21342
1.22774
1.24181
1.25307
1.25939
1.25986
1.25492
1.24618
1.23586
1.22606
1.21808
1.21223
1.20806
1.20453
1.20042
1.1947
1.18651
1.1752
1.16054
1.14269
1.12232
1.10075
1.07993
1.06234
1.05048
1.04621
1.05019
1.06175
1.07901
1.0995
1.12089
1.14153
1.16034
1.17674
1.1904
1.20106
1.20831
1.21162
1.21026
1.20379
1.19247
1.1775
1.16101
1.1457
1.13417
1.12843
1.12937
1.13666
1.14892
1.16422
1.21523
1.22964
1.24151
1.25044
1.25636
1.25913
1.25861
1.25461
1.24709
1.23649
1.22388
1.21086
1.19935
1.19103
1.18688
1.18665
1.18909
1.19229
1.19428
1.19366
1.18967
1.18258
1.17372
1.16512
1.15842
1.15412
1.1514
1.14859
1.1442
1.13769
1.12995
1.12314
1.11968
1.12142
1.12943
1.14412
1.16545
1.19262
1.22365
1.25534
1.2836
1.3045
1.31552
1.31634
1.30887
1.29655
1.28279
1.26962
1.25751
1.24591
1.23394
1.22085
1.2064
1.19096
1.17527
1.16005
1.14558
1.1316
1.11776
1.10404
1.0912
1.08057
1.07372
1.07193
1.07597
1.08609
1.10213
1.12362
1.14978
1.17938
1.21072
1.24155
1.26922
1.29099
1.30456
1.30843
1.30236
1.2873
1.26516
1.23852
1.21064
1.18561
1.16775
1.1605
1.16499
1.17954
1.2001
1.22187
1.24077
1.25438
1.26193
1.26384
1.26079
1.25352
1.24277
1.22947
1.21502
1.2012
1.1896
1.18118
