-7.84084
-7.80504
-7.73227
-7.6466
-7.54361
-7.42712
-7.30675
-7.18833
-7.0787
-6.98526
-6.91274
-6.86841
-6.85064
-6.85677
-6.88428
-6.92422
-6.96986
-7.015
-7.05891
-7.09581
-7.12285
-7.14314
-7.15875
-7.16549
-7.16547
-7.16036
-7.15442
-7.14926
-7.14633
-7.14446
-7.14566
-7.14768
-7.15336
-7.16044
-7.16922
-7.18091
-7.19349
-7.20624
-7.21665
-7.22614
-7.23567
-7.24231
-7.24835
-7.25323
-7.25253
-7.24934
-7.24269
-7.23384
-7.22376
-7.21283
-7.20105
-7.18912
-7.18319
-7.17972
-7.18405
-7.19217
-7.20495
-7.2151
-7.23027
-7.24441
-7.25616
-7.26702
-7.27044
-7.27122
-7.26866
-7.2651
-7.25503
-7.24298
-7.2309
-7.21778
-7.20786
-7.19595
-7.18665
-7.17921
-7.17166
-7.16389
-7.15898
-7.15568
-7.15587
-7.16065
-7.16592
-7.17281
-7.18226
-7.18588
-7.19207
-7.19588
-7.19781
-7.20085
-7.2044
-7.20462
-7.20739
-7.20634
-7.20372
-7.19721
-7.19261
-7.18521
-7.17619
-7.1709
-7.16234
-7.15776
-7.13977
-7.11114
-7.07302
-7.0259
-6.97506
-6.92471
-6.8787
-6.83986
-6.81154
-6.78896
-6.77534
-6.77273
-6.77719
-6.78473
-6.79998
-6.81597
-6.83326
-6.84784
-6.85865
-6.86581
-6.86944
-6.86697
-6.86587
-6.85823
-6.85474
-6.84958
-6.85001
-6.85297
-6.85763
-6.86737
-6.87758
-6.88664
-6.89514
-6.9002
-6.90423
-6.9069
-6.90857
-6.91345
-6.92341
-6.93356
-6.94279
-6.94926
-6.95048
-6.94503
-6.93379
-6.91782
-6.89934
-6.88011
-6.86169
-6.84707
-6.83471
-6.82431
-6.81575
-6.80944
-6.80238
-6.79668
-6.79324
-6.79338
-6.79878
-6.80914
-6.82394
-6.83943
-6.86102
-6.88346
-6.90528
-6.92816
-6.94871
-6.96635
-6.98054
-6.99175
-7.00012
-7.01072
-7.01317
-7.01182
-7.00799
-7.00444
-6.99631
-6.98471
-6.97003
-6.95056
-6.92821
-6.90088
-6.86955
-6.83767
-6.81085
-6.78958
-6.77328
-6.76584
-6.76543
-6.76851
-6.77373
-6.78033
-6.79096
-6.80126
-6.81342
-6.82586
-6.83752
-6.84969
-6.85996
-6.86914
-6.87253
-6.87022
-6.86276
-6.85215
-6.84492
-6.83815
-6.83894
-6.8455
-6.8548
-6.86568
-6.87693
-6.88355
-6.88543
-6.87977
-6.86639
-6.84733
-6.82146
-6.78989
-6.75623
-6.7245
-6.69567
-6.67124
-6.65374
-6.645
-6.64264
-6.64862
-6.65931
-6.67357
-6.69051
-6.7092
-6.72712
-6.75064
-6.77045
-6.78954
-6.80485
-6.8107
-6.81385
-6.80762
-6.79579
-6.77805
-6.75645
-6.73412
-6.71019
-6.68889
-6.67396
-6.66744
-6.67206
-6.686
-6.70822
-6.73752
-6.76726
-6.79519
-6.8188
-6.83613
-6.84233
-6.8395
-6.83021
-6.81062
-6.78966
-6.76562
-6.74098
-6.72134
-6.70712
-6.6977
-6.69614
-6.69912
-6.71133
-6.72858
-6.74875
-6.76976
-6.79174
-6.80939
-6.81897
-6.8222
-6.81763
-6.80561
-6.78551
-6.75993
-6.73725
-6.71314
-6.69653
-6.68316
-6.67978
-6.68518
-6.69416
-6.70658
-6.71618
-6.72644
-6.72917
-6.72848
-6.72243
-6.71522
-6.71057
-6.70688
-6.70768
-6.71277
-6.71956
-6.73503
-6.74842
-6.76319
-6.77554
-6.78408
-6.78936
-6.79168
-6.7918
-6.78688
-6.78077
-6.76973
-6.75706
-6.74313
-6.73179
-6.72026
-6.71124
-6.69878
-6.69144
-6.6831
-6.6726
-6.66288
-6.65879
-6.65312
-6.65418
-6.65698
-6.65945
-6.66251
-6.67038
-6.68071
-6.69449
-6.70726
-6.71944
-6.72901
-6.73544
-6.73869
-6.73845
-6.73634
-6.72836
-6.71837
-6.70347
-6.68896
-6.67962
-6.6727
-6.67597
-6.68826
-6.70645
-6.72687
-6.75048
-6.76856
-6.7835
-6.78967
-6.78855
-6.78122
-6.76733
-6.7505
-6.73769
-6.72302
-6.70856
-6.69152
-6.67424
-6.6578
-6.64048
-6.6254
-6.61193
-6.60539
-6.6077
-6.61174
-6.61899
-6.62881
-6.63851
-6.6512
-6.66448
-6.68338
-6.70206
-6.7236
-6.74655
-6.76726
-6.78646
-6.80377
-6.81566
-6.82421
-6.82994
-6.83049
-6.82536
-6.81204
-6.79058
-6.76228
-6.73167
-6.69864
-6.66515
-6.63491
-6.61242
-6.59806
-6.5959
-6.60226
-6.61418
-6.63159
-6.65
-6.66982
-6.68623
-6.70089
-6.71365
-6.72068
-6.72954
-6.73263
-6.73904
-6.74036
-6.74437
-6.7491
-6.75765
-6.7655
-6.77328
-6.78086
-6.78728
-6.78621
-6.7831
-6.7715
-6.75048
-6.724
-6.69384
-6.66069
-6.63102
-6.60963
-6.59251
-6.58556
-6.58382
-6.59113
-6.59957
-6.61091
-6.62451
-6.63853
-6.64858
-6.65948
-6.66724
-6.67354
-6.67875
-6.68643
-6.69668
-6.71032
-6.72493
-6.73939
-6.75181
-6.7576
-6.7579
-6.7487
-6.73348
-6.71452
-6.68918
-6.66519
-6.64197
-6.62188
-6.61201
-6.60406
-6.60398
-6.60647
-6.61028
-6.61514
-6.62018
-6.62616
-6.63275
-6.64392
-6.6593
-6.67458
-6.69651
-6.71815
-6.74236
-6.76834
-6.79067
-6.811
-6.82445
-6.83226
-6.83363
-6.8246
-6.80925
-6.7889
-6.76475
-6.73788
-6.70702
-6.67969
-6.65448
-6.6365
-6.62025
-6.61116
-6.60408
-6.60108
-6.59732
-6.597
-6.59755
-6.59959
-6.60355
-6.60687
-6.6135
-6.62293
-6.63361
-6.64402
-6.65468
-6.65816
-6.66206
-6.6639
-6.66748
-6.67029
-6.67304
-6.67466
-6.6738
-6.67144
-6.6603
-6.64612
-6.6289
-6.614
-6.59879
-6.58824
-6.58741
-6.59507
-6.61649
-6.64722
-6.6834
-6.72396
-6.76188
-6.79523
-6.81815
-6.82664
-6.82488
-6.81267
-6.79024
-6.76246
-6.72628
-6.68732
-6.65077
-6.61537
-6.58402
-6.56006
-6.54345
-6.53718
-6.5395
-6.54882
-6.56808
-6.59152
-6.62097
-6.65219
-6.68124
-6.70789
-6.7271
-6.74058
-6.73931
-6.73091
-6.71671
-6.69536
-6.6716
-6.64861
-6.63044
-6.61959
-6.6178
-6.62199
-6.63477
-6.6532
-6.67556
-6.70151
-6.72751
-6.74991
-6.76469
-6.76967
-6.76557
-6.75176
-6.73575
-6.71464
-6.69578
-6.68422
-6.67781
-6.67793
-6.67962
-6.68709
-6.69511
-6.69616
-6.69313
-6.68552
-6.6727
-6.66089
-6.65015
-6.63842
-6.63212
-6.62342
-6.61601
-6.60588
-6.6027
-6.6063
-6.62147
-6.64863
-6.68483
-6.72544
-6.75816
-6.78332
-6.80247
-6.81003
-6.80897
-6.80171
-6.78874
-6.77593
-6.76131
-6.75082
-6.74393
-6.73567
-6.72855
-6.71553
-6.70131
-6.68889
-6.67301
-6.65943
-6.64511
-6.63125
-6.61684
-6.60257
-6.58971
-6.57311
-6.55802
-6.54138
-6.52461
-6.508
-6.49594
-6.48918
-6.48869
-6.49752
-6.51475
-6.54266
-6.57678
-6.61336
-6.64912
-6.68725
-6.71978
-6.74778
-6.77122
-6.78639
-6.79207
-6.78776
-6.77806
-6.76282
-6.74544
-6.72866
-6.71666
-6.71013
-6.7043
-6.70018
-6.69924
-6.69819
-6.69998
-6.70245
-6.7019
-6.70153
-6.70165
-6.70306
-6.70132
-6.7036
-6.70848
-6.71659
-6.72919
-6.74319
-6.75791
-6.77014
-6.77549
-6.77726
-6.77134
-6.76098
-6.75065
-6.73892
-6.73029
-6.72347
-6.72059
-6.71835
-6.71393
-6.70854
-6.70132
-6.68903
-6.67405
-6.65555
-6.63713
-6.61393
-6.59214
-6.57552
-6.5643
-6.56165
-6.56467
-6.5746
-6.59252
-6.61366
-6.63504
-6.65633
-6.67578
-6.69251
-6.7052
-6.71683
-6.72441
-6.72836
-6.72765
-6.72215
-6.70954
-6.69456
-6.6771
-6.66341
-6.65091
-6.64549
-6.64513
-6.6521
-6.66339
-6.67804
-6.69669
-6.70917
-6.72071
-6.73062
-6.73847
-6.7406
-6.74105
-6.7364
-6.72823
-6.71634
-6.70244
-6.68844
-6.6766
-6.67152
-6.66867
-6.66811
-6.67023
-6.67181
-6.67316
-6.67222
-6.66952
-6.65952
-6.65228
-6.64399
-6.63762
-6.6317
-6.62866
-6.62683
-6.62178
-6.61722
-6.60915
-6.60267
-6.60114
-6.60354
-6.60993
-6.623
-6.64335
-6.67052
-6.70027
-6.7339
-6.76249
-6.78404
-6.79636
-6.79814
-6.79164
-6.78127
-6.76653
-6.75433
-6.74319
-6.73094
-6.718
-6.70395
-6.68691
-6.67179
-6.65772
-6.64346
-6.62899
-6.61437
-6.6002
-6.58616
-6.57267
-6.56463
-6.55713
-6.55469
-6.55906
-6.57048
-6.58749
-6.60736
-6.63384
-6.6628
-6.69381
-6.72271
-6.75102
-6.77345
-6.78636
-6.79121
-6.78546
-6.77073
-6.74502
-6.71903
-6.69244
-6.66773
-6.65052
-6.64262
-6.64646
-6.66101
-6.68157
-6.70367
-6.72355
-6.73975
-6.74504
-6.74791
-6.74583
-6.73823
-6.72684
-6.7129
-6.69682
-6.68203
-6.67205
-6.66201
