0.4349
0.403665
0.362448
0.448905
0.223185
0.37472
0.362716
0.530714
0.266425
0.405608
0.177006
0.299435
0.359785
0.148657
0.137413
0.474069
0.340028
0.608642
0.496511
0.493042
0.370434
0.491765
0.570782
0.196666
0.580208
0.345576
0.24205
0.373215
0.322306
0.202752
0.233139
0.277881
0.297962
0.451449
0.315996
0.442398
0.468598
0.212498
0.37451
0.155303
0.263715
0.386621
0.176469
0.385511
0.317524
0.285567
0.426091
0.664074
0.401589
0.28078
0.378934
0.165531
0.468191
0.219238
0.191304
0.206653
0.387175
0.761317
0.302302
0.39521
0.486662
0.407591
0.596509
0.566808
0.459564
0.297765
0.330668
0.439264
0.213901
0.275576
0.483557
0.382589
0.357488
0.247921
0.495217
0.432648
0.267307
0.492816
0.706632
0.466914
0.367238
0.321799
0.519317
0.615116
0.337693
0.596232
0.239962
0.444425
0.418484
0.501884
0.341583
0.860726
0.201002
0.317359
0.339939
0.203799
0.389277
0.335837
0.395686
0.459286
0.0905702
0.386398
0.479406
0.233422
0.313
0.499639
0.314962
0.161319
0.439263
0.383335
0.327476
0.19503
0.269974
0.604917
0.45973
0.379177
0.527687
0.275724
0.410737
0.264693
0.198578
0.232056
0.362265
0.292516
0.26506
0.354023
0.44693
0.535234
0.461379
0.292304
0.397472
0.304286
0.383772
0.24482
0.467009
0.360222
0.368283
0.311935
0.250471
0.252422
0.340312
0.342534
0.535295
0.250293
0.228044
0.480643
0.275245
0.256717
0.532052
0.380181
0.230779
0.351708
0.232044
0.514222
0.300904
0.356884
0.182948
0.151215
0.245673
0.370841
0.37829
0.380847
0.641245
0.434719
0.553654
0.283112
0.356356
0.391883
0.313197
0.293879
0.376164
0.286955
0.32023
0.296394
0.271962
0.123484
0.506126
0.100812
0.456886
0.330703
0.215588
0.491868
0.3255
0.395077
0.479211
0.251489
0.499454
0.324959
0.438257
0.411906
0.591709
0.174783
0.430728
0.287526
0.408682
0.568945
0.55533
0.330818
0.258977
0.259588
0.277777
0.215135
0.399424
0.135267
0.529808
0.444586
0.395632
0.557012
0.312846
0.516856
0.236914
0.403536
0.435072
0.41873
0.257567
0.338096
0.428995
0.280336
0.464716
0.379373
0.560889
0.149089
0.363441
0.385658
0.43915
0.570296
0.259206
0.367151
0.327085
0.196427
0.283937
0.407374
0.135579
0.274344
0.420583
0.256283
0.251353
0.237165
0.265181
0.104334
0.538531
0.354512
0.533805
0.487268
0.249594
0.345939
0.408471
0.470069
0.348192
0.437312
0.418009
0.35878
0.450187
0.378413
0.332961
0.387559
0.180826
0.222735
0.485913
0.358449
0.400714
0.368534
0.266379
0.296697
0.382374
0.208286
0.457896
0.395889
0.348412
0.34381
0.436293
0.404172
0.475213
0.386095
0.342478
0.288049
0.577913
0.329071
0.470959
0.51555
0.266352
0.420405
0.200173
0.440714
0.394993
0.421944
0.520774
0.361632
0.31569
0.557496
0.295477
0.410055
0.291411
0.159783
0.231126
0.482423
0.137917
0.360299
0.345913
0.253085
0.627434
0.498579
0.317112
0.472467
0.417752
0.483516
0.325071
0.292302
0.548217
0.428501
0.571141
0.347401
0.287147
0.41506
0.45719
0.343914
0.725439
0.278313
0.152665
0.416931
0.37391
0.444137
0.299687
0.357969
0.454085
0.284391
0.536833
0.330099
0.429062
0.396154
0.627097
0.486306
0.37441
0.421602
0.231265
0.107643
0.409113
0.341331
0.487041
0.491603
0.728404
0.393792
0.31477
0.267638
0.574458
0.263235
0.295199
0.201286
0.325654
0.269533
0.199
0.288332
0.466018
0.445576
0.226533
0.506484
0.27128
0.0926216
0.245257
0.447249
0.0928706
0.403753
0.551561
0.347422
0.256308
0.189561
0.321343
0.434133
0.580635
0.288653
0.38644
0.253311
0.391122
0.307918
0.636084
0.400056
0.318633
0.266111
0.308104
0.410015
0.375145
0.403774
0.167755
0.392237
0.409846
0.422141
0.264621
0.604472
0.306517
0.296458
0.467861
0.462145
0.565684
0.262026
0.438604
0.46809
0.319267
0.350705
0.299364
0.380222
0.198312
0.225463
0.45934
0.13221
0.359358
0.316579
0.236506
0.365914
0.420644
0.322005
0.370404
0.382981
0.330276
0.460121
0.461333
0.201674
0.348439
0.451343
0.620677
0.319165
0.505457
0.412325
0.275361
0.340374
0.413061
0.24777
0.271899
0.366307
0.347832
0.217933
0.43343
0.357618
0.0690916
0.530603
0.253943
0.47167
0.643525
0.428962
0.198714
0.363543
0.278943
0.269729
0.328409
0.220401
0.268386
0.456161
0.606374
0.351867
0.364492
0.345993
0.313807
0.452885
0.46484
0.448438
0.467555
0.136707
0.247754
0.327282
0.392344
0.257374
0.480401
0.417017
0.419057
0.241084
0.367788
0.394317
0.352698
0.376904
0.234624
0.393815
0.537116
0.350867
0.207994
0.605804
0.237793
0.175282
0.573039
0.347546
0.439848
0.334463
0.504516
0.45206
0.469375
0.420997
0.383538
0.320049
0.42151
0.133536
0.409836
0.493917
0.353071
0.396353
0.491924
0.336779
0.232425
0.483589
0.419061
0.317995
0.271723
0.546221
0.433192
0.31073
0.348543
0.554787
0.421334
0.348221
0.420945
0.346484
0.247063
0.370168
0.215707
0.223055
0.340921
0.367663
0.505074
0.162319
0.513949
0.491655
0.395943
0.416564
0.23777
0.804325
0.274097
0.418214
0.161451
0.303754
0.363725
0.198363
0.190447
0.377643
0.293053
0.310278
0.470768
0.444249
0.440851
0.417823
0.404053
0.633607
0.243491
0.292766
0.174711
0.439382
0.454347
0.30895
0.240726
0.406176
0.440484
0.293521
0.146102
0.507099
0.0799679
0.375159
0.343139
0.299159
0.203426
0.381179
0.479437
0.42423
0.302448
0.335101
0.663954
0.154006
0.34828
0.319011
0.374867
0.313229
0.142796
0.415394
0.532716
0.234709
0.467194
0.313942
0.506706
0.29714
0.507084
0.440139
0.648914
0.372457
0.340796
0.527228
0.626409
0.510748
0.49985
0.300679
0.267131
0.359317
0.273522
0.185364
0.519241
0.404266
0.476958
0.398148
0.246418
0.394612
0.494439
0.454267
0.433906
0.442775
0.452962
0.218906
0.198308
0.379981
0.552563
0.230708
0.470307
0.507823
0.46653
0.363827
0.516774
0.328973
0.348929
0.454264
0.628592
0.324052
0.411333
0.305399
0.487241
0.445609
0.199551
0.210236
0.579903
0.536044
0.465289
0.439355
0.35055
0.4903
0.434268
0.338896
0.200709
0.379056
0.409742
0.356232
0.381461
0.291707
0.397831
0.488958
0.405536
0.443094
0.394096
0.408933
0.292493
0.52766
0.328229
0.383001
0.467608
0.17062
0.286695
0.220378
0.435911
0.306374
0.307864
0.391514
0.497627
0.284487
0.268129
0.376063
0.279782
0.445042
0.307602
0.440774
0.284646
0.230361
0.242767
0.363403
0.572489
0.357178
0.29061
0.407624
0.698725
0.396145
0.31642
0.339391
0.365648
0.349958
0.0711731
0.305893
0.301214
0.352492
0.353562
0.306428
0.234965
0.39457
0.371316
0.428571
0.406578
0.341129
0.396146
0.491677
0.385838
0.438585
0.289565
0.461389
0.326953
0.248057
0.352371
0.496465
0.58207
0.288811
0.374538
0.247406
0.257989
0.249454
0.369869
0.382242
0.259518
0.434239
0.545823
0.384915
0.530067
0.312491
0.108343
0.524023
0.413216
0.203733
0.664906
0.33916
0.417241
0.602703
0.284058
0.505604
0.37232
0.44956
0.611839
0.40258
0.557295
0.394412
0.175368
0.386444
0.313607
0.317654
0.329204
0.259647
0.363491
0.307164
0.118255
0.454642
0.485679
0.296163
0.397844
0.606587
0.412069
0.246391
0.263704
0.40648
0.447757
0.4641
0.34338
0.330169
0.516708
0.392854
0.219959
0.162711
0.323677
0.380053
0.381684
0.259777
0.430225
0.290718
0.119457
0.245051
0.271679
0.343353
0.341327
0.359453
0.29795
0.433433
0.565193
0.126849
0.383626
0.25172
0.245903
0.377975
0.335166
0.412102
0.287863
0.444359
0.419309
0.252538
0.407435
0.149711
0.355598
0.469545
0.263034
0.379048
0.34054
0.366781
0.410537
0.412669
0.366999
0.256168
0.133063
0.313218
0.192091
0.228964
0.631588
0.412358
0.429027
0.311933
0.369541
0.20881
0.417469
0.248894
0.368477
0.558271
0.326833
0.17278
0.442487
0.317862
0.544813
0.6167
0.307473
0.445191
0.466027
0.393624
0.497602
0.451475
0.543242
0.25282
0.47643
0.314295
0.578949
0.250761
0.317794
0.322852
0.454356
0.45495
0.229927
0.281101
0.277028
0.373868
0.511256
0.504007
0.296556
0.285463
0.310047
0.429256
0.474883
0.490342
0.357164
0.375621
0.153702
0.334202
0.47235
0.199508
0.228196
0.470504
0.145345
0.665651
0.350693
0.0590956
0.337974
0.356256
0.485925
0.526593
0.221878
0.239261
0.195862
0.346619
0.317117
0.240764
0.302964
0.241634
0.356189
0.411887
0.645592
0.296687
0.398791
0.266571
0.310695
0.214162
0.30099
0.460934
0.354032
0.445788
0.319077
0.296802
0.401399
0.47291
0.204958
0.202975
0.732815
0.204043
0.295617
0.618513
0.425841
0.412198
0.387429
0.381759
0.341615
0.539125
0.382327
0.420764
0.254059
0.481774
0.492595
0.374615
0.36642
0.241696
0.363634
0.235772
0.526653
0.313616
0.2786
0.466644
0.659115
0.415951
0.59542
0.221363
0.507062
0.329697
0.483445
0.423843
0.470641
0.3118
0.253242
0.269297
0.239381
0.502364
0.397462
0.306078
0.35681
0.136264
0.367998
0.369243
0.266
0.360182
0.259641
0.329945
0.456708
0.328192
0.246511
0.56221
0.349425
0.260477
0.304345
0.423287
0.346874
0.418776
0.466158
0.252918
0.32566
0.396706
0.41809
0.262469
0.270159
0.391139
0.284502
0.316368
0.424765
0.298029
0.199568
0.335142
0.493563
0.456926
0.310462
0.174322
0.407518
0.282134
0.341184
0.381804
0.537284
0.412056
0.49733
0.413305
0.448985
0.325997
0.335115
0.491671
0.461337
0.312476
0.396846
0.222906
0.26249
0.400099
0.279351
0.443561
0.220904
0.32293
0.427712
0.489023
0.58387
0.499997
0.320483
0.362374
0.639787
0.605627
0.0108091
0.425638
0.436273
0.389107
0.269552
0.527004
0.509419
0.211044
0.428513
0.424317
0.16245
0.415027
0.364294
0.118583
