-0.378079
-0.343982
-0.392859
-0.397937
-0.450854
-0.545476
-0.3366
-0.59378
-0.204011
-0.544449
-0.44845
-0.485913
-0.540077
-0.351304
-0.509126
-0.469107
-0.481652
-0.314319
-0.318188
-0.401391
-0.31458
-0.224409
-0.28252
-0.308083
-0.445996
-0.325474
-0.512928
-0.485359
-0.465248
-0.535882
-0.354835
-0.492905
-0.305556
-0.454973
-0.412152
-0.427314
-0.266076
-0.362209
-0.329579
-0.435672
-0.368935
-0.382798
-0.39687
-0.315416
-0.312462
-0.337633
-0.548548
-0.432499
-0.322115
-0.429882
-0.280477
-0.575496
-0.408929
-0.383269
-0.387811
-0.231311
-0.457446
-0.541874
-0.355407
-0.422167
-0.294477
-0.45336
-0.391668
-0.464394
-0.35173
-0.231144
-0.370513
-0.46714
-0.399497
-0.250228
-0.509683
-0.382569
-0.419582
-0.460101
-0.268524
-0.324946
-0.550247
-0.41261
-0.49331
-0.384665
-0.449992
-0.443113
-0.416441
-0.413707
-0.414457
-0.340816
-0.358013
-0.458211
-0.227158
-0.424792
-0.290017
-0.35221
-0.425153
-0.271958
-0.501061
-0.475061
-0.418784
-0.390813
-0.313657
-0.356887
-0.431525
-0.469994
-0.439452
-0.360742
-0.470503
-0.456206
-0.371545
-0.319786
-0.330861
-0.368098
-0.413179
-0.451523
-0.468058
-0.263372
-0.496225
-0.534805
-0.468773
-0.460079
-0.489902
-0.414193
-0.286709
-0.326725
-0.409596
-0.564737
-0.556116
-0.45262
-0.473707
-0.189143
-0.360981
-0.498408
-0.398083
-0.402153
-0.396099
-0.379668
-0.402998
-0.553759
-0.446129
-0.504842
-0.390919
-0.421993
-0.370681
-0.39829
-0.533857
-0.490218
-0.264633
-0.411899
-0.57402
-0.438051
-0.311988
-0.323313
-0.332943
-0.471971
-0.384979
-0.451479
-0.386728
-0.442121
-0.358847
-0.569542
-0.485507
-0.482501
-0.36727
-0.38398
-0.382375
-0.446484
-0.53772
-0.539448
-0.395
-0.485593
-0.432287
-0.498204
-0.418458
-0.381508
-0.390619
-0.437773
-0.259482
-0.398057
-0.362612
-0.369833
-0.518461
-0.404833
-0.226169
-0.425407
-0.370677
-0.321736
-0.327834
-0.329036
-0.476634
-0.510744
-0.379604
-0.534461
-0.367278
-0.401856
-0.551443
-0.408701
-0.394231
-0.405735
-0.473282
-0.495866
-0.412789
-0.404658
-0.387138
-0.4675
-0.490689
-0.328629
-0.312413
-0.42448
-0.530331
-0.456877
-0.4488
-0.442404
-0.372448
-0.405017
-0.496835
-0.500294
-0.559515
-0.221914
-0.421146
-0.308035
-0.24932
-0.396475
-0.45153
-0.355104
-0.523532
-0.396048
-0.549063
-0.479575
-0.522506
-0.479595
-0.414907
-0.542301
-0.515482
-0.353731
-0.347574
-0.474951
-0.293093
-0.359669
-0.492258
-0.365863
-0.395391
-0.404637
-0.365376
-0.510838
-0.378148
-0.337435
-0.509288
-0.510043
-0.411024
-0.371323
-0.478819
-0.445494
-0.311179
-0.413258
-0.368909
-0.414029
-0.398128
-0.541232
-0.349873
-0.389264
-0.470645
-0.170974
-0.436345
-0.547271
-0.445665
-0.461788
-0.389374
-0.400927
-0.330708
-0.597171
-0.339256
-0.406929
-0.428685
-0.453646
-0.353605
-0.453995
-0.43237
-0.367619
-0.487666
-0.379618
-0.44861
-0.464348
-0.461737
-0.437966
-0.410928
-0.503373
-0.49088
-0.31676
-0.552202
-0.396496
-0.269366
-0.626042
-0.383469
-0.527951
-0.398779
-0.281354
-0.330642
-0.280788
-0.331389
-0.319325
-0.421251
-0.365624
-0.56657
-0.583034
-0.503474
-0.386349
-0.309527
-0.334227
-0.492821
-0.463173
-0.371221
-0.458679
-0.316842
-0.371006
-0.457778
-0.430163
-0.521486
-0.337507
-0.495622
-0.284776
-0.470968
-0.583262
-0.30572
-0.145388
-0.328368
-0.207224
-0.46696
-0.419254
-0.287875
-0.441395
-0.442544
-0.387776
-0.243075
-0.367526
-0.474872
-0.286026
-0.422708
-0.38946
-0.463801
-0.459686
-0.383566
-0.382122
-0.510741
-0.348923
-0.462062
-0.385891
-0.428452
-0.468097
-0.430846
-0.520912
-0.397481
-0.420158
-0.457849
-0.31221
-0.392063
-0.410273
-0.405558
-0.457675
-0.209176
-0.388345
-0.497634
-0.465073
-0.429687
-0.425749
-0.247116
-0.448628
-0.340081
-0.544841
-0.509131
-0.393543
-0.358797
-0.244807
-0.32501
-0.343025
-0.390294
-0.528246
-0.414537
-0.514998
-0.423867
-0.296357
-0.376451
-0.424843
-0.409485
-0.447197
-0.421949
-0.486615
-0.351762
-0.288331
-0.434336
-0.471999
-0.367286
-0.496911
-0.324514
-0.393308
-0.446038
-0.494525
-0.481994
-0.407362
-0.529517
-0.626853
-0.272269
-0.289899
-0.600631
-0.414598
-0.352992
-0.534672
-0.403384
-0.473576
-0.402289
-0.435301
-0.399504
-0.40355
-0.523961
-0.496191
-0.472518
-0.435286
-0.450869
-0.581806
-0.46265
-0.39137
-0.521103
-0.450815
-0.458421
-0.468013
-0.428401
-0.247593
-0.383769
-0.34998
-0.492078
-0.557813
-0.337224
-0.345745
-0.330031
-0.347156
-0.43692
-0.57891
-0.331368
-0.333492
-0.376053
-0.47031
-0.492667
-0.43231
-0.465514
-0.520791
-0.49215
-0.556593
-0.421828
-0.423831
-0.590107
-0.369161
-0.356271
-0.472893
-0.383575
-0.315949
-0.495503
-0.38139
-0.458232
-0.415965
-0.340384
-0.562938
-0.569726
-0.37147
-0.441373
-0.437494
-0.460366
-0.425419
-0.408955
-0.530848
-0.331667
-0.422578
-0.403291
-0.325869
-0.342841
-0.568462
-0.474081
-0.336122
-0.35934
-0.452581
-0.42684
-0.20541
-0.362391
-0.365814
-0.619809
-0.463671
-0.499166
-0.455522
-0.305069
-0.416178
-0.55905
-0.350189
-0.375146
-0.298743
-0.435353
-0.392425
-0.46534
-0.256145
-0.391071
-0.428032
-0.259979
-0.534411
-0.260348
-0.408474
-0.336538
-0.342581
-0.498155
-0.29304
-0.31089
-0.45098
-0.373991
-0.327197
-0.409908
-0.511832
-0.355434
-0.427486
-0.423639
-0.454369
-0.535452
-0.405279
-0.416024
-0.374845
-0.422809
-0.466324
-0.276412
-0.394962
-0.412854
-0.398677
-0.485556
-0.508866
-0.269672
-0.328546
-0.342942
-0.486676
-0.44078
-0.352358
-0.511602
-0.384704
-0.519128
-0.425309
-0.483936
-0.418495
-0.452667
-0.472853
-0.366402
-0.503697
-0.527228
-0.430154
-0.316091
-0.263115
-0.550033
-0.346118
-0.527455
-0.615436
-0.431978
-0.381226
-0.424858
-0.509125
-0.327338
-0.491906
-0.319882
-0.400354
-0.345626
-0.359951
-0.463084
-0.49997
-0.334344
-0.335936
-0.383853
-0.426507
-0.325217
-0.326342
-0.381889
-0.389786
-0.24772
-0.365583
-0.463294
-0.394757
-0.547719
-0.334881
-0.385654
-0.535684
-0.384424
-0.297195
-0.285225
-0.34632
-0.535842
-0.555259
-0.471007
-0.440412
-0.428519
-0.471207
-0.36411
-0.353099
-0.481106
-0.30175
-0.296743
-0.434403
-0.416636
-0.432048
-0.445646
-0.545458
-0.331321
-0.340801
-0.339995
-0.405401
-0.398634
-0.420084
-0.442686
-0.361023
-0.227033
-0.45282
-0.475028
-0.637311
-0.619546
-0.366793
-0.308653
-0.470172
-0.441342
-0.412817
-0.373926
-0.483582
-0.469171
-0.381207
-0.327509
-0.326959
-0.454763
-0.439537
-0.306157
-0.489318
-0.433873
-0.414024
-0.433829
-0.461047
-0.529356
-0.441672
-0.404585
-0.325659
-0.320715
-0.474427
-0.342804
-0.422327
-0.439384
-0.398772
-0.25298
-0.351537
-0.466001
-0.501967
-0.287026
-0.631214
-0.388884
-0.442601
-0.346717
-0.415166
-0.528376
-0.383547
-0.172304
-0.49131
-0.369424
-0.368856
-0.331599
-0.405138
-0.491759
-0.35365
-0.508343
-0.442437
-0.463747
-0.548663
-0.463488
-0.48688
-0.499892
-0.572236
-0.377579
-0.324629
-0.296925
-0.409719
-0.531201
-0.493611
-0.402138
-0.33311
-0.448185
-0.205439
-0.484059
-0.326067
-0.259756
-0.492633
-0.401843
-0.418294
-0.408569
-0.52493
-0.47968
-0.526357
-0.348175
-0.449421
-0.352148
-0.346256
-0.507246
-0.442577
-0.286004
-0.408658
-0.429972
-0.350369
-0.372094
-0.465713
-0.480144
-0.431163
-0.286948
-0.438851
-0.453277
-0.507533
-0.441945
-0.450511
-0.466045
-0.293167
-0.491633
-0.390193
-0.454042
-0.414542
-0.499439
-0.44182
-0.478239
-0.384597
-0.230925
-0.346151
-0.567024
-0.284051
-0.438719
-0.354896
-0.226648
-0.445046
-0.47603
-0.30961
-0.265026
-0.537839
-0.525453
-0.372592
-0.466787
-0.438874
-0.507272
-0.561538
-0.514579
-0.474795
-0.245423
-0.328075
-0.614147
-0.357132
-0.302818
-0.41945
-0.24725
-0.376768
-0.579002
-0.388988
-0.472131
-0.371118
-0.390753
-0.368123
-0.360737
-0.563513
-0.402784
-0.356122
-0.589518
-0.49035
-0.279665
-0.466614
-0.430789
-0.437611
-0.45087
-0.404722
-0.43248
-0.395289
-0.456476
-0.289792
-0.440551
-0.42936
-0.461056
-0.492466
-0.339444
-0.308737
-0.396198
-0.522822
-0.462211
-0.344441
-0.413402
-0.48858
-0.432643
-0.366445
-0.448169
-0.568733
-0.458105
-0.387319
-0.443254
-0.509031
-0.356646
-0.385168
-0.394206
-0.533587
-0.426007
-0.514561
-0.441132
-0.304873
-0.469945
-0.412358
-0.521373
-0.387429
-0.308105
-0.545851
-0.437416
-0.376841
-0.345394
-0.308933
-0.60095
-0.500509
-0.44614
-0.500188
-0.30126
-0.33985
-0.406296
-0.402191
-0.331673
-0.408975
-0.315892
-0.472001
-0.440315
-0.530022
-0.44003
-0.309243
-0.505671
-0.299644
-0.312795
-0.331977
-0.318556
-0.567206
-0.539442
-0.354161
-0.556991
-0.365706
-0.310164
-0.505271
-0.463765
-0.294256
-0.542424
-0.447185
-0.357594
-0.517932
-0.448544
-0.440795
-0.461823
-0.465088
-0.440788
-0.400916
-0.410374
-0.260401
-0.313344
-0.453735
-0.479219
-0.427621
-0.611914
-0.392369
-0.421137
-0.337168
-0.506545
-0.525841
-0.502754
-0.475009
-0.351982
-0.201711
-0.480793
-0.253752
-0.449763
-0.468883
-0.382799
-0.275804
-0.13521
-0.399127
-0.64122
-0.266589
-0.435447
-0.38254
-0.575157
-0.479247
-0.414375
-0.391622
-0.367214
-0.471766
-0.327959
-0.471816
-0.44021
-0.507352
-0.410452
-0.332888
-0.418836
-0.318537
-0.570901
-0.573385
-0.560622
-0.396953
-0.437246
-0.270732
-0.540777
-0.384488
-0.382721
-0.408156
-0.403459
-0.35755
-0.304398
-0.425945
-0.277823
-0.545009
-0.446757
-0.430757
-0.313191
-0.312532
-0.312637
-0.560767
-0.445483
-0.471275
-0.263782
-0.40272
-0.394039
-0.349985
-0.59968
-0.420803
-0.317019
-0.410532
-0.359318
-0.217895
-0.407227
-0.432322
-0.501052
-0.368379
-0.3582
-0.374911
-0.384283
-0.297009
-0.282227
-0.340256
-0.428684
-0.442246
-0.362685
-0.440408
-0.342413
-0.532561
-0.557984
-0.381484
-0.4143
-0.503984
-0.316196
-0.482399
-0.314233
-0.444137
-0.477233
-0.506471
-0.40092
-0.233813
-0.45606
-0.349686
-0.442098
-0.457926
-0.277254
-0.452383
-0.397069
-0.373577
-0.37742
-0.451017
-0.530101
-0.545204
-0.352808
-0.396346
-0.311262
-0.26296
-0.388666
-0.56234
-0.339679
-0.504788
-0.369513
-0.223433
-0.436283
-0.343831
-0.299182
-0.304251
-0.428385
-0.469855
-0.470222
-0.386302
-0.3292
-0.373973
-0.365072
-0.464611
-0.406818
-0.280116
-0.462773
-0.360073
-0.284991
-0.458839
-0.333136
-0.263915
-0.304523
-0.432749
-0.452587
-0.613419
-0.414728
-0.322461
-0.302918
-0.425602
