-0.04
-0.48
-0.6
-0.52
-0.36
-0.4
-0.48
-0.48
-0.48
-0.56
-0.52
-0.36
-0.36
-0.4
-0.56
-0.48
-0.6
-0.52
-0.56
-0.52
-0.56
-0.56
-0.6
-0.56
-0.52
-0.48
-0.56
-0.56
-0.6
-0.56
-0.64
-0.56
-0.6
-0.6
-0.68
-0.72
-0.8
-0.76
-0.84
-0.92
-1
-1
-0.96
-0.88
-0.92
-0.84
-0.96
-1
-1
-1
-1
-1
-1
-1
-1
-1
-1
-1
-1
-1
-1
-0.92
-0.8
-0.84
-0.84
-0.72
-0.72
-0.84
-1
-1
-1
-1
-1
-1
-1
-1
-1
-1
-1
-1
-1
-1
-1
-1
-1
-1
-1
-1
-1
-1
-1
-1
-1
-1
-1
-1
-1
-1
-1
-1
-1
-1
-1
-1
-1
-1
-1
-1
-1
-1
-1
-1
-1
-1
-1
-1
-1
-1
-1
-1
-1
-1
-1
-1
-1
-1
-1
-1
-1
-1
-1
-1
-1
-1
-1
-1
-1
-1
-1
-1
-1
-1
-1
-1
-1
-1
-1
-1
-1
-1
-1
-1
-1
-1
-1
-1
-1
-1
-1
-1
-1
-1
-1
-1
-1
-1
-1
-1
-1
-0.92
-0.92
-1
-1
-1
-1
-1
-1
-1
-1
-1
-1
-1
-1
-1
-1
-1
-1
-1
-1
-1
-1
-1
-1
-1
-1
-1
-1
-1
-1
-1
-1
