0.2
-0.52
-0.44
-0.36
-0.52
-0.44
-0.52
-0.52
-0.68
-0.6
-0.52
-0.52
-0.6
-0.6
-0.52
-0.52
-0.6
-0.76
-0.68
-0.44
-0.36
-0.28
-0.28
-0.6
-0.6
-0.44
-0.52
-0.2
-0.36
-0.44
-0.52
-0.44
-0.36
-0.52
-0.2
-0.2
-0.28
-0.44
-0.6
-0.68
-0.44
-0.36
-0.52
-0.6
-0.36
-0.44
-0.28
-0.44
-0.44
-0.28
-0.44
-0.36
-0.44
-0.52
-0.44
-0.6
-0.28
-0.44
-0.52
-0.52
-0.36
-0.12
-0.36
-0.44
-0.52
-0.52
-0.36
-0.44
-0.12
-0.2
-0.44
-0.44
-0.6
-0.44
-0.52
-0.6
-0.52
-0.28
-0.44
-0.52
-0.44
-0.6
-0.44
-0.6
-0.52
-0.36
-0.36
-0.36
-0.36
-0.6
-0.28
-0.36
-0.44
-0.6
-0.36
-0.28
-0.44
-0.44
-0.36
-0.6
-0.6
-0.44
-0.52
-0.36
-0.28
-0.68
-0.6
-0.6
-0.52
-0.44
-0.6
-0.44
-0.52
-0.44
-0.28
-0.44
-0.52
-0.44
-0.44
-0.36
-0.44
-0.52
-0.28
-0.36
-0.28
-0.36
-0.36
-0.44
-0.52
-0.36
-0.28
-0.52
-0.28
-0.36
-0.36
-0.6
-0.6
-0.44
-0.44
-0.52
-0.52
-0.44
-0.52
-0.44
-0.52
-0.6
-0.44
-0.52
-0.44
-0.44
-0.52
-0.68
-0.6
-0.6
-0.6
-0.52
-0.52
-0.36
-0.36
-0.52
-0.52
-0.44
-0.12
-0.36
-0.28
-0.52
-0.52
-0.44
-0.44
-0.44
-0.6
-0.36
-0.6
-0.68
-0.52
-0.68
-0.36
-0.44
-0.44
-0.6
-0.44
-0.44
-0.68
-0.6
-0.44
-0.36
-0.28
-0.36
-0.6
-0.6
-0.52
-0.68
-0.6
-0.44
-0.6
-0.44
-0.44
-0.36
-0.44
-0.6
-0.28
