1.64901
1.64496
1.63757
1.62647
1.61112
1.59086
1.56483
1.53205
1.49147
1.44213
1.3834
1.31523
1.23847
1.15518
1.06873
0.983545
0.904524
0.836173
0.781848
0.743269
0.720447
0.711843
0.714848
0.726273
0.742883
0.761822
0.780889
0.798605
0.814218
0.827578
0.838929
0.848657
0.857083
0.86438
0.870509
0.875293
0.878586
0.880424
0.881077
0.881023
0.88085
0.881119
0.882224
0.884414
0.88775
0.892064
0.89699
0.901955
0.906356
0.909688
0.911635
0.912192
0.911652
0.910491
0.909268
0.908462
0.908404
0.909292
0.911174
0.913955
0.917376
0.921018
0.924273
0.92652
0.927223
0.926061
0.923068
0.918677
0.913695
0.90908
0.905555
0.903244
0.901582
0.899611
0.896472
0.891825
0.885933
0.879556
0.87375
0.869621
0.868155
0.870028
0.875472
0.884199
0.895522
0.90851
0.922199
0.935718
0.948349
0.959528
0.968831
0.975903
0.980453
0.982311
0.981423
0.97788
0.971883
0.963712
0.953618
0.941843
1.63271
1.60529
1.57084
1.53073
1.48705
1.44235
1.39923
1.35977
1.32545
1.29712
1.27549
1.26139
1.2557
1.25901
1.27108
1.29044
1.31462
1.34079
1.36643
1.38962
1.409
1.42348
1.43216
1.4345
1.43051
1.42073
1.40624
1.38823
1.36767
1.34514
1.32091
1.29543
1.26999
1.2472
1.23077
1.22438
1.22973
1.2455
1.26807
1.29329
1.3178
1.33945
1.35706
1.37002
1.37805
1.38106
1.37919
1.37276
1.36237
1.34883
1.33306
1.31599
1.2984
1.28116
1.26556
1.25344
1.24683
1.24721
1.25461
1.2676
1.28398
1.30143
1.3181
1.33258
1.34394
1.35161
1.35519
1.35439
1.349
1.33894
1.32433
1.30563
1.28367
1.25972
1.23537
1.2123
1.1921
1.17608
1.16523
1.16032
1.1619
1.1701
1.18421
1.20263
1.22311
1.24336
1.26162
1.27682
1.28844
1.29626
1.30017
1.29991
1.29539
1.28696
1.27584
1.26407
1.2541
1.24791
1.24638
1.24918
1.65448
1.65706
1.65626
1.65219
1.64532
1.63632
1.62595
1.615
1.60425
1.5942
1.58495
1.5764
1.5689
1.56352
1.56171
1.56452
1.57217
1.584
1.59868
1.61451
1.62949
1.64148
1.64833
1.64831
1.6406
1.62562
1.6052
1.5825
1.56113
1.54381
1.53144
1.52301
1.51662
1.51049
1.50365
1.4961
1.4887
1.48307
1.48131
1.48518
1.49483
1.50814
1.52142
1.53113
1.5357
1.53594
1.53389
1.5311
1.52768
1.52301
1.51659
1.50808
1.49747
1.48569
1.47474
1.46683
1.4632
1.46361
1.46709
1.47259
1.47928
1.48631
1.49267
1.49741
1.50019
1.50147
1.5024
1.50406
1.50664
1.50882
1.50819
1.50268
1.49242
1.48087
1.47377
1.4761
1.48904
1.50957
1.53272
1.55403
1.57073
1.58155
1.58634
1.58549
1.57961
1.56931
1.55524
1.53845
1.52059
1.50405
1.49144
1.48455
1.48352
1.48696
1.49292
1.4997
1.50624
1.512
1.51695
1.5216
1.65414
1.65884
1.66382
1.6689
1.67336
1.67621
1.67657
1.674
1.66875
1.66171
1.65413
1.64704
1.6409
1.63537
1.62954
1.62238
1.61315
1.60148
1.58724
1.57029
1.55057
1.52879
1.50751
1.49184
1.48845
1.50281
1.53596
1.58352
1.63756
1.68962
1.73315
1.76461
1.78333
1.79076
1.78896
1.77964
1.76377
1.74185
1.71451
1.68273
1.64795
1.61237
1.57923
1.55279
1.53706
1.53386
1.54178
1.55713
1.57566
1.59383
1.6089
1.61877
1.62197
1.61827
1.60929
1.59821
1.5884
1.58195
1.57972
1.58184
1.58767
1.59561
1.60383
1.61133
1.61846
1.6264
1.63613
1.64759
1.65955
1.67059
1.68018
1.68917
1.69917
1.71085
1.72256
1.73101
1.73329
1.72829
1.71661
1.69976
1.67956
1.65782
1.63629
1.61616
1.59781
1.58084
1.56472
1.54953
1.53636
1.52702
1.52334
1.52661
1.53739
1.55545
1.5799
1.60911
1.64099
1.67306
1.70276
1.72759
1.66394
1.67375
1.67655
1.67374
1.66761
1.66063
1.6547
1.65057
1.64787
1.64545
1.64177
1.6351
1.62384
1.60681
1.58363
1.55503
1.52271
1.48886
1.45584
1.42631
1.4033
1.38958
1.3864
1.39301
1.40759
1.42831
1.4537
1.48243
1.51305
1.5437
1.57223
1.59625
1.6135
1.62218
1.62145
1.61196
1.59613
1.57816
1.56341
1.55711
1.56245
1.57912
1.60333
1.62972
1.65349
1.67156
1.68243
1.68568
1.68143
1.67026
1.65311
1.63128
1.60629
1.57982
1.55378
1.53024
1.51119
1.49817
1.49213
1.49331
1.50118
1.51418
1.52995
1.54567
1.55881
1.56752
1.57101
1.56954
1.56445
1.55769
1.55131
1.54675
1.54449
1.54428
1.5454
1.54673
1.54684
1.54428
1.53823
1.52908
1.51843
1.50832
1.50015
1.49416
1.4899
1.4872
1.48648
1.48838
1.4931
1.49998
1.50751
1.51377
1.51696
1.516
1.51065
1.50131
1.48864
1.47313
1.45494
1.43403
1.62716
1.59595
1.5632
1.53393
1.5136
1.5055
1.50886
1.51921
1.53075
1.53867
1.54044
1.53601
1.52717
1.51655
1.50655
1.49881
1.49447
1.49489
1.5019
1.51732
1.54196
1.57459
1.61195
1.64973
1.68403
1.71194
1.7314
1.74113
1.74089
1.73228
1.71899
1.70628
1.6994
1.70154
1.71282
1.73094
1.75282
1.77592
1.79863
1.81981
1.83814
1.85171
1.85835
1.85645
1.84587
1.82801
1.80518
1.77944
1.75194
1.72327
1.69415
1.66565
1.63908
1.61616
1.59959
1.59276
1.59811
1.61549
1.642
1.67344
1.70581
1.73591
1.76126
1.77988
1.79051
1.79311
1.7891
1.78093
1.77137
1.76247
1.75484
1.74758
1.73908
1.72813
1.71469
1.69991
1.68572
1.67447
1.66894
1.67132
1.6813
1.69517
1.70779
1.71563
1.71814
1.7173
1.71633
1.71832
1.72498
1.73589
1.74855
1.75979
1.76749
1.77142
1.77314
1.77494
1.77816
1.78206
1.78389
1.77978
1.63747
1.6135
1.58127
1.54948
1.53241
1.53964
1.56633
1.59851
1.62505
1.64192
1.64979
1.65109
1.64862
1.64495
1.64225
1.64202
1.64463
1.64904
1.65347
1.65628
1.65626
1.65264
1.64566
1.63711
1.63018
1.62852
1.63473
1.64927
1.6703
1.69431
1.71733
1.73593
1.74778
1.75174
1.74763
1.73601
1.71784
1.69431
1.66666
1.63624
1.60453
1.57297
1.54284
1.51516
1.49102
1.47219
1.46121
1.46079
1.47249
1.49591
1.52854
1.56667
1.6064
1.64436
1.67796
1.70541
1.72564
1.73812
1.74243
1.73825
1.72539
1.70423
1.67612
1.64363
1.61047
1.58112
1.55981
1.54912
1.54889
1.55587
1.56483
1.57046
1.56908
1.55982
1.54496
1.52956
1.51992
1.52149
1.53678
1.56442
1.59974
1.63653
1.66888
1.69237
1.70436
1.70377
1.69061
1.66585
1.63178
1.59248
1.55371
1.52182
1.50175
1.49518
1.50026
1.51279
1.52824
1.54321
1.55612
1.56725
1.659
1.66983
1.68168
1.69451
1.70788
1.72147
1.7354
1.75026
1.76676
1.7852
1.80487
1.82397
1.83994
1.85007
1.85224
1.8453
1.82914
1.8046
1.77358
1.73927
1.7061
1.67865
1.65958
1.64811
1.64094
1.63468
1.6278
1.62113
1.6175
1.62074
1.63356
1.65522
1.68145
1.70704
1.72842
1.74438
1.75509
1.76103
1.76236
1.759
1.75096
1.7388
1.72382
1.70781
1.69258
1.67922
1.66787
1.65792
1.64874
1.64017
1.63275
1.62739
1.62478
1.62484
1.62652
1.62814
1.6284
1.62762
1.62852
1.63499
1.64907
1.6685
1.68782
1.70195
1.70874
1.70873
1.70375
1.69587
1.68779
1.68342
1.68729
1.70213
1.72631
1.75405
1.77859
1.79533
1.80285
1.8021
1.79507
1.78364
1.76933
1.75366
1.73886
1.72759
1.72085
1.71634
1.70972
1.69805
1.68165
1.66345
1.64715
1.63562
1.63032
1.63167
1.63977
1.65455
1.67541
1.70063
1.7273
1.75188
1.66545
1.67796
1.68349
1.68209
1.67465
1.66283
1.64876
1.63484
1.62329
1.61557
1.61198
1.61151
1.61226
1.61211
1.60952
1.60421
1.59746
1.59195
1.591
1.59732
1.61155
1.63157
1.65308
1.67105
1.68126
1.68114
1.67015
1.6495
1.622
1.59166
1.56289
1.53953
1.52378
1.51599
1.51498
1.51888
1.52573
1.53406
1.54323
1.55348
1.56563
1.58043
1.5977
1.61598
1.63299
1.6466
1.65598
1.6617
1.66474
1.66527
1.6623
1.65449
1.64123
1.62323
1.60277
1.58323
1.56782
1.5584
1.5551
1.55697
1.56302
1.57255
1.58492
1.59916
1.61376
1.62712
1.63833
1.64761
1.65591
1.66371
1.6702
1.67368
1.67288
1.66793
1.66049
1.65303
1.64805
1.64739
1.6518
1.66074
1.67238
1.68405
1.69297
1.69691
1.69455
1.68545
1.6698
1.64833
1.62219
1.59317
1.56377
1.53696
1.51546
1.50102
1.49412
1.49431
1.50053
1.51125
1.52434
1.53708
