1.09934
1.09664
1.09171
1.08431
1.07408
1.06057
1.04322
1.02137
0.994311
0.96142
0.922267
0.876821
0.825646
0.770122
0.712489
0.655697
0.603016
0.557449
0.521232
0.495512
0.480298
0.474562
0.476566
0.484182
0.495255
0.507881
0.520593
0.532403
0.542812
0.551719
0.559286
0.565771
0.571389
0.576253
0.58034
0.583529
0.585724
0.586949
0.587385
0.587349
0.587233
0.587413
0.58815
0.589609
0.591833
0.59471
0.597993
0.601303
0.604237
0.606459
0.607756
0.608128
0.607768
0.606994
0.606178
0.605641
0.605603
0.606195
0.607449
0.609303
0.611584
0.614012
0.616182
0.61768
0.618149
0.617374
0.615379
0.612452
0.60913
0.606053
0.603703
0.602163
0.601055
0.599741
0.597648
0.59455
0.590622
0.586371
0.5825
0.579747
0.57877
0.580019
0.583648
0.589466
0.597014
0.605673
0.6148
0.623812
0.632232
0.639685
0.645887
0.650602
0.653636
0.654874
0.654282
0.65192
0.647922
0.642474
0.635745
0.627896
1.08847
1.07019
1.04723
1.02049
0.991366
0.96157
0.932817
0.906516
0.88363
0.864746
0.850329
0.840924
0.837131
0.839341
0.847386
0.860296
0.876416
0.893863
0.910953
0.926411
0.939334
0.948986
0.954771
0.956335
0.953674
0.947154
0.937492
0.925485
0.911783
0.896763
0.880604
0.863618
0.846663
0.831465
0.820513
0.816253
0.819819
0.830332
0.845377
0.862192
0.878532
0.892969
0.904707
0.913349
0.918699
0.920708
0.919458
0.915174
0.908247
0.899218
0.888709
0.877327
0.865598
0.854106
0.843707
0.835624
0.831221
0.831473
0.836407
0.845066
0.855984
0.867623
0.878732
0.888388
0.895962
0.901071
0.903457
0.902926
0.899336
0.892623
0.882887
0.870417
0.855781
0.839816
0.823581
0.808198
0.794736
0.784052
0.776817
0.773545
0.774602
0.780066
0.789475
0.801754
0.815403
0.828904
0.84108
0.851211
0.858959
0.864176
0.866779
0.866608
0.863595
0.857976
0.850557
0.842714
0.83607
0.831941
0.83092
0.83279
1.10299
1.1047
1.10417
1.10146
1.09688
1.09088
1.08397
1.07667
1.0695
1.0628
1.05663
1.05093
1.04593
1.04235
1.04114
1.04301
1.04812
1.056
1.06578
1.07634
1.08633
1.09432
1.09888
1.09888
1.09373
1.08375
1.07013
1.055
1.04076
1.02921
1.02096
1.01534
1.01108
1.00699
1.00244
0.997403
0.992466
0.988711
0.987543
0.990123
0.996551
1.00543
1.01428
1.02076
1.0238
1.02396
1.0226
1.02073
1.01845
1.01534
1.01106
1.00539
0.998313
0.99046
0.983157
0.977887
0.975465
0.975742
0.978063
0.98173
0.986185
0.990874
0.995113
0.998275
1.00012
1.00098
1.0016
1.00271
1.00443
1.00588
1.00546
1.00178
0.994948
0.987248
0.98251
0.984066
0.992694
1.00638
1.02181
1.03602
1.04715
1.05437
1.05756
1.05699
1.05308
1.04621
1.03683
1.02563
1.01373
1.0027
0.994293
0.9897
0.989013
0.991309
0.995279
0.999799
1.00416
1.008
1.0113
1.0144
1.10276
1.10589
1.10921
1.1126
1.11558
1.11747
1.11771
1.116
1.1125
1.10781
1.10275
1.09803
1.09393
1.09025
1.08636
1.08159
1.07544
1.06765
1.05816
1.04686
1.03372
1.01919
1.00501
0.994559
0.992301
1.00188
1.02397
1.05568
1.09171
1.12641
1.15544
1.1764
1.18889
1.19384
1.19264
1.18643
1.17585
1.16123
1.14301
1.12182
1.09863
1.07492
1.05282
1.03519
1.02471
1.02257
1.02785
1.03808
1.05044
1.06255
1.0726
1.07918
1.08131
1.07885
1.07286
1.06547
1.05893
1.05463
1.05314
1.05456
1.05845
1.06374
1.06922
1.07422
1.07898
1.08426
1.09076
1.09839
1.10637
1.11373
1.12012
1.12611
1.13278
1.14057
1.14838
1.15401
1.15553
1.15219
1.14441
1.13318
1.1197
1.10522
1.09086
1.07744
1.06521
1.05389
1.04315
1.03302
1.02424
1.01801
1.01556
1.01774
1.02492
1.03697
1.05327
1.07274
1.09399
1.11537
1.13517
1.15172
1.10929
1.11583
1.1177
1.11582
1.11174
1.10709
1.10313
1.10038
1.09858
1.09697
1.09451
1.09006
1.08256
1.0712
1.05575
1.03669
1.01514
0.992572
0.970562
0.950873
0.935534
0.926388
0.924266
0.928673
0.938394
0.952204
0.969132
0.98829
1.0087
1.02913
1.04815
1.06417
1.07567
1.08146
1.08097
1.07464
1.06409
1.05211
1.04227
1.03807
1.04163
1.05275
1.06889
1.08648
1.10233
1.11437
1.12162
1.12378
1.12096
1.1135
1.10207
1.08752
1.07086
1.05322
1.03585
1.02016
1.00746
0.998777
0.994752
0.995541
1.00079
1.00946
1.01997
1.03045
1.0392
1.04502
1.04734
1.04636
1.04297
1.03846
1.03421
1.03116
1.02966
1.02952
1.03026
1.03115
1.03122
1.02952
1.02549
1.01939
1.01228
1.00554
1.0001
0.99611
0.993269
0.991467
0.990986
0.992252
0.995403
0.999986
1.00501
1.00918
1.01131
1.01067
1.0071
1.00087
0.992424
0.98209
0.96996
0.956018
1.08477
1.06397
1.04213
1.02262
1.00907
1.00367
1.0059
1.01281
1.0205
1.02578
1.02696
1.02401
1.01812
1.01103
1.00437
0.999207
0.996313
0.996596
1.00127
1.01155
1.02798
1.04973
1.07463
1.09982
1.12269
1.14129
1.15427
1.16075
1.16059
1.15485
1.14599
1.13752
1.13293
1.13436
1.14188
1.15396
1.16855
1.18395
1.19909
1.21321
1.22543
1.23447
1.2389
1.23763
1.23058
1.21867
1.20346
1.18629
1.16796
1.14884
1.12944
1.11043
1.09272
1.07744
1.06639
1.06184
1.0654
1.07699
1.09467
1.11562
1.1372
1.15727
1.17417
1.18659
1.19367
1.19541
1.19273
1.18729
1.18091
1.17498
1.16989
1.16505
1.15939
1.15209
1.14313
1.13328
1.12381
1.11632
1.11263
1.11421
1.12087
1.13011
1.13853
1.14375
1.14543
1.14486
1.14422
1.14554
1.14999
1.15726
1.1657
1.1732
1.17833
1.18094
1.18209
1.1833
1.18544
1.18804
1.18926
1.18652
1.09165
1.07566
1.05418
1.03299
1.02161
1.02643
1.04422
1.06568
1.08337
1.09462
1.09986
1.10073
1.09908
1.09664
1.09483
1.09468
1.09642
1.09936
1.10231
1.10419
1.10417
1.10176
1.09711
1.09141
1.08678
1.08568
1.08982
1.09951
1.11353
1.12954
1.14489
1.15729
1.16519
1.16783
1.16509
1.15734
1.14523
1.12954
1.1111
1.09083
1.06969
1.04865
1.02856
1.01011
0.994014
0.98146
0.974142
0.973858
0.981662
0.997275
1.01903
1.04444
1.07093
1.09624
1.11864
1.13694
1.15043
1.15874
1.16162
1.15883
1.15026
1.13615
1.11742
1.09575
1.07365
1.05408
1.03987
1.03275
1.03259
1.03724
1.04322
1.04697
1.04606
1.03988
1.02998
1.01971
1.01328
1.01433
1.02452
1.04294
1.06649
1.09102
1.11259
1.12824
1.13624
1.13585
1.12707
1.11057
1.08785
1.06166
1.03581
1.01454
1.00116
0.996789
1.00017
1.00853
1.01883
1.0288
1.03741
1.04483
1.106
1.11322
1.12112
1.12968
1.13859
1.14765
1.15693
1.16684
1.17784
1.19013
1.20325
1.21598
1.22663
1.23338
1.23482
1.2302
1.21943
1.20306
1.18239
1.15952
1.1374
1.1191
1.10638
1.09874
1.09396
1.08979
1.0852
1.08075
1.07833
1.0805
1.08904
1.10348
1.12097
1.13803
1.15228
1.16292
1.17006
1.17402
1.17491
1.17267
1.16731
1.1592
1.14921
1.13854
1.12839
1.11948
1.11191
1.10528
1.09916
1.09345
1.0885
1.08493
1.08318
1.08322
1.08435
1.08543
1.0856
1.08508
1.08568
1.08999
1.09938
1.11233
1.12521
1.13463
1.13916
1.13916
1.13583
1.13058
1.1252
1.12228
1.12486
1.13475
1.15087
1.16937
1.18573
1.19689
1.2019
1.2014
1.19671
1.18909
1.17956
1.16911
1.15924
1.15173
1.14723
1.14422
1.13982
1.13204
1.1211
1.10896
1.0981
1.09041
1.08688
1.08778
1.09318
1.10303
1.11694
1.13375
1.15153
1.16792
1.1103
1.11864
1.12233
1.1214
1.11644
1.10855
1.09917
1.08989
1.08219
1.07705
1.07466
1.07434
1.07484
1.07474
1.07301
1.06947
1.06497
1.0613
1.06067
1.06488
1.07436
1.08772
1.10205
1.11404
1.12084
1.12076
1.11343
1.09967
1.08133
1.06111
1.04193
1.02635
1.01586
1.01066
1.00999
1.01259
1.01715
1.0227
1.02882
1.03565
1.04375
1.05362
1.06513
1.07732
1.08866
1.09773
1.10399
1.1078
1.10983
1.11018
1.1082
1.103
1.09415
1.08215
1.06851
1.05549
1.04521
1.03893
1.03673
1.03798
1.04202
1.04837
1.05661
1.06611
1.07584
1.08475
1.09222
1.0984
1.10394
1.10914
1.11347
1.11579
1.11525
1.11195
1.107
1.10202
1.0987
1.09826
1.1012
1.10716
1.11492
1.1227
1.12865
1.13127
1.1297
1.12363
1.1132
1.09889
1.08146
1.06211
1.04252
1.02464
1.01031
1.00068
0.996078
0.996208
1.00036
1.0075
1.01623
1.02472
