-6.36376
-6.3597
-6.35231
-6.34121
-6.32496
-6.30213
-6.27369
-6.23789
-6.19504
-6.14419
-6.0832
-6.01261
-5.93569
-5.85226
-5.7646
-5.67956
-5.60099
-5.53414
-5.48027
-5.44184
-5.41932
-5.41133
-5.41494
-5.42652
-5.44328
-5.46177
-5.48144
-5.49976
-5.51552
-5.52918
-5.54023
-5.55041
-5.55899
-5.56629
-5.57226
-5.5775
-5.58125
-5.58293
-5.58359
-5.58338
-5.582
-5.58212
-5.58262
-5.58511
-5.58814
-5.59336
-5.59889
-5.60431
-5.60811
-5.61205
-5.61339
-5.61395
-5.61461
-5.613
-5.61117
-5.61112
-5.61106
-5.61195
-5.61429
-5.61661
-5.61958
-5.62277
-5.62557
-5.62812
-5.62958
-5.62857
-5.62573
-5.62179
-5.61635
-5.61159
-5.60685
-5.60515
-5.60379
-5.60197
-5.59928
-5.59449
-5.58799
-5.58055
-5.5752
-5.57167
-5.56945
-5.57132
-5.57677
-5.58595
-5.59788
-5.61192
-5.62516
-5.63853
-5.65222
-5.6637
-5.6727
-5.68053
-5.68478
-5.68663
-5.68575
-5.6822
-5.67696
-5.66909
-5.659
-5.64692
-5.62697
-5.5997
-5.5654
-5.5256
-5.48191
-5.43752
-5.39454
-5.35569
-5.3203
-5.29319
-5.27156
-5.25775
-5.25176
-5.25432
-5.26548
-5.28515
-5.31009
-5.33656
-5.3631
-5.38765
-5.40658
-5.42001
-5.42853
-5.43103
-5.42582
-5.4165
-5.4008
-5.38369
-5.36359
-5.34076
-5.31622
-5.29013
-5.2647
-5.2419
-5.22426
-5.21878
-5.22322
-5.23929
-5.26201
-5.28679
-5.31084
-5.33371
-5.35162
-5.36473
-5.37276
-5.37517
-5.37314
-5.36717
-5.35617
-5.34172
-5.3252
-5.30873
-5.29129
-5.2745
-5.25966
-5.24708
-5.24063
-5.2407
-5.24795
-5.26109
-5.27777
-5.29448
-5.31144
-5.32608
-5.33759
-5.34526
-5.34763
-5.34713
-5.34235
-5.33168
-5.31647
-5.29701
-5.2749
-5.2508
-5.2269
-5.20322
-5.18363
-5.16761
-5.15721
-5.15155
-5.15328
-5.16133
-5.17469
-5.1925
-5.21268
-5.23353
-5.25165
-5.26669
-5.27862
-5.28568
-5.28929
-5.28903
-5.28496
-5.27608
-5.26495
-5.25349
-5.24367
-5.23733
-5.23549
-5.23815
-5.24372
-5.2463
-5.2449
-5.24007
-5.2326
-5.22391
-5.21368
-5.20243
-5.19077
-5.18163
-5.17359
-5.16459
-5.15632
-5.15065
-5.14778
-5.15013
-5.15764
-5.16962
-5.18459
-5.20164
-5.21586
-5.22936
-5.23651
-5.2362
-5.22894
-5.21471
-5.19489
-5.17311
-5.15188
-5.13517
-5.12294
-5.11437
-5.10813
-5.10155
-5.09456
-5.08731
-5.079
-5.07352
-5.07328
-5.07654
-5.08709
-5.10086
-5.11444
-5.12491
-5.12978
-5.13033
-5.12782
-5.12488
-5.12236
-5.11739
-5.11097
-5.10246
-5.092
-5.08082
-5.07047
-5.06166
-5.05697
-5.05648
-5.05966
-5.06456
-5.07109
-5.07782
-5.08373
-5.08772
-5.09079
-5.09132
-5.09225
-5.09255
-5.09498
-5.09701
-5.09729
-5.09193
-5.08227
-5.07012
-5.06316
-5.06579
-5.07843
-5.09912
-5.12333
-5.14479
-5.16058
-5.17125
-5.17558
-5.17488
-5.16886
-5.15855
-5.14479
-5.12784
-5.10983
-5.09374
-5.08038
-5.07349
-5.072
-5.0753
-5.0811
-5.08819
-5.09639
-5.10185
-5.10771
-5.1128
-5.11787
-5.12287
-5.12815
-5.13324
-5.13769
-5.14099
-5.14166
-5.13848
-5.13369
-5.12634
-5.11936
-5.11137
-5.10613
-5.1003
-5.09402
-5.08641
-5.07809
-5.06657
-5.05172
-5.03416
-5.01475
-4.99266
-4.97048
-4.95465
-4.95096
-4.96623
-4.99968
-5.04785
-5.10234
-5.15547
-5.20036
-5.23197
-5.25084
-5.25826
-5.25617
-5.24564
-5.22946
-5.20784
-5.18081
-5.14811
-5.11333
-5.07761
-5.04446
-5.0168
-5.00123
-4.99818
-5.00626
-5.0216
-5.04044
-5.05891
-5.07444
-5.08431
-5.08812
-5.08321
-5.07422
-5.06239
-5.05257
-5.04582
-5.04359
-5.04587
-5.05155
-5.06009
-5.06877
-5.07702
-5.08355
-5.09027
-5.0994
-5.11026
-5.12237
-5.1322
-5.14118
-5.15078
-5.16108
-5.17215
-5.18448
-5.19353
-5.19657
-5.19307
-5.18003
-5.16243
-5.14358
-5.12245
-5.10168
-5.0817
-5.06319
-5.04623
-5.02981
-5.01431
-5.00054
-4.99195
-4.98826
-4.99032
-5.00186
-5.01978
-5.04438
-5.07344
-5.1038
-5.13452
-5.16407
-5.18905
-5.20852
-5.21757
-5.22067
-5.2165
-5.21006
-5.20354
-5.1967
-5.19227
-5.18821
-5.1867
-5.18378
-5.17665
-5.1663
-5.15002
-5.12669
-5.09825
-5.06653
-5.03268
-4.99906
-4.96907
-4.94561
-4.93083
-4.9278
-4.93411
-4.94899
-4.96986
-4.99586
-5.02444
-5.05551
-5.08737
-5.11529
-5.13932
-5.15657
-5.1654
-5.16527
-5.15533
-5.1398
-5.12183
-5.10813
-5.10152
-5.10657
-5.12339
-5.14745
-5.17399
-5.19686
-5.21493
-5.2249
-5.22844
-5.22435
-5.21257
-5.19466
-5.17193
-5.14633
-5.12077
-5.09518
-5.07119
-5.05229
-5.03941
-5.03398
-5.03486
-5.04167
-5.05438
-5.07075
-5.08648
-5.10006
-5.10908
-5.11196
-5.11004
-5.10571
-5.09939
-5.09317
-5.08755
-5.08574
-5.08417
-5.08635
-5.08844
-5.08794
-5.08523
-5.07964
-5.07018
-5.05847
-5.04775
-5.0405
-5.03406
-5.02994
-5.028
-5.02652
-5.02917
-5.03284
-5.04002
-5.04771
-5.05321
-5.05656
-5.05635
-5.05054
-5.04241
-5.02944
-5.01409
-4.9965
-4.97498
-4.94588
-4.91392
-4.8801
-4.85099
-4.83005
-4.82195
-4.82531
-4.83612
-4.84842
-4.85664
-4.85887
-4.85474
-4.84635
-4.83543
-4.82542
-4.81844
-4.81395
-4.81482
-4.82183
-4.83755
-4.86144
-4.89512
-4.93294
-4.97088
-5.00472
-5.03263
-5.05164
-5.06137
-5.06098
-5.05251
-5.03876
-5.02545
-5.01932
-5.02207
-5.03275
-5.05208
-5.07456
-5.09721
-5.11992
-5.1405
-5.15883
-5.1727
-5.1801
-5.1782
-5.16927
-5.15141
-5.12799
-5.10239
-5.07519
-5.04577
-5.01544
-4.9874
-4.96052
-4.93714
-4.92073
-4.91404
-4.9203
-4.93753
-4.96329
-4.99503
-5.0265
-5.05735
-5.08255
-5.10087
-5.11075
-5.11335
-5.10948
-5.10086
-5.09145
-5.08421
-5.07643
-5.06977
-5.06279
-5.05093
-5.03629
-5.02181
-5.00731
-4.99591
-4.98993
-4.99185
-5.00229
-5.01661
-5.02894
-5.03617
-5.03928
-5.03859
-5.03777
-5.03945
-5.04612
-5.05521
-5.06803
-5.08018
-5.08742
-5.0915
-5.09247
-5.09472
-5.09719
-5.10034
-5.10217
-5.09866
-5.08538
-5.06186
-5.03023
-4.99692
-4.98
-4.98813
-5.01438
-5.04612
-5.07296
-5.09043
-5.09739
-5.09839
-5.09577
-5.09255
-5.09045
-5.09037
-5.09329
-5.09694
-5.10137
-5.10373
-5.10401
-5.10084
-5.09386
-5.08516
-5.07822
-5.07687
-5.08338
-5.09943
-5.12061
-5.14447
-5.16765
-5.18565
-5.19885
-5.20251
-5.19795
-5.18738
-5.16906
-5.14538
-5.11893
-5.08928
-5.05756
-5.02509
-4.99512
-4.96774
-4.94405
-4.92461
-4.91364
-4.91291
-4.92537
-4.94894
-4.98112
-5.01879
-5.05777
-5.09543
-5.12918
-5.15648
-5.17581
-5.18828
-5.1929
-5.18796
-5.1745
-5.15364
-5.12689
-5.09439
-5.06108
-5.03218
-5.01087
-4.99958
-4.9995
-5.00738
-5.01635
-5.02289
-5.02167
-5.01255
-4.99769
-4.98364
-4.97415
-4.97602
-4.99207
-5.01819
-5.05352
-5.09077
-5.12237
-5.14646
-5.15875
-5.15741
-5.14349
-5.11798
-5.08224
-5.04249
-5.00386
-4.97272
-4.9525
-4.94518
-4.95086
-4.9631
-4.97749
-4.9917
-5.00431
-5.01574
-5.02697
-5.03719
-5.04904
-5.06248
-5.07706
-5.09095
-5.10487
-5.11958
-5.13593
-5.15361
-5.17298
-5.19224
-5.20972
-5.2197
-5.22307
-5.21553
-5.19892
-5.17423
-5.14381
-5.10905
-5.07542
-5.04827
-5.02875
-5.01667
-5.00906
-5.00265
-4.99591
-4.98819
-4.98592
-4.98855
-5.00257
-5.02318
-5.04941
-5.07561
-5.0982
-5.11462
-5.12548
-5.13186
-5.1332
-5.12893
-5.12104
-5.10767
-5.09223
-5.07638
-5.0613
-5.04839
-5.03598
-5.02543
-5.01624
-5.00768
-5.00057
-4.9943
-4.99228
-4.99235
-4.99449
-4.99656
-4.99682
-4.99619
-4.99769
-5.00567
-5.01976
-5.0407
-5.06032
-5.07566
-5.0829
-5.08139
-5.07594
-5.06897
-5.06059
-5.05591
-5.05963
-5.07477
-5.0985
-5.12549
-5.15034
-5.16738
-5.17444
-5.17369
-5.16681
-5.15614
-5.14274
-5.12676
-5.1118
-5.10023
-5.09229
-5.08748
-5.08102
-5.06799
-5.05188
-5.03232
-5.01617
-5.00419
-4.99888
-5.00114
-5.00985
-5.02433
-5.04368
-5.0689
-5.09481
-5.12
-5.14004
-5.15316
-5.15854
-5.15699
-5.1491
-5.13863
-5.12441
-5.11124
-5.09893
-5.09047
-5.08763
-5.08716
-5.08836
-5.08867
-5.08669
-5.08152
-5.07417
-5.0685
-5.06786
-5.07433
-5.08931
-5.10994
-5.13251
-5.15109
-5.16055
-5.16088
-5.15019
-5.12969
-5.10249
-5.07155
-5.04247
-5.01835
-5.00366
-4.99647
-4.99456
-4.99786
-5.00516
-5.01364
-5.02296
-5.03336
-5.04506
-5.06062
-5.07773
-5.09557
-5.11303
-5.12664
-5.13572
-5.14189
-5.14493
-5.14576
-5.1437
-5.13605
-5.12157
-5.10447
-5.08341
-5.06342
-5.0474
-5.03844
-5.03438
-5.03656
-5.04231
-5.05198
-5.0639
-5.07753
-5.09108
-5.10399
-5.11504
-5.12357
-5.13247
-5.13996
-5.1457
-5.14919
-5.14702
-5.14313
-5.13584
-5.12869
-5.1231
-5.12289
-5.12775
-5.13745
-5.14908
-5.16031
-5.16999
-5.17437
-5.17111
-5.16186
-5.14561
-5.12353
-5.09785
-5.06867
-5.03973
-5.01337
-4.99217
-4.97742
-4.97067
-4.97132
-4.97875
-4.99083
-5.00543
-5.01877
