-4.71475
-4.71475
-4.71475
-4.71475
-4.71384
-4.71127
-4.70886
-4.70584
-4.70357
-4.70206
-4.69979
-4.69738
-4.69723
-4.69707
-4.69586
-4.69601
-4.69646
-4.69797
-4.69842
-4.69857
-4.69888
-4.69948
-4.70009
-4.70024
-4.7004
-4.69994
-4.70055
-4.70115
-4.7013
-4.70161
-4.7013
-4.70175
-4.70191
-4.70191
-4.70175
-4.70221
-4.70266
-4.70251
-4.70251
-4.70236
-4.70115
-4.701
-4.70039
-4.7007
-4.70039
-4.7013
-4.7019
-4.70236
-4.70175
-4.70236
-4.70175
-4.70175
-4.70296
-4.70251
-4.7019
-4.70266
-4.70266
-4.70266
-4.70311
-4.70266
-4.70221
-4.70175
-4.7013
-4.7016
-4.70236
-4.70251
-4.70266
-4.70311
-4.70266
-4.70251
-4.7013
-4.7019
-4.70221
-4.70236
-4.70281
-4.70266
-4.70206
-4.701
-4.70145
-4.70205
-4.7013
-4.7013
-4.7013
-4.70175
-4.70236
-4.70341
-4.70296
-4.70281
-4.70387
-4.70417
-4.70387
-4.70462
-4.70432
-4.70432
-4.70432
-4.70432
-4.70508
-4.70538
-4.70538
-4.70508
-3.99426
-3.99441
-3.99456
-3.99487
-3.99486
-3.99516
-3.99531
-3.99592
-3.99486
-3.99607
-3.99607
-3.99637
-3.99607
-3.99531
-3.9944
-3.99471
-3.99546
-3.99577
-3.99668
-3.99804
-3.99758
-3.99653
-3.99637
-3.99652
-3.99531
-3.99577
-3.99456
-3.99546
-3.99592
-3.99561
-3.99531
-3.99471
-3.99471
-3.9947
-3.99349
-3.9944
-3.99349
-3.9938
-3.99395
-3.9935
-3.99305
-3.99426
-3.99456
-3.99471
-3.99471
-3.9941
-3.99395
-3.99441
-3.9938
-3.99289
-3.99214
-3.99274
-3.99289
-3.99335
-3.9941
-3.99364
-3.99379
-3.99349
-3.99334
-3.99349
-3.9938
-3.99304
-3.99335
-3.9935
-3.99365
-3.99365
-3.99244
-3.99274
-3.99335
-3.99274
-3.99214
-3.99138
-3.99123
-3.99108
-3.99153
-3.99093
-3.99153
-3.99153
-3.99198
-3.99123
-3.99138
-3.99123
-3.99047
-3.98987
-3.98957
-3.99018
-3.99003
-3.98987
-3.99018
-3.98942
-3.98912
-3.98912
-3.98957
-3.98912
-3.98912
-3.98942
-3.98957
-3.98942
-3.98911
-3.98896
-3.58924
-3.58924
-3.58864
-3.58788
-3.58728
-3.58758
-3.58773
-3.58743
-3.58652
-3.58743
-3.58864
-3.58818
-3.58743
-3.58712
-3.58607
-3.58561
-3.58546
-3.58561
-3.58592
-3.58713
-3.58637
-3.58789
-3.58819
-3.58789
-3.58834
-3.58909
-3.5897
-3.5906
-3.59075
-3.59135
-3.59151
-3.59136
-3.59151
-3.59106
-3.59091
-3.59121
-3.5903
-3.59045
-3.59196
-3.59136
-3.59226
-3.59272
-3.59302
-3.59378
-3.59408
-3.59438
-3.59393
-3.59378
-3.59468
-3.59438
-3.59438
-3.59438
-3.59453
-3.59513
-3.59574
-3.59483
-3.59377
-3.59287
-3.59257
-3.59196
-3.59181
-3.59151
-3.59106
-3.5903
-3.59061
-3.58985
-3.58985
-3.58849
-3.58834
-3.58819
-3.5891
-3.58925
-3.58985
-3.58924
-3.58939
-3.58969
-3.58939
-3.58955
-3.59061
-3.59076
-3.58985
-3.5897
-3.58925
-3.5894
-3.58924
-3.58924
-3.58954
-3.58939
-3.58924
-3.58969
-3.58894
-3.58894
-3.58849
-3.58833
-3.58818
-3.58849
-3.59015
-3.58985
-3.59075
-3.5912
-3.46373
-3.46403
-3.46433
-3.46433
-3.46433
-3.46479
-3.46509
-3.46448
-3.46494
-3.46463
-3.46523
-3.46433
-3.46523
-3.46493
-3.46448
-3.46403
-3.46493
-3.46509
-3.46448
-3.46388
-3.46418
-3.46388
-3.46297
-3.46281
-3.46251
-3.46341
-3.46372
-3.46433
-3.46478
-3.46585
-3.46721
-3.46736
-3.46751
-3.46751
-3.4672
-3.46599
-3.46569
-3.46599
-3.46629
-3.46539
-3.46539
-3.46523
-3.46523
-3.46402
-3.46417
-3.46432
-3.46447
-3.46448
-3.46478
-3.46509
-3.46554
-3.46554
-3.46615
-3.46494
-3.46493
-3.46418
-3.46418
-3.46387
-3.46387
-3.46403
-3.46388
-3.46448
-3.46494
-3.46569
-3.46508
-3.46388
-3.46327
-3.46267
-3.46282
-3.46161
-3.46101
-3.46161
-3.46191
-3.46131
-3.46191
-3.46252
-3.46328
-3.46478
-3.46342
-3.46267
-3.46403
-3.46463
-3.46539
-3.46554
-3.46539
-3.46539
-3.46508
-3.46478
-3.46418
-3.46493
-3.46493
-3.46372
-3.46447
-3.46432
-3.46448
-3.46432
-3.46282
-3.46146
-3.46131
-3.46146
-3.54458
-3.54382
-3.54412
-3.54276
-3.54246
-3.54291
-3.542
-3.5417
-3.54034
-3.54125
-3.54201
-3.54155
-3.54246
-3.54322
-3.54307
-3.54322
-3.54382
-3.54382
-3.54321
-3.54276
-3.5423
-3.54125
-3.5414
-3.5411
-3.5414
-3.54155
-3.54216
-3.54201
-3.54246
-3.54367
-3.54307
-3.54307
-3.54307
-3.54322
-3.54383
-3.54337
-3.54367
-3.54367
-3.54472
-3.54442
-3.54411
-3.54427
-3.54412
-3.54427
-3.54337
-3.54337
-3.54246
-3.54277
-3.54292
-3.54231
-3.54156
-3.54065
-3.54004
-3.54095
-3.5414
-3.54095
-3.5411
-3.54125
-3.54185
-3.54155
-3.54049
-3.54019
-3.5408
-3.5408
-3.54126
-3.54156
-3.54095
-3.5405
-3.54125
-3.54171
-3.54186
-3.5408
-3.54125
-3.53989
-3.54095
-3.54171
-3.5411
-3.54095
-3.54141
-3.5411
-3.54004
-3.53944
-3.54034
-3.53989
-3.54004
-3.5408
-3.54004
-3.5408
-3.53974
-3.54004
-3.5402
-3.53944
-3.53959
-3.54035
-3.53989
-3.5411
-3.5408
-3.54095
-3.54156
-3.54095
-3.31872
-3.31797
-3.31691
-3.31706
-3.31645
-3.31645
-3.31645
-3.31691
-3.31767
-3.31797
-3.31843
-3.31873
-3.31918
-3.31887
-3.31887
-3.31963
-3.31948
-3.31993
-3.31993
-3.32023
-3.31947
-3.32053
-3.32099
-3.32114
-3.32069
-3.32069
-3.32024
-3.32024
-3.32009
-3.32023
-3.31978
-3.31917
-3.31992
-3.32053
-3.31992
-3.32114
-3.32174
-3.32129
-3.32129
-3.32069
-3.32069
-3.32099
-3.32175
-3.32175
-3.32341
-3.32341
-3.3228
-3.32295
-3.32326
-3.3225
-3.32129
-3.32174
-3.32144
-3.32099
-3.32114
-3.32128
-3.32219
-3.32204
-3.32129
-3.32159
-3.32069
-3.32144
-3.32129
-3.32099
-3.32024
-3.32024
-3.32039
-3.31993
-3.32008
-3.32174
-3.32159
-3.3222
-3.32371
-3.3228
-3.32159
-3.32189
-3.32159
-3.32144
-3.32098
-3.32053
-3.32099
-3.32144
-3.32114
-3.32054
-3.32114
-3.32129
-3.32144
-3.32114
-3.32114
-3.31933
-3.31948
-3.32039
-3.31994
-3.32009
-3.31933
-3.31978
-3.31903
-3.31827
-3.31828
-3.31888
-3.44791
-3.44836
-3.44896
-3.44744
-3.44758
-3.44849
-3.44805
-3.4476
-3.44791
-3.44851
-3.4476
-3.4473
-3.44714
-3.4476
-3.4482
-3.44835
-3.44865
-3.4479
-3.4479
-3.44745
-3.44775
-3.4482
-3.4482
-3.44805
-3.44804
-3.44834
-3.44865
-3.45016
-3.45031
-3.45016
-3.45032
-3.44971
-3.45107
-3.45077
-3.45032
-3.45137
-3.45122
-3.45107
-3.45228
-3.45303
-3.45303
-3.45212
-3.45227
-3.45258
-3.45303
-3.45242
-3.45242
-3.45212
-3.45288
-3.45303
-3.45258
-3.45213
-3.45137
-3.45107
-3.45122
-3.45107
-3.45017
-3.45017
-3.45047
-3.44971
-3.44911
-3.44941
-3.45077
-3.45077
-3.45061
-3.45106
-3.45106
-3.45046
-3.45061
-3.45152
-3.45152
-3.45243
-3.45258
-3.45273
-3.45273
-3.45408
-3.45423
-3.45453
-3.45529
-3.45378
-3.45378
-3.45424
-3.45349
-3.45409
-3.45439
-3.45364
-3.45288
-3.45213
-3.45046
-3.45
-3.45015
-3.4509
-3.45075
-3.45
-3.45061
-3.45031
-3.44925
-3.4485
-3.44819
-3.44849
-3.36797
-3.36736
-3.36736
-3.36796
-3.36917
-3.36947
-3.36947
-3.36932
-3.36917
-3.36842
-3.36811
-3.36827
-3.36978
-3.36963
-3.37084
-3.37023
-3.36978
-3.36963
-3.37023
-3.36978
-3.36932
-3.36962
-3.36917
-3.36857
-3.36812
-3.36797
-3.36812
-3.36706
-3.36842
-3.36781
-3.36902
-3.36796
-3.36797
-3.36857
-3.36978
-3.37023
-3.37038
-3.37084
-3.37084
-3.36993
-3.37008
-3.36887
-3.36842
-3.36857
-3.36872
-3.36917
-3.36811
-3.36751
-3.36751
-3.36751
-3.36781
-3.3669
-3.36751
-3.36751
-3.36796
-3.36842
-3.36842
-3.36857
-3.36917
-3.37068
-3.37068
-3.3722
-3.3725
-3.37371
-3.37416
-3.37265
-3.3722
-3.3731
-3.3728
-3.37249
-3.37234
-3.37264
-3.37219
-3.37144
-3.37175
-3.37205
-3.37159
-3.37159
-3.37174
-3.3725
-3.3734
-3.3731
-3.37295
-3.37264
-3.37144
-3.37114
-3.37129
-3.36993
-3.37023
-3.36887
-3.36902
-3.36857
-3.36857
-3.36947
-3.37008
-3.36978
-3.36827
-3.36827
-3.36751
-3.36812
-3.4746
-3.4752
-3.47505
-3.4749
-3.47444
-3.4758
-3.47565
-3.4764
-3.47565
-3.47489
-3.47565
-3.47565
-3.47611
-3.47656
-3.47716
-3.47732
-3.47671
-3.47656
-3.47686
-3.47701
-3.47776
-3.47837
-3.47943
-3.48004
-3.47929
-3.47974
-3.48004
-3.48019
-3.48049
-3.47988
-3.47958
-3.47882
-3.47988
-3.48049
-3.47958
-3.47898
-3.47943
-3.47958
-3.47973
-3.47988
-3.47943
-3.48019
-3.48004
-3.47958
-3.48004
-3.48004
-3.47974
-3.48019
-3.48019
-3.48049
-3.4814
-3.48155
-3.48034
-3.48125
-3.48064
-3.48019
-3.47958
-3.48003
-3.47928
-3.47958
-3.47928
-3.47943
-3.47898
-3.47838
-3.47732
-3.47687
-3.47672
-3.47596
-3.47656
-3.47626
-3.4755
-3.47551
-3.47415
-3.4752
-3.47535
-3.47565
-3.47505
-3.4755
-3.47595
-3.47671
-3.47671
-3.47626
-3.47701
-3.47747
-3.47656
-3.47641
-3.47581
-3.4752
-3.47565
-3.4755
-3.47595
-3.4764
-3.47671
-3.4764
-3.47655
-3.47701
-3.47822
-3.47958
-3.48109
-3.4817
